34 9
56 88
47 66
61 73
80 32
83 24
52 82
59 40
33 59
92 95
73 47
25 36
40 7
45 45
12 46
3 74
50 46
61 86
28 33
43 71
87 36
68 23
3 82
66 28
30 92
36 39
14 5
81 37
86 90
39 7
75 49
56 7
18 23
96 48
70 34
48 54
58 75
27 41
43 63
1 20
11 10
23 73
65 6
93 55
2 8
61 42
30 49
19 45
36 14
77 1
59 74
62 67
40 46
54 87
50 7
38 82
0 53
72 18
46 91
90 10
68 33
39 98
97 21
46 44
44 92
32 24
23 84
74 52
67 39
6 55
17 64
30 68
70 75
42 38
4 76
88 75
83 58
33 82
41 60
21 12
42 70
33 43
19 86
44 10
71 22
3 23
72 67
49 29
31 36
51 87
75 55
53 54
21 42
38 40
81 57
47 12
91 50
11 14
12 1
63 68
29 13
72 91
69 60
89 79
34 83
61 95
67 37
20 53
7 98
86 26
25 56
84 67
97 82
90 16
38 93
8 75
1 28
82 56
45 47
15 22
3 6
60 2
40 12
79 45
17 34
40 47
45 74
36 79
43 70
79 47
67 72
39 69
58 35
56 71
83 79
54 98
82 49
57 51
35 16
90 45
95 35
84 90
9 1
70 48
10 11
56 50
19 12
74 10
71 54
97 24
62 56
6 56
59 41
78 32
92 69
24 59
10 80
50 30
51 37
72 13
49 68
96 22
13 34
66 48
40 53
32 98
49 71
80 81
X
65 27
89 94
26 66
58 82
76 68
69 72
87 24
75 77
74 42
79 9
36 71
79 41
17 84
11 81
11 12
17 12
81 49
66 12
61 64
63 3
15 76
0 39
27 95
35 10
25 98
46 79
42 97
52 21
71 80
66 14
66 97
95 21
50 54
37 70
23 38
68 77
60 70
84 60
4 59
78 40
17 13
63 4
90 59
49 39
2 60
90 97
34 11
34 44
54 85
45 50
6 43
95 52
22 78
12 89
96 37
13 18
3 94
37 91
80 37
86 48
70 12
94 32
96 19
45 73
41 74
45 29
51 93
41 46
31 47
74 20
33 7
76 20
37 36
66 44
91 69
85 64
13 41
67 7
91 98
20 47
56 61
80 75
80 77
81 45
65 98
24 69
83 59
16 8
59 10
93 65
79 15
86 34
64 90
87 87
29 55
60 33
52 63
74 66
10 12
51 69
79 77
39 22
98 26
36 81
38 91
25 89
88 72
52 6
11 42
29 63
45 2
22 34
56 18
57 90
50 65
58 21
80 14
88 24
18 12
63 89
50 39
64 59
38 70
46 52
19 51
5 94
5 65
97 95
95 95
6 39
22 58
78 20
39 13
51 88
56 72
33 93
60 59
82 20
22 16
43 65
4 23
6 85
64 87
59 96
58 91
8 18
3 98
87 1
95 46
53 75
85 72
1 41
1 90
83 36
28 77
65 50
23 90
66 43
79 28
23 58
81 87
7 8
27 48
38 24
49 40
57 3
78 37
19 22
8 64
23 55
78 38
12 18
5 91
15 91
32 54
X
81 36
20 18
75 90
75 68
37 12
15 98
2 72
76 95
93 4
92 68
64 51
9 14
56 35
13 1
26 2
29 70
32 77
86 75
20 34
76 50
60 81
42 23
31 34
32 45
48 22
29 73
38 75
81 83
98 12
83 30
13 93
2 39
75 61
53 92
33 95
88 44
41 90
23 54
93 58
18 87
95 78
76 75
62 83
60 7
98 10
78 35
16 84
94 61
63 50
87 83
5 52
85 38
71 14
23 7
86 72
64 26
78 88
19 97
76 16
15 20
81 70
12 65
7 69
41 66
14 83
76 91
60 78
48 36
19 5
30 28
20 0
61 78
68 45
50 78
56 1
19 39
75 20
9 13
66 83
48 75
53 98
49 24
31 55
97 83
X
11 46
60 53
74 36
47 35
63 80
29 79
30 87
65 42
12 77
74 8
22 12
91 29
72 90
76 72
25 97
38 46
78 77
36 95
24 70
15 94
54 91
38 47
42 40
96 65
86 66
53 78
84 40
X
74 3
43 98
31 71
10 63
93 25
17 66
74 90
65 63
34 87
48 9
33 32
58 12
71 12
37 64
7 53
72 3
52 24
53 49
39 93
74 93
25 37
60 86
8 8
47 54
55 18
31 26
93 32
59 77
88 56
80 45
44 63
34 31
82 63
17 79
7 35
92 93
53 3
12 56
53 12
60 83
46 2
29 80
81 86
23 65
91 89
28 14
83 84
67 93
50 70
50 89
61 44
37 92
68 18
19 21
61 25
28 16
32 56
42 67
40 24
85 78
92 55
16 9
43 25
15 10
96 5
72 6
86 6
85 98
81 82
14 39
23 33
11 18
31 35
56 51
2 49
32 47
80 55
70 4
61 58
68 5
32 29
19 43
62 62
34 84
35 90
63 92
80 65
47 53
51 91
27 39
86 57
30 21
7 86
71 34
49 61
15 77
84 13
40 92
77 91
62 59
57 40
75 75
56 6
59 54
80 59
42 12
82 48
42 52
51 48
58 90
86 82
41 53
16 4
46 58
37 74
63 21
32 97
61 59
17 22
90 38
48 25
35 60
53 27
57 62
13 76
78 60
60 10
72 47
27 10
54 24
55 86
10 65
6 93
93 24
76 71
3 24
93 36
39 40
18 91
47 67
79 79
77 88
37 15
44 67
71 93
79 56
74 32
10 26
40 89
79 26
61 14
8 43
0 5
80 51
60 66
95 3
81 25
50 34
55 24
15 28
27 5
37 41
94 38
88 43
66 31
84 15
72 35
8 49
35 12
0 96
43 75
78 39
73 61
12 82
67 60
56 66
80 16
77 49
19 41
21 32
77 41
28 57
92 70
88 48
90 80
62 34
72 71
22 47
68 91
87 78
21 48
66 47
48 28
73 23
87 12
44 66
24 79
79 22
50 55
60 73
57 53
38 72
17 5
30 23
6 64
51 89
28 64
69 53
82 43
59 91
64 20
17 58
79 87
46 37
24 34
55 34
60 18
28 32
84 54
80 33
62 70
18 60
52 39
19 79
40 58
12 64
10 54
88 80
35 30
55 72
78 45
93 82
60 42
88 68
67 31
12 78
38 42
94 1
50 24
67 58
66 10
26 41
72 70
90 79
50 13
87 67
40 61
3 31
9 74
33 2
57 88
76 49
94 78
72 65
5 66
20 79
15 9
63 11
92 9
84 98
24 72
85 5
96 68
X
18 5
25 80
59 59
55 6
22 60
59 65
60 4
24 14
15 34
3 29
22 33
87 38
64 77
20 69
93 37
54 67
56 47
9 83
60 20
47 29
57 74
45 21
41 96
16 88
25 68
1 95
66 90
30 27
41 10
58 14
32 68
82 19
67 62
26 29
20 10
82 6
16 5
24 20
55 37
14 43
8 82
18 47
6 74
22 43
7 93
24 67
13 48
56 76
66 82
20 93
72 22
98 69
25 94
85 57
28 45
17 74
94 72
66 0
50 66
25 29
98 45
33 30
92 14
68 36
59 66
68 2
24 17
40 9
36 69
80 50
89 10
81 22
68 7
47 71
69 78
3 5
55 48
29 14
73 41
21 8
23 70
94 20
35 43
93 6
72 8
11 63
98 70
35 92
48 62
79 83
63 0
56 29
13 26
60 77
93 1
52 33
89 12
91 10
60 56
0 45
76 47
86 89
36 41
31 85
64 72
13 15
63 32
82 10
23 34
49 13
90 40
69 21
7 72
8 86
33 10
49 44
12 23
94 46
30 20
59 61
51 40
5 83
58 42
29 48
16 52
63 78
21 13
26 10
X
79 97
45 0
95 5
57 16
20 94
56 3
93 66
93 44
9 0
29 59
80 34
36 56
14 88
77 87
28 5
64 80
68 26
81 23
16 78
65 1
0 73
87 2
70 55
0 32
82 96
21 67
13 42
21 19
59 21
65 51
88 50
12 38
82 35
64 3
79 75
92 42
18 50
25 55
59 52
41 62
3 53
60 16
74 89
10 66
29 35
63 10
1 18
9 87
90 7
52 68
73 83
92 83
2 84
72 52
44 28
91 1
4 52
16 32
64 79
76 84
92 13
46 48
93 19
74 4
43 74
75 80
33 77
27 47
2 43
41 57
91 46
40 95
38 23
X
57 25
69 49
63 43
7 66
19 91
41 77
84 53
17 35
34 77
78 69
10 18
48 48
98 81
89 51
19 47
57 60
75 25
9 24
13 54
57 37
51 17
82 71
31 91
95 1
49 16
52 0
29 68
88 4
77 22
46 78
70 74
54 88
90 71
65 12
41 9
76 60
14 57
24 35
61 36
98 56
27 34
10 94
45 40
89 74
11 35
39 51
9 80
1 10
43 22
41 47
29 23
66 64
3 78
92 43
40 86
88 61
51 45
46 21
25 10
6 26
98 5
50 16
90 43
85 79
46 54
64 18
12 37
38 13
87 32
11 15
60 11
24 86
22 18
44 98
21 26
46 31
94 63
63 45
98 7
46 7
41 59
77 25
9 46
44 96
81 73
68 31
2 51
92 71
77 8
72 12
37 93
93 89
42 44
94 89
22 76
48 7
20 51
60 34
9 85
8 48
19 85
17 62
69 42
5 69
67 92
21 98
55 89
74 31
94 62
38 52
70 38
18 41
50 40
11 7
49 79
97 7
18 7
47 48
12 54
77 62
23 67
33 20
0 72
31 24
75 44
11 47
7 38
38 61
55 29
77 68
14 86
34 18
55 10
9 35
37 46
13 44
28 65
21 18
36 92
40 23
65 15
57 36
37 35
62 14
71 9
39 60
36 55
55 93
38 56
62 22
29 83
47 0
72 61
12 93
23 53
82 64
88 46
70 0
27 49
33 48
8 17
42 30
37 75
58 50
54 18
20 92
0 1
80 63
88 6
26 38
56 36
33 81
82 53
2 18
46 71
95 82
24 50
94 13
6 31
21 66
11 38
34 55
84 91
82 4
59 1
56 73
16 11
54 2
93 39
91 88
72 49
29 54
64 85
48 53
11 17
36 93
84 55
80 56
22 15
76 6
48 97
11 57
52 65
75 62
47 25
52 86
49 38
9 71
54 77
54 9
8 35
70 14
6 23
94 86
95 38
14 7
70 86
94 87
82 97
75 96
4 84
12 48
64 32
18 18
37 72
95 18
69 57
67 76
43 29
24 40
76 3
76 9
27 57
X
3 97
55 1
6 3
35 15
20 90
93 93
86 64
59 79
90 58
30 85
61 38
59 9
93 20
44 57
46 22
48 34
37 5
52 20
82 94
28 4
0 44
30 46
75 15
41 24
73 74
62 77
24 87
68 49
89 7
22 53
91 85
77 77
42 92
45 79
6 63
79 29
96 4
96 71
83 89
47 40
56 65
43 12
3 59
37 57
15 24
98 63
54 39
52 54
12 28
35 71
5 28
9 16
7 67
6 83
56 79
77 52
30 93
11 16
7 83
1 4
55 66
84 30
10 95
7 28
88 45
63 93
32 25
64 64
39 94
82 7
5 25
15 45
92 56
59 72
51 54
34 38
68 4
51 67
70 41
97 20
97 12
96 88
26 59
83 81
87 0
9 39
15 1
4 86
12 5
10 71
7 80
58 11
23 81
77 2
91 54
3 95
98 21
80 89
78 25
73 2
90 83
77 81
9 28
31 73
25 61
57 1
36 90
74 71
3 9
30 77
18 20
52 51
33 45
19 10
70 3
89 36
54 30
18 15
21 53
66 22
22 86
63 18
3 72
49 70
75 60
86 3
74 96
66 49
90 96
84 78
7 49
37 71
6 87
23 88
91 92
82 79
55 26
30 26
98 87
15 61
94 58
37 60
50 68
59 34
18 65
60 28
25 21
78 54
38 71
27 44
88 49
15 63
30 24
26 62
64 71
39 45
42 27
28 85
X
86 55
29 20
51 36
74 15
53 77
39 36
10 84
33 47
84 4
73 75
11 9
44 24
4 72
35 74
65 89
82 14
71 57
40 57
93 9
33 49
5 41
55 55
58 4
63 1
90 76
61 6
5 40
X
91 33
5 82
23 26
70 44
43 50
28 68
65 82
89 27
73 72
91 18
8 62
17 76
39 62
53 47
85 35
53 97
58 63
35 29
62 55
51 1
47 37
64 83
23 79
60 91
77 19
79 33
56 39
28 34
73 16
19 87
3 92
50 80
55 31
95 67
91 42
59 20
56 30
21 49
5 3
79 30
73 11
73 69
74 92
28 2
3 64
40 40
46 20
44 8
X
81 43
14 48
19 17
26 81
8 97
26 15
89 38
42 98
22 3
77 6
64 19
74 72
80 3
94 93
48 77
8 5
77 82
13 83
82 34
97 16
94 33
73 0
90 60
38 12
22 35
72 63
80 96
70 37
62 90
6 91
10 20
88 83
68 97
48 39
79 42
22 9
2 15
86 63
4 13
73 71
47 62
22 50
43 57
23 94
98 1
95 7
69 34
76 41
25 58
57 61
57 64
59 14
16 39
62 25
76 24
31 31
30 50
82 69
41 17
3 96
73 67
48 15
45 38
40 18
37 6
64 54
98 31
94 81
33 55
52 34
53 37
24 48
21 91
69 80
98 65
85 92
75 74
78 89
65 39
63 64
31 58
19 54
22 39
86 95
80 84
58 25
86 84
2 96
40 48
90 68
58 6
75 32
53 90
43 53
83 15
17 4
3 26
7 45
68 22
41 6
33 94
26 57
83 74
65 23
36 59
60 60
91 39
39 39
62 49
74 6
76 1
80 17
0 41
45 23
78 53
90 52
36 34
87 84
9 86
63 83
8 41
56 95
74 49
57 80
86 39
17 54
93 91
81 1
11 48
50 77
27 72
67 98
42 26
51 55
78 81
79 40
37 14
77 12
33 87
81 0
87 80
74 94
75 27
81 60
45 86
34 40
11 88
24 64
96 41
28 83
65 33
93 41
X
74 70
61 37
14 15
88 40
33 44
43 76
51 15
21 76
42 15
51 74
86 50
93 59
46 89
74 40
12 47
6 30
15 43
27 14
37 84
2 69
81 33
3 79
87 54
98 66
4 28
45 52
51 0
83 70
63 57
63 48
47 58
87 14
79 76
32 82
29 62
37 47
43 8
73 54
59 44
27 45
44 75
29 16
42 9
2 73
67 90
17 75
59 26
23 22
68 51
35 88
22 27
73 21
35 1
64 97
38 31
32 66
13 50
68 6
13 33
58 26
31 28
0 91
27 97
92 50
21 73
38 79
18 13
18 49
77 10
83 7
25 30
21 3
46 88
62 91
54 55
29 52
72 4
66 32
93 49
86 97
49 97
48 46
74 38
53 38
75 91
68 3
7 21
63 85
30 7
36 63
52 17
47 31
67 5
58 3
48 6
28 92
77 20
4 77
46 73
68 79
66 62
86 5
67 81
36 6
91 44
86 40
93 0
86 85
83 41
95 47
10 75
21 90
78 33
54 19
63 61
23 28
25 19
7 27
87 57
67 48
64 88
15 88
77 26
61 46
93 17
84 66
3 21
79 63
16 74
68 42
96 69
31 45
85 56
70 15
1 83
68 81
21 35
93 96
48 72
69 48
86 8
86 79
30 76
45 91
30 90
78 49
13 96
26 72
47 42
23 36
58 17
42 33
91 45
34 65
51 66
77 76
62 47
94 59
81 95
96 42
31 96
9 81
23 47
44 46
71 35
56 86
12 13
48 32
57 21
96 53
67 2
41 45
22 45
96 73
7 91
68 95
6 6
14 18
X
91 53
80 93
95 88
78 36
21 9
14 58
58 46
49 50
55 87
73 12
26 4
73 38
55 91
22 5
34 49
23 30
12 4
93 56
12 11
83 4
64 4
46 19
74 13
20 22
10 68
94 9
22 49
34 74
60 17
52 3
93 81
7 64
73 1
21 84
38 92
39 11
35 48
25 11
81 78
19 7
38 43
6 94
67 3
12 45
86 7
28 48
89 48
90 3
81 17
47 59
87 59
89 16
23 56
92 21
71 45
7 54
75 51
38 95
57 47
29 84
95 66
82 46
8 23
15 8
38 67
72 17
82 31
20 49
28 10
92 38
18 2
73 94
61 85
27 96
43 72
14 80
13 37
7 5
37 58
1 98
57 75
31 95
38 53
37 77
59 86
40 96
28 7
17 47
80 62
55 46
44 30
94 97
95 48
67 49
63 58
14 45
29 67
74 18
59 93
17 42
24 56
94 94
88 93
89 26
29 93
12 22
89 46
13 40
47 82
75 66
14 44
1 61
12 19
62 10
78 17
37 26
62 97
91 48
71 36
41 41
28 6
85 4
34 80
92 87
16 44
78 85
84 97
23 2
65 72
91 21
13 4
49 42
6 54
70 60
33 23
7 82
4 49
31 63
70 16
75 38
14 33
21 55
39 49
41 11
33 58
25 52
45 34
33 39
81 28
16 30
47 7
91 68
68 59
22 93
42 46
17 16
56 57
60 74
91 60
39 48
27 2
3 49
52 57
10 19
79 8
76 93
95 15
36 80
69 20
66 19
51 9
88 13
57 59
2 14
40 36
65 88
77 51
68 84
70 97
45 59
81 9
77 34
15 55
59 28
66 61
15 13
7 44
71 48
54 82
4 94
73 62
54 6
81 42
40 60
70 23
90 64
92 75
67 0
57 57
12 17
32 94
70 70
19 3
96 79
75 73
24 32
41 23
69 1
79 67
17 9
32 67
43 54
83 67
26 71
81 93
4 88
84 96
93 18
84 14
37 69
76 12
16 3
40 34
34 13
79 98
42 87
16 12
12 71
10 28
81 24
41 15
23 62
62 74
55 76
38 14
58 89
75 40
54 49
60 49
67 20
64 8
16 67
3 63
35 41
17 30
26 89
26 80
54 56
62 13
8 80
86 87
4 67
75 31
78 73
65 77
23 42
37 73
53 30
20 50
9 27
64 94
69 92
74 19
11 68
24 54
13 89
8 73
92 1
9 15
36 25
71 38
70 1
2 16
76 82
93 3
70 59
29 1
85 33
20 86
78 96
4 8
95 37
65 11
33 91
78 87
6 40
98 57
40 68
21 29
65 75
72 79
69 79
62 12
72 19
20 19
19 36
83 13
69 30
58 72
66 35
80 61
45 22
25 69
34 5
27 70
8 83
17 14
45 97
28 27
96 97
39 85
90 88
39 42
3 80
14 21
74 50
0 83
20 28
53 66
8 15
95 56
66 30
13 91
56 31
77 60
22 48
22 8
19 20
28 13
51 47
83 12
42 89
72 74
26 16
13 79
35 14
35 91
40 54
8 12
66 89
0 87
90 11
35 77
15 46
34 82
6 15
81 20
91 16
4 92
67 44
91 96
55 9
95 33
93 61
90 26
23 43
6 19
17 81
65 10
55 33
28 84
94 82
57 95
39 56
41 68
56 55
93 42
63 6
28 35
38 2
13 84
71 77
3 54
65 79
15 5
83 61
93 73
9 29
23 92
33 97
28 89
93 75
82 41
84 88
20 89
82 65
98 52
36 76
36 29
6 44
53 85
76 42
47 79
55 41
12 91
21 0
54 72
59 35
47 30
60 68
54 52
13 21
55 47
67 12
2 30
47 34
87 46
8 19
28 3
51 34
24 83
94 11
53 16
40 28
98 9
38 77
67 78
49 81
61 55
46 50
48 29
9 51
90 8
6 65
2 95
40 65
32 23
73 79
67 36
39 43
2 50
35 61
50 90
8 56
5 19
32 28
15 59
54 90
55 70
21 41
63 51
70 36
22 40
20 7
44 19
1 22
68 40
65 29
65 43
97 9
35 45
61 68
64 34
4 17
73 35
66 69
77 30
22 59
46 61
31 79
23 82
33 18
59 15
65 66
48 45
25 6
44 9
40 84
79 7
76 58
93 47
7 79
47 70
17 43
45 6
82 21
6 32
13 98
80 86
70 79
55 25
1 30
38 50
6 7
94 71
19 29
39 32
21 4
31 65
65 37
16 76
92 8
2 58
45 11
73 49
96 6
46 63
60 0
75 30
76 36
37 49
96 12
54 97
38 6
40 22
62 96
45 49
94 3
24 74
61 72
74 12
67 26
42 16
11 53
79 95
97 25
30 38
89 64
37 50
83 8
90 56
98 15
89 54
5 49
39 66
17 82
74 34
54 45
45 88
46 34
42 50
34 22
58 41
6 38
67 6
16 47
27 17
41 25
94 45
69 6
44 64
15 40
24 24
33 31
X
78 82
88 26
44 38
12 6
41 64
37 97
87 35
86 65
51 50
43 55
23 48
13 10
54 76
41 40
42 85
50 72
84 58
96 7
75 7
46 8
81 69
48 64
2 53
93 30
60 37
24 71
68 85
75 33
52 49
66 15
2 66
73 50
58 43
27 66
59 27
73 10
3 77
7 81
15 93
92 60
54 92
45 4
31 74
40 10
59 95
45 10
8 81
80 69
40 77
54 74
57 0
66 39
0 79
23 21
89 75
41 38
13 95
87 15
72 53
X
65 14
27 88
96 87
25 13
48 43
4 50
38 62
62 21
64 35
40 76
30 45
86 80
11 49
84 5
67 1
23 69
70 10
2 6
65 2
31 57
0 36
16 24
25 33
96 18
83 38
51 92
58 9
71 16
70 84
50 53
77 85
80 48
57 50
53 51
68 34
45 19
91 78
23 97
35 18
78 41
79 93
53 40
65 62
39 41
13 97
74 43
87 39
60 5
98 3
50 69
95 12
25 39
9 58
67 53
85 75
25 17
44 72
33 37
X
92 44
49 83
3 57
59 45
95 23
40 82
46 38
91 36
80 98
32 93
75 67
74 81
7 62
58 95
5 4
77 54
29 11
12 16
89 78
92 76
59 49
48 60
92 36
46 28
14 2
84 39
64 37
27 36
66 3
22 91
25 24
6 9
64 63
53 65
68 17
81 98
51 16
60 45
85 84
66 53
41 44
33 71
39 84
4 15
5 93
77 96
32 35
92 61
57 52
44 36
90 53
10 1
72 84
36 32
93 11
62 44
60 25
8 26
38 39
30 29
67 45
8 20
97 17
50 85
42 21
79 57
82 59
9 2
18 84
47 68
32 73
34 52
75 64
88 35
3 73
69 43
76 8
20 23
82 32
57 27
21 15
26 37
32 95
25 5
22 87
11 78
47 15
1 2
70 7
75 43
63 79
2 59
4 70
86 94
7 85
79 94
14 54
42 49
58 24
76 76
18 39
61 16
39 10
59 92
87 26
14 34
98 17
55 56
1 23
85 24
86 32
48 13
96 89
9 9
15 41
96 82
9 43
4 98
54 54
62 68
85 41
1 79
39 68
20 35
1 17
64 0
75 12
47 97
16 38
97 74
83 93
91 23
77 58
22 79
22 6
91 66
78 44
15 48
81 51
51 29
76 62
21 96
68 9
30 63
89 65
98 95
29 33
2 17
44 89
56 42
18 11
44 69
21 79
42 10
18 88
41 21
95 54
29 2
42 11
4 87
5 51
61 21
21 16
32 9
22 51
86 16
96 3
71 97
77 7
95 6
49 17
96 20
35 22
72 62
95 72
14 28
79 48
20 74
6 84
80 24
19 8
67 55
22 10
83 3
44 48
86 10
53 96
36 53
61 1
43 92
59 56
78 24
14 0
15 62
38 3
11 4
18 48
21 57
17 85
77 89
36 40
82 80
81 88
92 33
50 35
65 59
35 84
1 46
51 7
72 24
52 77
42 36
93 63
3 50
69 95
66 88
68 94
65 83
88 11
93 94
53 95
30 5
86 76
57 94
54 57
13 11
40 52
11 95
48 70
7 94
32 38
25 8
76 65
48 71
90 94
35 9
9 20
65 56
54 78
42 71
88 95
98 74
62 38
15 87
18 28
79 71
12 62
49 45
60 85
1 97
69 10
89 43
83 63
59 83
48 98
15 16
96 9
55 50
88 60
25 95
15 6
18 22
26 14
16 68
74 7
39 9
9 26
26 69
39 15
70 35
78 59
74 35
28 79
79 51
63 33
29 95
50 14
89 62
32 26
60 31
54 50
33 21
46 0
56 54
7 56
41 36
15 4
29 10
52 69
10 98
93 77
62 37
4 79
50 17
32 37
89 5
41 95
91 58
77 35
90 41
83 78
36 91
27 51
39 53
20 15
1 16
40 63
38 26
22 66
55 51
66 46
16 6
10 8
27 26
4 5
78 12
71 47
41 49
85 21
85 82
85 25
9 17
14 92
17 89
93 95
43 88
65 85
34 37
49 74
2 93
55 8
78 6
31 22
87 7
33 50
18 51
76 80
58 69
84 63
73 14
2 98
91 22
63 95
74 86
11 34
50 9
61 4
17 24
14 42
91 91
43 9
74 65
48 80
83 57
57 73
49 6
30 73
79 14
63 34
20 27
67 40
50 25
56 97
69 33
77 73
88 79
23 29
49 25
68 53
74 22
10 81
3 41
20 37
20 24
75 6
13 90
55 81
13 7
23 20
70 73
20 97
52 2
84 42
86 98
78 79
68 12
55 59
27 53
67 35
82 93
76 85
24 82
44 1
10 62
91 83
81 47
52 5
5 14
54 61
2 9
42 53
53 56
28 24
71 90
70 43
56 24
93 43
74 17
8 78
4 54
37 31
1 37
52 23
26 35
64 21
21 92
95 9
39 57
69 27
78 5
60 94
32 33
14 1
52 72
54 79
12 95
47 45
36 75
77 57
94 67
39 92
89 98
24 51
X
50 88
56 74
56 14
87 50
7 20
52 46
71 39
87 34
64 48
52 53
1 29
84 76
21 97
6 51
71 23
64 60
34 76
56 91
60 24
84 89
2 10
60 75
15 58
12 94
76 13
37 42
31 30
89 18
55 79
70 24
25 71
18 24
5 53
7 92
29 77
36 7
41 22
53 72
83 62
70 49
95 65
40 30
35 32
28 31
22 94
75 84
60 90
34 47
11 54
85 43
89 53
39 4
30 94
3 88
69 25
66 87
85 12
63 72
30 4
78 52
64 93
47 43
1 72
85 22
58 23
68 28
69 16
32 48
28 71
21 20
X
55 11
61 63
55 61
62 28
15 53
77 64
15 80
73 77
73 66
36 88
84 56
76 25
94 73
34 25
78 18
85 90
11 22
36 77
19 78
64 98
6 5
54 26
81 96
23 35
12 83
28 56
7 51
40 16
8 38
84 11
5 73
18 64
2 76
21 23
37 85
37 89
9 42
57 81
63 94
98 80
73 28
91 7
36 38
44 45
63 73
92 81
38 58
50 41
93 22
14 94
48 2
4 30
35 51
19 42
28 37
18 32
82 42
27 16
8 21
63 44
15 23
59 84
36 84
82 38
42 66
94 69
93 74
1 32
67 33
41 63
61 52
98 88
55 7
94 76
81 63
84 65
23 87
82 1
60 65
70 78
57 93
61 77
62 60
1 56
56 34
68 30
82 87
7 3
25 32
22 70
28 95
35 40
85 30
97 4
87 53
25 14
90 25
83 90
9 70
63 46
85 47
13 86
38 73
74 62
11 40
5 87
89 6
21 36
30 51
34 16
43 96
22 88
80 2
3 16
16 79
74 59
30 69
79 74
88 77
83 87
6 16
66 84
11 6
47 65
8 22
97 91
18 8
82 54
58 49
67 82
80 6
15 36
42 58
53 93
74 39
45 1
91 14
65 78
85 3
95 53
19 38
45 78
11 55
43 38
17 3
3 20
41 92
59 32
48 56
13 57
49 77
29 47
55 49
10 72
56 82
10 6
40 5
64 52
97 54
70 91
70 31
0 88
25 44
36 12
34 3
12 14
29 71
86 24
29 76
63 41
82 12
10 30
18 29
33 92
37 62
63 20
13 55
28 96
63 74
57 11
76 40
43 47
88 10
22 98
0 81
29 26
14 16
68 82
38 55
64 2
94 98
21 43
69 81
62 41
46 56
25 66
35 5
34 58
94 65
28 28
15 97
41 56
87 3
19 13
89 15
86 53
50 49
85 26
43 86
16 83
73 13
35 33
33 35
3 43
X
45 28
29 49
83 77
92 53
64 89
48 63
94 44
82 5
49 7
34 46
87 86
55 13
49 33
17 60
17 88
35 50
92 63
39 50
70 72
13 8
37 95
89 93
42 82
16 36
48 33
4 25
8 28
47 14
98 23
95 74
46 53
10 4
22 36
5 84
65 44
36 86
44 81
62 84
44 12
53 87
X
56 83
17 7
52 4
57 89
85 86
0 18
71 7
63 88
88 15
28 55
23 27
23 9
59 0
76 39
32 8
71 88
47 81
76 73
45 90
71 81
79 37
74 29
33 80
2 20
82 74
4 55
82 24
71 79
85 32
62 51
36 11
24 94
38 7
20 6
70 11
73 29
63 13
27 91
23 17
24 61
41 93
45 75
5 57
74 21
75 95
87 6
2 56
28 78
49 5
24 88
56 75
63 22
23 32
16 40
29 65
48 4
55 75
31 81
66 7
16 61
29 18
55 30
66 50
19 31
29 72
64 23
18 3
3 60
17 36
76 86
25 28
42 64
24 44
33 6
54 22
70 28
12 41
60 26
24 95
35 37
40 74
14 30
55 38
27 61
71 3
55 22
92 45
59 39
80 30
84 81
31 94
60 54
72 43
94 14
16 49
76 27
75 52
17 28
13 47
0 15
91 25
32 22
85 11
68 78
86 0
96 39
26 39
14 84
88 19
18 25
3 51
17 25
58 76
14 87
67 38
1 87
59 7
86 37
10 14
81 46
87 31
26 63
53 94
60 19
7 25
5 8
39 47
29 24
0 34
50 97
38 36
77 50
75 46
35 89
23 3
10 52
76 57
6 29
2 74
84 87
40 93
69 54
33 88
94 74
56 19
10 97
61 74
47 78
58 52
43 24
46 49
5 95
34 86
1 64
90 2
37 67
60 80
77 39
87 22
3 27
5 86
55 3
8 46
28 59
79 32
86 12
50 83
44 65
51 97
14 96
56 5
42 95
62 93
56 12
2 29
13 85
33 52
64 75
44 18
9 95
43 90
10 21
39 89
33 83
19 32
40 75
39 6
7 52
77 63
50 6
42 4
41 51
96 51
6 62
79 27
66 36
22 68
70 89
90 81
70 81
88 33
63 47
90 18
78 56
59 80
34 23
22 37
33 60
90 1
71 50
14 37
60 62
48 12
34 2
60 6
41 89
73 85
25 35
83 10
20 72
19 63
83 97
3 48
81 34
6 59
41 58
29 39
86 77
14 6
70 82
89 59
62 98
48 61
61 2
32 72
86 78
42 45
89 17
77 83
95 19
23 24
37 68
70 96
64 57
47 83
24 75
25 90
60 71
60 35
58 37
0 31
71 91
45 27
5 45
84 68
68 25
10 47
62 79
82 25
82 70
70 50
52 7
1 27
43 68
48 69
82 47
15 52
15 35
45 81
82 40
27 7
33 27
43 5
70 42
4 26
13 53
61 15
73 55
78 63
19 82
39 44
34 21
46 97
98 16
35 76
28 54
49 89
30 72
30 86
70 22
40 87
16 31
78 50
93 54
82 66
14 98
23 85
22 38
98 58
6 82
34 8
93 70
75 58
89 11
57 22
53 58
51 46
2 52
83 55
73 56
20 81
85 13
39 5
78 4
81 97
63 2
94 70
29 37
2 67
19 48
21 37
73 86
91 2
96 49
23 61
77 42
50 45
50 38
68 43
27 13
70 2
7 26
44 85
89 39
34 90
48 14
56 93
25 72
37 34
27 59
93 13
34 48
86 25
29 29
22 13
58 5
33 74
0 30
41 55
16 16
44 90
11 98
9 73
60 72
72 81
77 75
97 73
38 89
70 5
40 19
90 50
26 64
52 90
75 81
80 82
24 2
98 84
44 49
32 89
34 45
70 51
55 23
0 56
23 25
95 41
43 85
84 84
23 68
77 74
22 90
49 26
79 20
71 63
55 21
38 35
62 73
85 53
74 11
47 13
55 4
54 53
65 21
11 64
27 50
69 28
26 56
50 23
53 13
85 15
26 23
70 27
87 25
23 8
5 56
20 66
89 37
2 64
86 14
19 9
77 32
60 61
55 15
63 96
3 10
13 24
82 84
89 3
77 24
17 59
29 45
60 46
92 89
33 36
68 44
14 93
47 38
92 3
54 41
58 94
71 33
7 4
64 14
72 39
60 36
20 38
66 70
46 96
93 35
97 70
56 92
15 86
51 32
18 78
90 93
89 29
87 10
72 78
89 95
23 1
29 81
27 27
33 19
15 44
83 14
10 64
28 72
22 89
57 43
97 90
26 53
82 13
18 1
85 85
35 25
95 81
97 44
90 19
17 97
85 51
45 89
82 83
33 22
25 3
27 23
53 5
23 89
53 19
32 6
44 80
52 1
80 39
9 4
0 76
18 9
49 88
94 8
49 98
46 74
12 57
36 23
40 15
8 29
42 90
7 46
57 48
56 87
69 82
44 26
39 74
18 66
41 30
58 70
33 12
98 55
12 81
95 69
67 27
25 7
29 51
43 56
90 24
91 81
42 57
97 49
21 28
98 29
18 45
39 64
93 5
51 8
54 23
85 59
11 56
49 49
9 69
66 4
84 82
81 38
96 21
53 81
86 59
45 56
11 11
70 25
22 83
77 71
59 6
19 11
17 63
49 80
14 89
36 70
37 39
58 2
82 86
4 95
78 78
16 58
13 73
59 75
0 61
76 46
2 54
31 3
58 39
25 76
0 75
20 56
45 66
19 25
56 13
35 26
58 16
96 47
82 89
60 14
70 80
46 86
58 67
76 55
69 44
41 50
84 35
22 75
94 88
53 11
72 77
81 77
52 75
34 29
78 48
61 17
29 31
43 26
90 77
82 67
79 81
22 4
63 38
41 5
93 21
29 98
92 24
88 59
58 34
23 75
16 93
32 39
6 27
27 38
30 81
76 37
40 85
72 48
22 26
75 65
54 68
75 76
2 77
56 20
45 13
54 14
98 90
32 43
89 49
96 78
59 16
15 95
23 80
28 44
66 78
5 15
10 2
36 48
75 11
1 91
27 60
30 71
38 48
7 88
20 36
71 56
41 13
1 81
57 79
92 19
91 84
55 45
87 73
11 8
54 75
26 17
1 78
66 85
2 71
8 31
34 85
81 14
28 49
20 4
15 33
60 51
43 11
66 6
20 84
76 74
40 98
27 56
91 49
80 71
61 51
97 37
54 48
13 81
47 16
18 44
22 42
83 6
80 74
82 98
62 45
35 83
60 15
63 5
21 44
59 60
9 79
45 57
50 37
53 20
65 49
69 19
97 48
41 28
20 55
73 59
93 83
45 70
17 19
61 75
17 73
33 72
19 16
29 28
14 22
20 31
50 67
87 97
10 16
72 55
70 68
16 60
61 80
73 87
91 76
94 96
24 58
24 6
78 51
36 72
53 73
52 22
4 73
53 7
12 84
64 10
45 55
93 79
77 29
85 7
91 62
46 98
44 97
38 97
87 66
31 25
76 14
48 35
7 15
14 77
20 44
97 47
39 79
46 95
47 5
21 83
6 53
70 17
70 66
83 53
2 80
87 47
17 20
64 6
15 90
55 65
22 81
62 27
93 14
22 72
13 5
40 91
57 63
70 98
82 44
82 95
97 71
43 46
95 16
71 58
7 40
21 47
66 16
89 50
15 17
X
28 38
86 58
19 76
96 13
60 76
70 26
10 29
40 32
33 34
31 29
41 69
10 51
10 83
13 45
79 39
72 0
68 19
24 16
50 96
46 33
75 22
31 88
29 50
97 81
69 41
54 81
7 36
36 8
48 66
4 69
94 0
87 75
24 63
46 82
51 6
40 69
95 80
36 66
44 78
72 56
81 30
91 32
61 61
1 63
10 45
20 77
95 96
19 4
43 36
83 5
23 50
81 61
89 32
28 30
86 42
3 25
73 92
39 82
92 48
65 76
13 16
97 2
49 34
47 56
17 11
12 25
60 79
17 46
12 90
48 74
75 83
32 57
11 37
47 4
79 6
91 97
84 64
31 90
37 54
95 44
70 69
71 70
24 96
17 8
76 11
13 87
91 51
58 36
65 48
74 85
58 45
38 86
2 22
75 14
9 98
71 11
89 73
61 22
81 89
27 62
85 37
62 42
47 60
62 53
60 38
84 12
76 96
38 78
79 52
40 50
47 36
78 62
37 8
24 60
49 69
90 78
80 27
61 47
50 76
89 66
59 67
82 50
16 98
68 88
63 49
62 26
37 53
91 43
79 38
28 29
90 14
89 76
39 23
25 4
9 66
78 19
39 25
56 0
42 96
67 84
82 52
44 52
16 42
81 2
41 70
X
8 13
11 62
23 11
95 98
4 97
28 80
91 55
80 57
41 65
76 35
67 85
18 73
35 20
85 45
73 73
35 94
24 84
57 76
40 41
37 32
17 83
53 0
46 57
94 54
1 47
94 5
30 70
3 52
16 37
34 94
22 55
46 72
14 91
3 14
58 19
45 33
13 17
13 38
66 38
90 62
54 73
79 68
21 70
57 23
29 57
98 73
94 37
45 24
66 8
75 59
73 39
35 21
24 57
52 58
86 49
45 95
61 60
56 58
30 12
50 15
69 31
1 6
63 66
93 64
82 85
66 25
41 98
94 30
7 74
20 46
46 35
49 63
49 3
4 27
82 75
79 80
89 67
90 30
5 80
28 8
58 55
42 32
22 56
54 66
81 68
73 76
24 15
77 23
90 55
60 55
33 16
56 43
90 87
29 6
26 95
8 79
98 20
71 5
13 71
78 55
39 97
80 83
12 42
59 55
46 45
12 7
15 54
93 71
43 39
58 66
20 39
45 20
2 83
85 36
11 24
29 22
40 27
82 0
91 24
27 8
78 80
98 13
33 40
42 65
18 74
97 23
96 38
59 4
23 31
78 16
67 87
80 25
24 26
95 64
96 91
66 26
67 80
13 6
59 5
76 21
57 2
14 38
66 9
38 84
34 73
13 43
71 21
89 41
90 12
47 33
23 52
94 23
52 38
94 66
20 14
52 88
15 56
89 2
70 33
14 82
78 47
53 23
2 28
63 65
35 59
98 75
97 80
1 89
38 64
94 36
11 59
13 70
76 29
59 46
85 77
81 65
77 27
69 5
65 0
48 37
83 20
87 55
8 47
29 69
32 74
56 23
23 37
55 90
13 72
24 21
9 18
78 8
80 20
52 18
68 80
90 70
16 14
46 32
88 41
36 44
61 24
88 86
55 32
81 48
13 92
47 21
76 67
0 71
60 32
69 59
87 9
13 13
66 20
58 18
7 6
92 25
89 45
1 11
60 84
1 53
46 1
2 27
65 46
4 57
4 16
86 86
11 1
78 86
43 93
49 56
21 22
64 65
11 58
61 65
12 87
88 66
97 8
8 44
16 90
67 21
12 21
64 38
93 98
24 80
8 67
48 68
43 95
62 52
96 70
11 2
81 85
67 57
43 4
21 82
39 52
11 61
68 48
55 92
21 69
76 7
36 74
56 56
69 35
47 27
67 32
26 98
66 42
55 60
14 19
71 71
37 7
20 13
56 16
81 62
75 57
9 64
72 58
80 60
26 68
29 44
66 65
5 26
88 73
80 26
35 70
81 32
57 82
59 42
10 43
3 84
29 17
19 49
74 83
7 37
56 59
51 33
45 12
71 66
35 2
66 93
55 97
58 53
71 6
0 54
74 26
90 37
24 53
79 21
48 24
10 78
56 84
1 96
71 29
89 69
69 3
83 60
1 3
88 98
33 90
12 76
95 71
56 25
61 98
97 26
62 76
40 29
71 72
51 35
92 78
92 12
18 59
3 58
58 10
45 65
61 27
75 42
51 49
85 8
67 63
4 20
28 60
0 95
95 43
76 77
73 40
11 43
12 80
8 50
79 46
41 52
80 44
16 53
95 17
17 18
26 13
65 16
18 98
23 59
19 84
66 77
19 28
59 38
92 66
76 28
26 82
11 13
85 63
97 22
73 4
46 39
6 48
69 51
39 12
65 91
75 71
48 0
34 43
39 46
16 22
0 55
45 18
24 89
50 32
22 17
80 18
51 73
75 35
64 49
90 29
40 67
25 74
84 29
53 2
65 38
89 35
71 96
70 85
10 86
17 45
91 19
15 47
82 60
30 67
60 58
42 35
41 29
34 72
14 41
28 61
89 19
31 67
54 51
53 21
1 82
54 65
55 73
41 19
88 1
88 57
24 3
39 8
11 50
96 46
54 12
55 95
33 9
88 88
91 63
47 46
93 12
78 14
45 42
46 66
72 76
85 52
13 28
47 26
98 76
80 23
65 7
12 55
46 83
7 75
80 35
39 26
31 37
18 63
45 94
8 16
4 78
19 30
88 18
40 20
53 14
58 51
32 30
47 28
50 50
65 35
40 25
45 37
71 44
34 12
37 9
17 68
77 21
88 54
61 43
44 86
83 19
52 61
4 6
78 58
48 26
17 48
84 41
26 7
5 23
14 10
68 21
41 85
11 85
84 7
78 7
74 95
26 73
36 26
68 90
42 88
40 35
43 27
30 98
9 8
82 88
31 66
49 9
68 96
38 65
7 33
57 98
80 67
30 96
42 77
45 26
67 88
42 72
30 43
30 52
73 51
6 95
14 36
25 88
38 4
35 44
X
90 15
38 8
91 95
16 48
34 10
24 47
18 17
75 89
89 34
22 52
31 86
29 86
22 31
69 94
91 34
88 8
19 83
57 91
15 37
66 21
46 47
61 28
57 38
28 62
69 23
16 46
52 8
31 75
42 25
64 70
60 22
94 41
88 47
16 7
20 41
58 15
88 32
42 5
63 70
73 17
72 85
40 44
50 42
7 65
46 59
13 75
36 94
2 81
47 1
94 12
3 15
12 15
83 56
70 39
X
4 80
3 46
34 50
X
28 94
59 25
38 68
78 15
68 92
92 20
18 82
24 93
52 48
67 11
96 58
90 61
87 88
44 77
95 39
89 31
73 27
76 45
26 34
76 89
27 4
62 61
24 36
52 91
38 44
67 4
69 9
35 3
25 96
39 3
8 10
91 90
25 83
52 19
67 89
58 64
90 4
39 91
3 42
90 95
87 98
11 3
80 78
91 67
98 47
66 1
72 34
56 49
82 57
83 43
74 14
49 95
62 86
X
91 5
31 33
28 75
79 17
6 8
42 31
18 19
77 53
65 69
10 57
47 52
X
13 82
27 37
6 4
71 17
98 32
70 63
60 92
96 96
6 41
48 40
95 87
90 9
12 79
69 24
84 61
34 17
78 13
63 31
54 25
17 41
27 74
8 98
69 89
20 87
10 39
67 22
35 93
29 53
70 87
56 44
17 87
13 27
25 57
32 86
93 68
8 30
57 35
69 50
43 67
32 2
16 59
95 57
72 94
55 71
22 19
36 78
56 10
46 27
16 77
8 89
27 6
23 83
94 91
24 97
0 80
41 12
42 24
46 13
44 42
10 22
44 55
96 80
64 17
10 58
37 48
70 65
25 26
92 65
58 7
96 95
17 50
18 40
0 35
39 73
29 64
32 84
79 35
88 2
25 73
98 11
56 90
92 7
63 87
68 15
81 59
85 39
48 5
22 54
50 81
71 55
32 79
63 59
10 9
19 72
0 98
19 92
37 4
38 21
11 26
52 89
20 30
81 71
9 5
20 57
24 29
86 47
62 48
21 5
73 60
96 43
63 56
45 41
71 69
36 97
67 30
12 9
42 51
10 56
59 17
64 50
71 51
0 97
72 10
77 28
93 7
53 44
93 92
50 84
24 23
83 83
7 48
62 92
45 87
43 41
88 76
86 27
22 30
24 55
61 57
25 20
3 8
7 55
85 10
31 92
76 23
45 58
13 12
51 30
89 40
24 91
97 14
24 52
57 15
96 67
71 75
18 81
44 47
17 38
32 88
18 89
12 98
34 20
9 77
X
19 6
41 48
31 23
89 68
17 51
69 96
47 22
72 59
76 52
33 26
71 73
83 76
69 98
49 54
94 10
28 36
49 11
43 1
48 30
24 13
32 20
27 33
45 31
69 26
56 64
74 48
53 8
81 84
26 55
70 32
39 21
81 44
78 68
38 34
58 65
6 66
64 61
75 17
47 50
60 23
49 15
84 36
85 91
47 51
63 69
29 96
37 61
94 68
61 54
88 39
83 25
49 43
45 8
84 59
29 3
9 44
15 39
92 2
34 81
40 97
66 27
88 74
63 71
87 68
72 14
29 30
64 76
80 36
44 95
44 37
50 73
61 12
33 14
14 90
59 71
86 33
56 68
26 26
93 67
5 6
23 91
73 3
14 26
94 7
29 87
2 11
93 90
91 57
20 52
88 5
35 47
94 64
76 54
31 93
11 21
58 0
72 97
17 15
68 11
50 79
49 37
55 12
26 25
76 64
54 4
26 70
47 32
83 2
29 5
74 30
0 37
24 62
82 18
16 21
81 4
41 87
35 46
11 27
42 19
37 40
80 49
32 58
76 53
20 26
67 43
28 50
91 82
96 52
9 97
67 25
66 58
9 84
92 88
56 45
53 59
31 43
47 6
43 18
68 56
37 90
44 5
15 14
51 18
92 17
48 96
66 92
46 40
97 38
65 71
71 62
61 10
4 66
78 71
84 43
72 60
1 74
74 54
8 85
46 46
57 92
98 77
86 1
84 26
38 5
23 86
23 95
77 36
91 94
73 65
82 8
34 33
18 26
73 22
53 48
9 22
79 73
19 65
32 87
64 9
69 15
53 57
29 32
36 30
61 45
9 94
29 94
12 12
25 25
75 19
13 14
35 72
7 41
57 72
86 38
87 44
62 33
18 35
35 19
55 0
12 2
40 64
59 3
2 41
68 83
7 57
46 24
22 84
87 81
6 92
14 12
21 38
6 50
6 81
78 57
44 13
96 83
24 73
38 90
42 54
82 68
66 5
64 78
3 69
30 62
15 11
14 72
68 50
37 25
25 84
30 66
83 11
24 90
84 27
53 28
22 25
83 42
73 58
52 84
32 4
23 39
X
25 2
78 23
76 19
68 8
53 26
72 15
74 74
64 5
81 53
28 81
50 52
75 85
72 2
1 21
11 79
10 27
34 98
54 32
73 91
36 73
96 50
76 10
80 52
87 30
30 65
52 70
X
55 16
63 36
24 1
78 67
71 68
42 17
82 30
63 53
7 16
37 59
60 93
31 72
41 79
91 70
32 78
75 26
75 28
16 55
63 75
70 88
67 61
60 1
2 48
9 61
64 53
25 59
20 73
96 45
35 38
41 37
39 29
57 34
36 60
85 66
59 22
39 83
72 73
1 15
41 7
80 9
97 10
88 92
86 91
41 31
5 27
58 88
20 29
51 82
98 2
13 78
21 56
55 64
95 14
52 26
72 93
32 44
57 44
19 94
31 44
17 52
64 36
65 58
81 31
44 29
98 25
65 70
53 45
87 43
97 0
38 15
65 8
22 23
5 67
74 23
74 57
4 53
4 93
68 89
12 50
49 73
79 12
28 69
52 30
31 89
47 47
20 45
88 25
71 67
23 63
74 61
69 84
39 96
70 21
1 73
54 16
97 32
17 49
51 65
7 22
57 84
54 71
95 97
96 29
18 83
20 9
13 2
36 36
31 77
15 32
65 20
13 32
35 98
21 86
81 26
11 20
81 66
16 28
34 39
3 18
79 34
78 61
47 98
89 81
2 55
47 9
2 61
56 9
66 80
68 60
4 12
34 93
25 60
49 52
51 72
24 11
5 50
27 25
97 69
21 81
14 71
73 53
34 26
29 78
95 90
11 93
64 22
93 38
40 62
53 68
93 15
74 73
61 62
16 75
15 82
81 76
83 45
47 11
37 79
85 83
47 41
63 55
55 96
25 15
2 63
92 47
11 87
75 82
31 62
83 95
94 84
39 65
34 30
53 22
32 65
13 46
44 68
85 27
9 19
56 53
51 84
28 39
83 37
45 30
79 69
25 53
94 35
11 94
72 33
80 66
1 31
56 62
61 7
1 40
70 62
69 40
26 44
60 69
31 54
18 43
2 82
44 27
70 6
67 19
5 74
62 95
82 3
29 46
92 49
89 4
43 10
21 78
28 23
54 47
79 58
21 68
52 37
92 79
71 28
26 45
77 84
16 10
82 73
53 18
2 86
82 26
36 13
41 61
88 82
24 98
85 74
89 60
94 77
89 83
42 42
32 27
16 23
21 51
71 49
5 7
34 92
63 60
51 19
81 7
50 62
55 39
50 91
4 4
56 70
35 39
46 81
14 9
77 93
38 20
91 35
10 61
75 72
81 79
48 38
30 2
80 22
23 74
88 67
46 41
21 31
69 55
42 63
58 80
82 36
2 92
79 82
2 12
52 59
46 64
48 47
24 41
9 10
26 60
96 0
85 76
91 59
60 21
33 78
56 81
93 33
45 54
20 8
55 43
79 31
69 90
42 47
18 54
61 50
31 5
56 38
86 15
63 15
50 82
64 7
98 82
84 83
26 88
44 4
73 84
27 71
62 64
X
94 95
6 70
94 57
17 40
66 41
10 10
19 50
55 19
5 64
62 54
41 16
5 29
50 31
24 12
68 70
70 93
12 24
48 16
89 42
77 38
53 55
55 57
55 58
92 46
35 31
98 37
54 69
4 14
96 57
39 54
44 53
36 43
X
86 4
47 24
5 92
85 96
33 29
22 41
92 10
53 6
1 60
22 7
25 16
56 96
43 20
82 2
63 12
74 75
95 59
9 82
83 26
76 66
65 22
25 34
67 42
44 41
49 47
6 25
11 80
1 77
87 4
64 39
0 29
27 11
98 83
97 15
6 60
63 86
95 40
7 34
43 51
98 85
95 84
78 9
35 17
21 11
3 66
36 49
50 47
22 24
89 8
83 35
28 70
73 48
74 87
21 50
89 47
62 11
89 84
24 81
55 80
48 11
84 16
22 44
83 9
95 8
20 33
5 30
59 58
8 71
22 28
10 40
77 90
15 19
58 13
63 14
1 42
92 77
10 82
16 18
3 40
30 79
10 59
96 54
84 37
19 40
83 73
84 23
33 51
50 75
38 49
71 13
92 11
74 60
45 92
88 16
49 27
9 78
7 19
51 76
18 30
45 25
44 73
77 59
84 9
76 87
43 28
46 30
11 23
96 74
54 21
87 40
52 66
44 6
16 63
56 41
22 20
96 23
3 70
32 46
54 8
39 72
91 13
14 73
35 82
72 92
16 94
77 14
59 37
10 55
17 98
90 66
47 55
46 77
6 57
38 25
23 6
36 85
15 18
55 78
19 96
75 48
57 65
0 60
86 43
49 32
17 61
35 24
43 64
36 87
77 86
26 8
44 21
67 59
89 52
92 85
12 0
33 98
27 73
52 78
26 28
37 65
82 9
40 31
93 45
78 74
40 79
93 48
32 69
54 3
34 88
14 11
86 45
74 69
74 84
77 0
56 69
48 17
85 50
2 79
32 5
26 91
74 91
32 36
55 85
97 6
72 96
51 68
59 50
56 94
91 12
13 80
65 9
19 66
53 1
14 14
19 2
18 58
54 60
46 65
20 76
88 81
3 93
24 25
46 67
78 43
61 66
79 19
33 25
38 9
1 76
43 58
79 16
46 29
10 96
88 12
49 41
81 56
89 88
49 62
26 3
84 8
87 45
46 62
88 87
70 83
93 97
27 12
12 88
80 29
38 76
0 4
71 74
64 16
72 7
77 46
80 8
60 57
38 96
43 37
96 66
72 54
23 41
2 57
30 95
31 21
69 36
51 38
61 90
60 50
83 85
22 77
0 16
32 75
45 98
34 89
76 51
71 32
13 23
24 19
84 74
49 72
15 12
40 4
89 80
29 7
92 39
32 32
98 22
23 96
10 3
58 97
94 22
65 57
23 51
95 45
12 68
8 69
91 30
89 55
69 91
67 24
41 35
47 96
20 78
96 72
57 87
74 51
92 34
52 28
28 25
62 32
74 98
76 48
30 78
27 35
28 46
53 63
65 32
18 31
16 20
23 12
40 51
56 17
25 67
20 40
9 11
35 6
57 71
83 68
83 29
62 66
91 41
43 34
39 90
43 23
16 54
56 22
76 59
52 14
45 35
77 55
51 71
88 3
11 36
39 14
68 24
62 58
55 62
95 79
51 3
81 35
41 4
22 21
92 82
64 69
90 51
69 12
81 19
94 75
75 53
47 64
16 92
35 4
85 14
48 83
12 97
29 4
74 41
10 0
22 29
54 15
20 43
51 2
57 56
54 43
73 43
33 86
53 67
93 87
71 43
35 62
49 51
42 76
1 44
25 91
16 81
24 30
52 40
61 69
23 78
63 84
9 47
52 15
94 48
20 21
68 16
73 24
85 34
37 37
20 25
72 51
28 93
86 92
19 81
81 18
41 54
49 75
18 85
34 19
30 37
31 8
91 71
11 86
45 72
4 74
29 12
79 86
8 52
11 44
52 73
46 36
65 41
55 14
86 41
62 39
7 70
92 23
94 92
33 73
18 90
36 54
95 13
13 94
26 32
26 54
6 37
48 27
2 4
56 21
62 85
18 37
79 59
80 38
8 45
43 42
23 66
77 45
8 66
66 63
50 5
15 27
64 47
7 97
64 96
61 23
71 8
44 56
95 91
11 45
65 97
58 78
37 96
46 69
59 78
86 9
7 59
44 88
32 85
34 75
76 2
25 43
32 83
X
82 23
20 11
83 65
79 18
18 72
22 57
91 47
65 47
12 27
0 92
49 55
33 15
86 74
81 52
84 3
79 23
2 42
44 23
66 79
9 96
6 22
11 65
89 70
68 41
17 44
45 3
21 33
16 45
10 74
40 21
78 94
29 25
85 73
79 44
94 42
25 42
61 49
43 21
47 10
45 5
25 18
87 8
65 96
83 44
82 92
16 82
39 24
78 75
49 53
81 92
87 95
80 31
71 78
14 76
48 42
5 90
29 75
89 30
86 28
26 36
35 69
69 61
74 16
28 63
47 2
75 54
82 15
48 8
80 95
19 64
19 34
67 70
47 49
66 2
27 28
57 29
56 37
71 64
77 3
42 41
18 38
15 89
34 4
8 51
92 52
80 88
21 45
56 8
77 80
0 82
74 33
19 37
48 95
14 55
9 63
87 27
91 80
13 19
11 19
95 68
50 71
38 32
3 68
72 68
38 85
88 42
54 20
0 89
56 2
58 71
29 36
33 79
20 48
13 0
53 50
59 33
30 39
56 4
66 60
18 34
15 7
33 65
80 43
71 10
11 25
34 32
7 84
61 70
40 90
29 74
49 46
49 12
X
30 6
21 14
59 62
80 4
60 67
52 50
70 8
14 8
31 46
6 88
76 61
12 10
4 68
96 98
93 88
95 20
85 40
86 35
24 49
61 39
64 43
52 29
21 7
20 54
93 46
54 93
57 9
85 28
39 33
77 16
68 57
19 33
28 12
35 7
10 46
81 3
93 69
81 50
70 19
50 3
97 18
23 23
24 10
58 77
4 21
92 67
64 92
71 95
88 78
25 75
35 8
60 3
83 39
96 16
25 45
22 32
23 93
60 64
1 5
42 8
79 62
59 48
96 1
19 53
63 52
91 74
63 76
70 9
50 33
73 18
96 2
53 91
53 4
44 71
37 13
92 62
91 37
38 74
29 8
10 17
42 93
20 32
34 6
48 55
23 19
10 67
13 20
31 87
20 80
91 26
84 85
11 5
16 89
23 49
98 8
85 1
X
79 49
76 44
33 84
33 3
74 58
8 84
49 14
80 97
64 11
19 44
76 22
27 54
78 21
65 5
5 70
51 28
70 76
67 29
8 87
63 7
91 61
20 96
9 57
68 37
27 55
89 56
29 43
26 9
34 14
97 13
26 97
78 83
85 9
94 2
15 15
78 64
14 56
66 91
53 46
10 77
87 65
36 46
74 24
96 90
19 73
31 4
87 11
22 73
92 54
35 75
48 59
49 82
22 0
87 48
94 79
9 12
1 7
75 39
36 33
90 17
62 69
75 8
98 18
91 56
85 89
13 49
58 81
6 58
36 47
37 78
95 4
75 50
59 85
X
67 91
90 32
3 17
50 26
84 44
4 83
45 63
7 13
42 91
55 74
64 62
59 12
6 42
40 49
76 38
76 43
51 96
66 11
0 74
56 89
87 82
12 72
70 54
13 35
68 14
59 76
55 40
42 37
65 52
32 40
89 44
42 48
73 93
5 85
55 17
64 84
39 58
24 78
98 67
32 7
51 56
28 11
81 94
46 80
77 44
53 53
80 64
20 83
33 33
31 27
56 80
3 28
21 80
18 16
59 70
60 43
24 43
79 36
71 87
34 34
37 63
5 43
57 69
84 38
40 55
94 80
71 65
16 19
34 28
71 89
27 92
88 17
92 90
81 58
56 85
54 13
19 52
36 89
8 27
36 31
38 57
9 21
95 58
94 47
43 19
4 65
24 85
75 45
82 29
18 42
41 91
5 44
15 21
3 83
77 9
2 40
61 94
60 30
81 8
51 20
44 25
66 29
81 13
31 68
7 43
81 41
83 82
31 69
69 2
34 24
94 15
34 79
11 41
40 72
48 51
50 2
46 11
93 53
52 16
65 36
8 7
91 64
58 47
37 11
90 89
49 10
48 52
55 63
56 15
9 3
80 42
60 41
50 74
73 70
72 57
44 40
65 64
38 69
70 77
57 10
89 71
60 13
21 94
6 69
16 15
77 43
45 32
16 62
90 48
32 90
81 74
42 73
65 4
17 31
87 77
26 5
96 92
57 20
41 76
44 20
59 23
23 4
1 45
93 78
10 13
81 27
49 48
90 82
47 84
55 44
43 91
22 97
90 31
62 94
64 58
52 55
94 90
39 55
52 67
27 63
28 87
27 21
12 86
17 23
56 63
85 29
12 70
21 25
98 64
2 78
46 9
46 6
40 11
22 82
14 40
69 17
68 35
28 15
33 89
17 32
17 67
40 3
80 94
5 16
77 47
54 94
33 17
65 17
80 46
48 10
14 53
78 22
54 10
33 96
35 11
1 39
72 9
5 39
62 15
9 72
55 82
29 66
30 74
37 24
76 0
46 26
61 26
13 88
21 72
65 86
30 47
43 66
92 57
17 78
60 12
92 84
10 70
68 93
63 77
12 63
58 48
91 65
71 20
31 39
76 15
41 97
57 70
85 54
19 46
34 56
18 10
48 31
9 41
2 87
15 92
43 33
10 73
19 24
63 39
69 47
54 96
98 24
35 13
70 61
9 52
47 57
57 54
3 56
57 66
9 7
25 54
63 97
84 57
46 25
64 12
57 30
59 51
93 23
23 10
47 44
69 97
26 18
62 46
55 2
94 55
38 94
48 67
95 51
28 17
89 92
76 34
20 12
58 79
52 27
67 34
12 92
64 28
61 71
67 79
97 11
X
15 42
92 32
92 15
38 51
97 31
60 39
44 76
63 37
57 17
0 40
75 13
96 40
4 22
15 3
20 20
83 23
97 89
38 98
6 86
12 53
88 84
36 50
46 10
93 57
59 90
19 74
83 40
80 73
9 6
30 48
66 17
73 81
1 69
34 78
78 29
64 13
82 91
55 77
35 49
20 42
64 86
29 27
14 47
45 46
22 96
41 18
5 5
X
62 75
81 6
81 75
5 54
32 80
57 42
84 77
36 9
80 47
33 4
87 21
8 72
86 96
68 58
89 82
7 73
85 49
16 87
43 35
82 11
65 19
6 75
17 37
30 44
72 25
57 14
95 36
38 22
27 24
21 34
63 98
92 96
81 64
14 46
97 58
72 66
5 46
23 60
53 82
6 18
86 88
2 5
8 9
67 47
91 87
36 10
30 11
36 62
71 24
80 76
52 45
26 11
80 54
50 87
9 67
58 73
73 37
25 64
68 27
39 59
57 55
76 94
66 45
79 53
92 22
58 56
83 91
28 66
5 22
14 35
47 69
39 61
85 97
52 25
33 85
79 54
0 94
1 75
24 4
50 43
40 26
58 74
80 15
3 81
47 63
1 71
59 69
1 55
88 65
43 94
25 38
97 53
87 41
27 64
86 56
96 14
37 33
84 28
54 46
97 3
9 75
82 37
78 30
5 89
35 52
56 78
97 30
89 24
83 52
14 70
58 1
59 19
8 88
92 98
33 28
68 72
8 14
54 89
56 46
67 56
75 10
69 62
32 34
22 22
72 29
93 72
3 67
16 43
89 33
36 45
62 57
90 49
35 86
61 56
70 13
2 97
91 38
22 85
64 66
92 18
9 65
61 67
21 24
42 18
30 1
57 83
21 93
15 96
4 56
55 36
66 98
4 24
94 49
56 40
11 0
91 3
68 55
67 8
53 71
78 46
78 34
29 38
19 23
44 54
91 79
54 7
2 94
36 35
30 91
43 77
57 18
93 16
3 7
37 87
19 15
87 49
6 89
39 34
15 26
69 58
69 83
82 90
24 66
19 19
47 39
92 51
33 24
57 24
83 96
54 95
34 97
45 9
0 12
98 86
61 76
79 43
87 72
95 92
55 88
54 63
92 58
77 17
15 49
67 69
14 32
4 46
67 28
58 22
91 9
82 33
45 64
90 42
82 82
35 34
89 25
28 20
44 79
14 81
9 30
98 89
71 61
21 30
85 95
8 6
75 78
77 4
31 80
7 18
85 42
71 46
18 76
33 66
54 70
39 20
54 59
29 85
85 80
55 68
10 44
53 52
8 61
51 53
59 57
49 76
24 33
61 84
88 7
8 63
10 85
25 23
63 8
43 89
17 69
43 6
87 42
79 85
X
X
X
X
X
X
X
X
X
X
X
X
X
X
X
X
X
X
X
X
X
X
X
X
X
X
X
X
X
X
X
X
X
X
X
X
X
X
X
X
X
X
X
X
X
X
X
X
X
X
X
X
X
X
X
X
X
X
X
X
X
X
X
X
X
X
X
X
X
X
X
X
X
X
X
X
X
X
X
X
X
X
X
X
X
X
X
X
X
X
X
X
X
X
X
X
X
X
X
X
X
X
X
X
X
X
X
X
X
X
X
X
X
X
X
X
X
X
X
X
X
X
X
X
X
X
X
X
X
X
X
X
X
X
X
X
X
X
X
X
X
X
X
X
X
X
X
X
X
X
X
X
X
X
X
X
X
X
X
X
X
X
X
X
X
X
X
X
X
X
X
X
X
X
X
X
X
X
X
X
X
X
X
X
X
X
X
X
X
X
X
X
X
X
X
X
X
X
X
X
X
X
X
X
X
X
X
X
X
X
X
X
X
X
X
X
X
X
X
X
X
X
X
X
X
X
X
X
X
X
X
X
X
X
X
X
X
X
X
X
X
X
X
X
X
X
X
X
X
X
X
X
X
X
X
X
X
X
X
X
X
X
X
X
X
X
X
X
X
X
X
X
X
X
X
X
X
X
X
X
X
X
X
X
X
X
X
X
X
X
X
X
X
X
X
X
X
X
X
X
X
X
X
X
X
X
X
X
X
X
X
X
X
X
X
X
X
X
X
X
X
X
X
X
X
X
X
X
X
X
X
X
X
X
X
X
X
X
X
X
X
X
X
X
X
X
X
X
X
X
X
X
X
X
X
X
X
X
X
X
X
X
X
X
X
X
X
X
X
X
X
X
X
X
X
X
X
X
X
X
X
X
X
X
X
X
X
X
X
X
X
X
X
X
X
X
X
X
X
X
X
X
X
X
X
X
X
X
X
X
X
X
X
X
X
X
X
X
X
X
X
X
X
X
X
X
X
X
X
X
X
X
X
X
X
X
X
X
X
X
X
X
X
X
X
X
X
X
X
X
X
X
X
X
X
X
X
X
X
X
X
X
X
X
X
X
X
X
X
X
X
X
X
X
X
X
X
X
X
X
X
X
X
X
X
X
X
X
X
X
X
X
X
X
X
X
X
X
X
X
X
X
X
X
X
X
X
X
X
X
X
X
X
X
X
X
X
X
X
X
X
X
X
X
X
X
X
X
X
X
X
X
X
X
X
X
X
X
X
X
X
X
X
X
X
X
X
X
X
X
X
X
X
X
X
X
X
X
X
X
X
X
X
X
X
X
X
X
X
X
X
X
X
X
X
X
X
X
X
X
X
X
X
X
X
X
X
X
X
X
X
X
X
X
X
X
X
X
X
X
X
X
X
X
X
X
X
X
X
X
X
X
X
X
X
X
X
X
X
X
X
X
X
X
X
X
X
X
X
X
X
X
X
X
X
X
X
X
X
X
X
X
X
X
X
X
X
X
X
X
X
X
X
X
X
X
X
X
X
X
X
X
X
X
X
X
X
X
X
X
X
X
X
X
X
X
X
X
X
X
X
X
X
X
X
X
X
X
X
X
X
X
X
X
X
X
X
X
X
X
X
X
X
X
X
X
X
X
X
X
X
X
X
X
X
X
X
X
X
X
X
X
X
X
X
X
X
X
X
X
X
X
X
X
X
X
X
X
X
X
X
X
X
X
X
X
X
X
X
X
X
X
X
X
X
X
X
X
X
X
X
X
X
X
X
X
X
X
X
X
X
X
X
X
X
X
X
X
X
X
X
X
X
X
X
X
X
X
X
X
X
X
X
X
X
X
X
X
X
X
X
X
X
X
X
X
X
X
X
X
X
X
X
X
X
X
X
X
X
X
X
X
X
X
X
X
X
X
X
X
X
X
X
X
X
X
X
X
X
X
X
X
X
X
X
X
X
X
X
X
X
X
X
X
X
X
X
X
X
X
X
X
X
X
X
X
X
X
X
X
X
X
X
X
X
X
X
X
X
X
X
X
X
X
X
X
X
X
X
X
X
X
X
X
X
X
X
X
X
X
X
X
X
X
X
X
X
X
X
X
X
X
X
X
X
X
X
X
X
X
X
X
X
X
X
X
X
X
X
X
X
X
X
X
X
X
X
X
X
X
X
X
X
X
X
X
X
X
X
X
X
X
X
X
X
X
X
X
X
X
X
X
X
X
X
X
X
X
X
X
X
X
X
X
X
X
X
X
X
X
X
X
X
X
X
X
X
X
X
X
X
X
X
X
X
X
X
X
X
X
X
X
X
X
X
X
X
X
X
X
X
X
X
X
X
X
X
X
X
X
X
X
X
X
X
X
X
X
X
X
X
X
X
X
X
X
X
X
X
X
X
X
X
X
X
X
X
X
X
X
X
X
X
X
X
X
X
X
X
X
X
X
X
X
X
X
X
X
X
X
X
X
X
X
X
X
X
X
X
X
X
X
X
X
X
X
X
X
X
X
X
X
X
X
X
X
X
X
X
X
X
X
X
X
X
X
X
X
X
X
X
X
X
X
X
X
X
X
X
X
X
X
X
X
X
X
X
X
X
X
X
X
X
X
X
X
X
X
X
X
X
X
X
X
X
X
X
X
X
X
X
X
X
X
X
X
X
X
X
X
X
X
X
X
X
X
X
X
X
X
X
X
X
X
X
X
X
X
X
X
X
X
X
X
X
X
X
X
X
X
X
X
X
X
X
X
X
X
X
X
X
X
X
X
X
X
X