94 71
42 85
77 62
53 93
86 63
13 5
23 73
88 60
0 82
19 15
62 93
18 64
25 97
82 97
22 22
95 56
22 58
60 77
61 46
47 82
46 97
36 88
44 53
51 89
86 65
26 15
33 3
21 67
46 44
56 95
74 10
27 71
74 61
87 34
69 92
45 2
14 84
22 24
75 83
43 37
52 61
55 49
47 31
67 72
20 83
80 54
83 70
34 18
70 63
72 17
83 74
4 8
49 62
19 92
42 30
46 72
71 66
84 41
83 76
57 81
43 26
15 92
45 23
10 61
76 12
36 26
40 18
24 14
34 82
82 82
32 37
49 45
93 22
35 40
56 47
29 23
32 2
22 91
91 63
45 12
18 7
X
51 71
67 85
33 35
81 62
46 88
3 72
89 64
85 40
36 78
9 97
65 42
72 33
25 76
42 19
51 76
93 88
5 80
41 45
38 85
15 43
78 36
74 23
48 16
4 67
76 68
69 36
9 94
49 63
96 92
16 24
66 21
0 88
26 88
25 57
63 44
13 2
63 6
54 81
12 72
31 33
71 62
50 62
81 24
74 24
85 25
41 36
15 8
96 2
19 21
32 45
29 12
31 81
91 14
32 56
1 60
45 89
33 40
20 89
95 74
52 19
57 64
79 16
89 41
64 97
97 48
60 25
87 80
18 13
54 97
46 48
75 30
58 94
31 30
98 7
95 65
38 36
1 55
91 37
76 51
82 90
32 66
43 64
90 18
2 27
23 81
5 53
65 69
60 39
82 47
34 17
98 20
20 78
68 43
95 12
15 89
76 36
14 72
14 1
63 34
25 24
97 37
35 22
0 92
13 91
81 22
19 86
36 46
75 6
91 50
32 32
92 70
93 78
94 97
85 33
98 37
60 60
63 93
56 19
84 88
76 40
10 8
X
56 20
91 33
67 78
76 93
80 23
59 74
54 24
81 95
59 9
77 55
86 86
4 92
57 40
54 45
37 89
30 98
4 52
45 70
52 23
41 60
69 90
46 1
34 3
82 86
13 18
60 11
39 59
39 14
8 69
76 67
40 4
98 47
77 88
9 85
2 10
6 87
17 11
57 47
80 60
71 17
63 84
98 25
29 54
8 62
66 16
34 39
92 93
88 79
42 58
0 56
61 25
93 44
12 24
61 15
12 2
71 78
11 37
10 29
31 54
28 25
34 30
20 29
87 49
44 66
66 58
67 19
61 78
21 44
62 62
29 10
91 90
82 93
85 26
34 47
21 28
33 47
20 86
36 81
24 13
42 36
4 55
33 97
63 76
11 41
52 2
55 77
32 93
77 85
21 0
73 0
50 25
39 89
64 87
8 45
86 5
84 97
3 24
15 56
75 26
67 58
70 68
91 85
55 13
31 28
31 72
18 85
2 84
85 7
22 12
39 61
50 89
39 9
63 96
95 39
98 87
X
43 39
3 77
3 46
74 69
55 92
85 42
56 43
47 67
20 49
66 32
68 92
57 73
86 92
69 20
53 78
56 76
46 56
38 64
36 62
37 31
37 68
39 8
0 76
90 66
58 78
18 81
14 14
97 25
42 97
1 97
12 81
62 68
70 3
25 64
94 14
24 24
78 30
47 63
42 98
95 96
3 78
45 81
88 43
87 75
64 93
69 24
89 79
93 38
30 78
28 10
52 27
73 2
13 19
75 78
93 6
28 54
92 2
62 11
86 27
18 34
59 21
69 15
74 52
93 73
11 23
36 43
73 61
59 5
47 38
97 38
69 61
91 95
91 53
2 4
38 68
32 28
44 8
2 52
98 23
22 73
43 95
62 75
89 59
87 2
22 17
73 13
33 30
40 22
27 35
78 14
94 2
82 70
22 81
3 20
25 54
19 83
39 66
16 15
84 64
66 7
54 72
1 95
67 56
87 86
39 33
66 48
84 7
43 75
90 1
11 40
27 74
80 75
3 97
38 40
63 52
9 70
84 30
56 92
80 61
92 15
88 47
79 74
11 65
19 53
14 45
93 91
13 86
56 81
96 96
41 64
81 92
75 64
57 38
32 65
43 36
23 90
38 71
1 32
72 52
76 55
68 17
31 55
21 80
89 94
88 2
71 54
57 15
67 44
7 34
18 1
87 98
0 4
38 32
59 92
58 5
33 87
6 89
73 51
81 33
42 87
2 56
17 52
78 19
32 24
87 11
1 40
45 28
73 47
88 61
36 55
81 20
11 81
23 88
64 13
7 54
18 28
30 47
16 40
63 18
73 93
10 98
1 74
79 23
78 32
9 13
76 60
79 40
63 2
20 22
42 31
20 41
46 33
38 57
28 20
83 73
50 14
62 27
55 56
60 55
36 63
95 91
85 95
29 24
76 53
40 55
30 29
48 61
28 28
88 59
18 91
17 41
63 86
73 50
90 24
66 41
79 31
72 55
51 97
56 2
93 93
64 69
18 60
73 79
70 74
11 78
38 24
72 71
34 13
42 91
48 29
0 80
97 70
40 51
47 2
14 92
16 36
12 22
36 79
46 40
58 39
51 15
71 67
57 25
96 98
74 73
60 45
47 7
63 46
39 34
88 33
4 54
49 38
8 5
44 49
14 22
80 34
45 4
58 9
72 73
36 80
94 87
38 55
66 63
54 61
2 51
6 60
79 82
24 89
98 74
47 13
53 52
31 86
33 33
50 30
17 36
78 37
57 17
22 8
86 4
11 61
94 76
54 77
14 98
29 50
62 58
51 30
14 87
96 67
35 1
61 4
11 87
68 60
89 15
36 31
82 73
77 10
24 75
5 40
83 97
53 50
77 89
76 95
94 11
7 35
23 92
78 46
55 30
46 86
89 46
78 47
19 31
17 60
X
95 1
5 25
54 71
23 25
93 18
52 26
41 17
88 10
91 89
X
18 45
3 49
90 53
70 43
22 68
51 67
11 21
56 14
8 26
46 73
1 28
27 64
91 57
80 65
93 15
78 69
53 54
87 46
8 86
74 13
59 90
1 76
19 40
47 36
43 20
26 39
48 52
14 48
68 58
67 40
9 41
2 17
64 26
66 43
15 21
21 8
95 88
59 58
31 4
14 91
78 29
80 4
91 38
14 21
62 59
95 44
35 82
92 34
69 6
2 96
28 87
80 35
73 1
89 52
89 2
8 81
66 6
7 36
38 12
59 44
90 37
60 33
98 70
14 94
34 9
12 18
41 6
52 28
79 58
47 52
38 92
88 95
26 62
24 49
92 17
81 98
79 86
43 10
29 76
56 74
48 62
17 78
2 12
10 13
44 67
80 8
34 16
64 77
79 57
22 45
74 33
19 7
68 81
34 83
64 22
33 28
17 5
54 30
56 16
77 27
96 5
71 33
82 52
0 39
76 19
49 46
X
76 74
66 15
28 80
78 75
59 25
12 21
62 41
29 38
55 9
46 30
46 50
62 85
63 51
35 90
0 98
53 46
31 96
18 17
55 32
80 56
50 7
49 73
90 80
31 5
1 61
25 45
29 18
19 38
96 53
12 83
39 25
3 7
5 92
22 51
60 21
85 63
66 0
53 91
31 88
87 30
12 16
11 47
98 9
98 13
40 77
29 75
19 87
13 24
63 0
84 23
16 55
39 97
86 15
77 44
85 3
16 28
64 18
96 71
84 3
35 43
95 52
70 11
43 90
46 91
38 13
40 74
6 30
81 57
48 8
17 8
54 19
15 7
60 1
58 6
43 70
84 84
83 84
11 93
6 42
76 65
34 49
73 40
71 70
15 44
97 23
1 41
78 56
89 42
82 29
47 55
63 12
28 59
59 23
47 57
48 67
55 81
50 49
57 9
56 97
58 43
35 89
62 66
2 71
82 1
54 91
71 95
37 49
50 96
60 36
97 11
32 73
65 15
78 25
70 19
4 65
93 17
37 53
40 9
78 34
27 33
13 80
58 71
41 15
95 98
23 37
50 26
65 96
64 49
57 18
80 9
49 15
59 83
57 71
43 33
58 12
45 42
36 75
54 7
53 13
91 2
72 57
91 1
69 30
39 46
81 28
86 87
39 36
61 22
34 45
55 10
71 9
5 73
60 41
61 27
96 40
70 97
28 7
81 87
93 16
46 65
8 51
10 27
11 43
15 5
15 96
48 40
68 34
58 16
65 43
16 5
48 36
95 4
26 11
54 76
94 86
39 64
41 68
66 80
28 70
65 52
48 17
71 48
33 44
0 15
11 53
22 16
43 35
16 58
39 93
31 43
3 53
49 48
36 70
36 8
41 76
41 25
24 51
52 69
19 25
66 35
93 95
35 86
71 57
59 71
23 38
66 82
23 50
88 93
78 79
75 49
82 60
80 49
32 44
43 18
93 35
80 81
62 32
10 70
76 27
86 25
43 74
3 96
92 21
67 33
51 47
39 74
78 64
93 79
18 83
35 50
97 90
61 80
59 60
46 45
21 4
55 17
96 66
13 55
64 60
16 89
17 50
48 54
85 11
44 75
92 90
11 63
56 18
57 87
71 58
65 76
16 61
85 13
4 98
6 74
89 67
18 49
73 92
45 64
78 16
33 9
60 26
77 2
35 59
60 90
53 4
98 5
81 77
59 52
86 33
59 42
46 71
37 14
9 30
58 10
80 77
97 16
4 56
34 12
77 50
66 69
29 32
13 11
10 51
18 32
91 5
97 9
1 22
63 39
65 44
97 20
24 71
60 53
79 37
68 90
20 39
87 57
64 79
53 92
12 89
48 32
73 65
80 51
51 55
88 80
22 31
32 54
80 24
51 28
57 51
60 51
67 0
37 12
11 14
71 50
88 12
55 19
X
22 77
50 6
81 93
80 31
42 67
69 55
95 5
21 92
13 47
15 90
67 25
10 85
12 48
73 72
26 44
90 41
63 66
55 74
20 38
31 85
81 8
61 26
50 66
91 10
4 95
36 95
59 41
88 35
7 45
91 46
96 7
59 38
56 59
22 59
68 15
97 49
47 96
14 46
10 58
70 27
20 18
98 76
53 28
9 42
9 18
45 31
35 61
91 66
78 62
94 70
10 55
50 87
81 17
57 36
68 25
2 73
14 96
17 88
74 75
80 55
83 42
64 3
81 61
94 42
85 32
55 91
81 13
55 12
55 59
79 17
5 83
20 92
68 2
30 23
8 71
34 25
27 13
29 37
18 35
47 64
90 14
45 24
90 32
9 65
89 54
55 38
15 28
43 93
24 93
61 7
32 5
56 78
83 26
55 82
49 9
38 35
64 75
13 15
7 25
18 31
98 57
48 72
35 6
63 70
97 73
48 77
93 70
49 74
69 84
24 94
3 70
78 94
2 6
55 70
58 24
37 60
30 93
67 47
58 36
41 53
65 46
43 56
30 71
35 8
82 41
47 11
70 26
26 34
58 72
55 62
70 31
43 22
41 35
85 66
76 91
24 23
54 2
83 53
63 92
21 5
58 45
2 22
21 16
71 14
1 42
21 49
85 84
40 29
63 64
88 46
31 44
53 27
82 87
89 7
7 8
42 25
63 45
34 85
80 82
10 12
60 78
51 45
58 81
69 89
70 42
77 77
45 49
3 63
44 80
44 71
59 1
43 68
24 63
38 96
78 67
88 57
82 44
24 80
21 57
51 8
77 80
83 83
3 73
63 78
6 40
72 81
92 71
61 16
7 22
34 21
77 34
47 50
18 39
53 59
82 74
26 37
74 94
18 63
42 24
66 42
32 84
52 24
89 69
16 79
85 35
74 84
42 42
71 79
61 70
61 50
63 55
77 0
50 77
22 36
76 76
32 58
41 23
75 84
71 72
84 11
53 37
38 15
4 79
54 12
62 90
44 5
8 8
47 58
45 41
45 33
49 98
11 79
40 40
70 8
73 83
57 20
37 69
47 35
70 22
50 71
83 44
93 41
33 50
89 92
27 51
63 31
58 56
64 65
95 97
70 59
87 9
20 31
38 7
57 50
10 97
34 20
36 74
36 25
89 10
97 0
53 7
44 63
27 5
42 38
86 32
8 47
42 44
96 46
1 18
36 69
37 4
26 81
89 32
11 16
27 47
33 95
69 79
72 25
15 15
36 87
66 89
65 86
84 37
40 67
71 13
12 64
50 80
83 4
90 51
89 5
66 64
6 43
11 68
75 66
3 42
38 22
14 6
12 76
76 35
47 25
74 96
X
35 84
88 73
28 13
79 21
94 45
90 94
17 14
28 16
38 14
42 4
83 81
33 16
4 86
98 89
56 41
79 30
35 18
67 88
37 11
83 10
51 37
14 43
88 74
68 57
72 96
76 50
55 63
53 20
8 29
40 63
4 77
47 16
24 25
73 43
48 97
53 16
63 32
8 66
72 92
29 7
20 74
23 55
50 68
11 49
11 86
94 3
74 86
77 45
23 93
54 6
21 51
49 95
68 3
77 86
66 47
12 14
28 96
25 42
52 86
63 1
26 36
67 28
85 86
X
23 34
56 55
1 96
82 8
4 14
0 12
0 31
6 7
64 19
68 40
33 23
90 38
7 94
57 75
30 73
92 85
52 33
2 64
33 71
60 57
34 48
44 72
65 38
43 47
49 52
45 18
28 61
40 23
8 73
64 11
65 41
93 19
66 77
93 74
67 35
94 10
22 43
83 95
41 13
14 32
38 65
80 52
27 72
22 72
44 68
86 3
77 29
20 46
69 41
30 90
61 58
97 10
85 89
30 62
89 66
91 83
50 75
70 81
63 7
62 42
91 3
62 86
76 1
85 12
13 23
48 59
82 79
20 45
70 96
0 55
98 8
65 62
8 17
10 77
7 59
86 88
75 42
10 4
24 33
31 39
56 57
17 58
17 16
97 6
81 52
27 95
73 27
90 96
10 19
76 22
59 50
52 21
98 58
9 28
46 67
10 21
X
60 4
55 44
41 61
55 76
95 8
48 96
4 59
17 32
48 0
51 35
56 93
69 94
5 74
23 69
94 68
79 36
69 9
96 78
67 79
56 64
50 82
51 69
72 7
49 53
32 25
44 46
15 16
43 41
95 13
94 20
98 63
50 40
38 31
77 81
20 51
44 12
5 85
27 34
16 37
70 25
28 6
83 30
94 88
38 4
5 46
45 79
41 5
16 3
2 43
20 44
77 68
68 41
66 62
8 15
87 81
35 69
95 47
33 51
23 80
97 32
79 98
16 54
29 77
77 38
46 98
8 14
30 45
98 11
63 56
58 3
96 74
48 60
35 16
69 26
44 37
15 1
4 76
47 81
34 77
73 56
44 19
83 9
54 70
75 32
91 68
28 24
46 32
3 69
42 93
79 77
37 7
16 87
40 11
37 39
93 64
53 49
70 34
24 41
12 45
80 17
39 26
33 94
97 12
2 50
96 38
86 14
6 91
74 36
86 77
87 55
0 94
95 78
6 39
89 84
25 20
45 86
51 49
9 81
70 88
16 62
50 17
10 52
39 79
86 26
54 59
76 64
59 37
40 72
27 56
50 79
92 95
55 97
62 10
61 77
94 81
76 66
19 28
21 50
11 1
40 92
81 56
84 57
5 65
4 26
91 48
48 95
56 5
2 14
94 93
61 67
65 48
75 19
62 22
14 41
9 9
66 17
88 68
15 20
86 6
38 8
73 4
1 15
12 47
48 45
78 52
64 9
76 57
76 23
87 14
72 35
8 56
64 98
63 50
64 43
7 5
76 48
90 43
52 29
37 57
70 21
53 2
39 69
68 45
77 60
21 7
95 54
81 94
85 85
49 55
77 30
59 33
47 0
14 81
60 67
53 8
36 44
45 54
67 82
76 25
59 19
13 26
93 90
37 74
33 85
33 37
12 78
24 20
86 94
57 1
19 66
68 72
77 9
83 58
53 55
67 29
23 74
33 20
1 90
45 91
9 14
75 39
21 33
19 29
31 63
77 14
12 0
54 20
48 69
20 52
69 25
35 75
53 22
59 17
80 83
4 23
8 82
71 22
47 10
5 84
52 78
32 75
15 62
51 34
66 49
74 16
63 95
29 87
70 69
93 1
58 50
89 6
48 53
67 45
82 96
94 41
7 46
46 74
20 23
50 54
48 42
76 61
80 57
93 23
77 53
45 72
50 69
7 6
92 52
34 84
92 51
51 1
0 97
23 60
90 56
26 64
79 53
50 84
98 29
47 14
71 74
14 26
42 26
77 3
18 78
71 43
66 3
67 80
82 88
26 4
21 93
52 70
89 44
29 74
16 78
78 6
72 60
42 21
58 11
76 9
30 39
36 73
49 72
23 67
51 2
76 28
32 69
5 49
36 71
13 0
19 54
91 92
15 86
45 5
78 50
7 74
78 20
64 54
72 58
40 3
58 79
59 22
86 66
19 30
19 20
18 19
95 53
92 53
22 26
94 66
27 44
89 45
43 72
73 87
97 80
43 57
74 12
47 1
23 47
2 66
40 82
30 26
93 37
80 69
13 98
72 3
2 76
38 25
13 6
53 44
86 90
85 98
44 13
6 22
29 28
67 84
67 59
20 55
84 38
4 87
87 84
5 7
9 58
87 22
66 29
47 84
55 25
14 57
67 76
76 41
9 6
52 77
12 94
48 38
25 8
19 48
16 90
72 90
36 91
67 42
42 73
92 89
4 30
13 45
54 85
10 3
81 50
29 33
7 53
59 66
19 12
60 83
23 85
79 71
59 75
70 48
72 2
X
82 46
94 82
41 98
68 36
5 91
69 95
10 74
32 74
1 98
0 61
40 34
21 84
41 95
42 10
21 96
82 37
29 43
47 56
49 61
77 84
24 43
64 7
19 85
83 91
89 73
55 48
21 73
48 12
94 78
65 57
88 1
16 43
25 30
40 91
35 52
26 26
13 33
1 81
73 3
39 20
86 89
55 80
55 26
64 61
9 72
48 63
12 42
13 32
70 73
46 95
37 35
77 12
70 16
96 58
66 31
86 24
94 7
82 20
56 88
82 9
90 59
92 56
67 11
77 64
19 13
6 29
37 46
89 82
48 30
34 97
90 62
81 96
14 73
28 30
82 48
88 54
6 64
77 17
79 43
82 98
74 91
12 50
4 16
17 69
94 89
54 15
90 9
10 0
16 39
13 40
53 94
82 30
21 20
38 74
92 77
68 22
82 66
73 76
63 43
61 90
75 95
31 25
14 34
93 13
13 44
17 83
71 80
39 7
54 46
67 20
51 73
24 4
25 83
22 54
44 30
67 70
41 92
29 5
79 69
88 3
26 28
11 9
93 7
52 67
31 46
12 6
27 28
1 17
9 67
45 20
11 44
74 85
21 98
69 19
53 63
94 30
80 16
7 55
94 54
69 83
12 54
73 38
60 64
59 0
45 50
95 18
56 90
94 79
32 86
36 76
30 79
10 43
43 11
94 55
17 54
63 58
64 17
44 90
4 15
30 43
57 2
8 44
39 13
91 19
19 82
62 79
33 72
20 50
21 47
38 70
64 78
70 80
58 49
21 82
64 59
29 69
50 45
95 17
46 8
15 76
9 61
67 2
15 46
35 45
67 62
90 19
45 98
4 28
79 46
40 64
59 69
68 94
15 14
1 5
89 70
83 55
4 22
93 32
66 27
91 25
31 37
48 66
98 95
93 46
59 61
54 96
38 82
54 25
2 87
95 84
31 27
15 36
7 52
44 27
84 55
52 58
11 48
32 83
53 97
73 60
55 78
55 79
15 61
40 86
40 85
64 86
1 82
8 38
36 86
43 24
38 77
71 75
22 85
69 43
81 14
3 98
10 72
17 49
60 31
53 56
9 43
93 43
12 37
2 41
11 80
58 65
14 76
16 22
55 71
42 18
35 83
25 29
97 7
45 45
45 40
19 17
45 55
18 66
22 55
24 64
47 59
35 5
84 53
14 12
97 44
20 76
17 89
28 36
24 10
16 77
17 63
82 65
39 41
90 60
75 65
12 57
13 72
42 52
17 81
97 95
9 27
92 84
25 4
66 2
32 22
22 13
49 71
83 43
25 56
91 84
65 0
70 36
64 34
84 74
47 4
32 26
51 82
55 36
65 17
33 89
5 45
68 6
62 97
42 66
28 11
93 3
68 59
28 15
95 20
24 19
9 29
46 41
56 72
82 84
13 90
69 42
0 29
16 10
34 14
18 54
12 17
2 98
14 15
58 4
57 62
61 71
13 73
63 33
92 67
7 20
20 0
75 33
29 70
6 62
17 73
76 82
55 89
55 11
82 4
70 39
78 96
56 42
82 59
66 11
35 98
13 87
47 12
91 24
68 51
67 38
36 56
72 85
0 37
25 5
12 53
24 36
0 32
42 89
83 39
21 25
76 24
35 20
18 51
20 15
98 1
5 44
72 78
92 23
44 89
38 72
92 82
84 36
71 36
89 49
45 58
39 22
89 19
68 70
34 80
35 76
7 48
54 55
0 96
72 84
13 38
87 31
23 56
77 16
20 94
16 81
3 40
82 15
70 82
76 54
87 8
19 41
63 57
9 98
29 11
9 0
25 13
70 54
86 96
10 16
63 94
19 52
30 24
46 81
19 64
33 93
68 89
62 91
69 10
7 26
34 38
37 92
55 3
39 68
7 13
20 14
60 75
1 56
40 52
58 74
19 96
9 11
48 22
26 38
3 29
58 22
38 20
39 83
98 75
40 28
88 72
88 6
19 73
47 21
6 15
94 23
74 21
84 4
11 94
55 23
52 5
19 49
76 14
8 98
73 73
94 91
30 21
75 13
5 23
80 6
29 66
82 80
89 8
22 42
90 4
40 5
19 8
82 40
98 15
54 94
60 18
7 21
9 78
54 13
71 73
26 89
15 10
39 39
45 21
12 56
22 84
66 26
25 3
33 22
5 28
65 66
88 65
26 3
70 87
10 96
26 41
82 53
18 65
7 28
65 51
26 10
92 3
18 73
7 84
15 77
91 94
76 72
54 56
42 33
67 39
78 23
59 76
42 64
95 57
73 48
94 36
70 91
97 82
79 19
79 68
31 36
1 77
68 85
54 8
55 85
14 70
3 95
60 35
51 54
61 28
32 39
67 87
X
59 70
62 51
48 74
54 75
30 68
78 77
36 47
90 2
25 43
75 59
36 38
4 93
75 14
48 33
X
41 51
10 10
55 8
73 28
11 59
7 86
38 48
22 86
15 11
85 77
81 36
86 53
27 70
55 93
17 51
25 25
91 61
84 87
41 24
54 88
67 90
66 4
31 69
21 42
20 90
5 66
63 74
85 47
29 68
13 92
45 27
33 31
53 81
93 20
63 77
33 12
13 50
50 3
2 67
10 67
62 49
86 49
6 38
59 95
87 21
56 66
71 89
39 11
78 45
44 73
94 9
11 11
3 84
91 58
86 79
91 88
20 40
60 69
26 8
13 79
39 42
95 82
24 16
19 42
23 33
80 98
57 22
22 4
52 89
76 59
89 31
72 6
53 19
12 70
30 52
56 0
32 7
3 51
76 20
70 2
64 66
46 79
98 24
77 24
61 17
87 68
4 21
76 10
47 54
72 34
55 68
43 23
41 70
47 26
91 71
90 26
5 52
21 72
81 27
39 10
67 55
47 28
21 43
97 69
52 3
2 94
49 16
95 72
90 71
66 5
66 10
38 98
41 57
53 73
2 20
86 64
34 33
12 63
58 69
70 17
7 66
78 78
81 60
13 35
29 52
70 1
50 81
66 8
1 69
20 79
83 20
95 68
38 69
27 96
22 19
41 30
8 72
22 49
76 86
91 13
61 75
21 81
98 21
8 48
95 9
27 57
56 89
23 65
94 74
91 59
44 96
70 15
23 3
23 31
25 89
18 20
49 54
21 36
29 73
79 35
15 37
64 32
67 4
68 5
54 43
64 20
6 31
73 14
68 42
35 15
95 14
62 64
75 20
20 21
52 45
60 80
8 10
35 44
64 71
90 16
2 82
29 94
23 43
4 80
75 58
2 58
23 10
42 47
41 50
96 73
98 55
96 41
24 81
26 7
91 80
36 59
20 37
3 52
48 5
16 75
35 13
73 18
57 65
20 43
9 71
29 59
32 30
10 64
78 60
7 18
42 72
37 84
81 2
53 23
4 78
75 15
23 58
33 21
67 53
64 14
1 71
98 12
41 29
29 96
70 89
39 48
61 12
2 49
19 11
33 29
42 23
38 3
12 10
70 38
70 23
78 74
28 4
38 97
4 69
41 59
78 55
14 53
31 34
29 49
57 82
84 82
21 18
86 75
76 44
17 59
53 82
82 75
64 10
91 18
38 62
1 47
26 71
68 78
68 9
80 94
83 7
19 74
8 20
25 80
60 56
13 53
20 81
38 52
60 22
54 67
36 6
87 6
45 3
24 3
62 39
87 42
38 42
81 70
57 70
18 59
57 83
6 41
21 38
17 40
74 58
35 38
81 59
40 75
76 6
40 15
43 4
73 77
18 87
25 28
32 8
73 74
49 34
87 7
11 58
7 70
55 39
59 65
20 26
92 87
33 90
65 27
81 65
87 66
39 72
93 89
79 32
67 63
83 62
32 9
47 49
37 61
57 44
49 56
34 11
73 12
6 9
41 52
18 41
88 16
92 76
23 59
92 96
82 35
72 12
66 84
50 9
81 9
60 16
87 27
57 61
76 29
22 15
18 82
26 59
10 40
83 67
62 77
31 75
33 25
7 51
84 98
42 46
10 62
8 80
82 54
33 10
17 13
22 89
95 90
68 23
80 25
82 43
10 68
57 24
14 39
21 11
91 55
53 87
72 61
55 22
65 49
56 4
17 74
77 39
62 54
1 63
88 19
11 46
91 64
86 55
61 24
16 60
12 5
61 98
58 70
74 95
2 79
60 61
63 87
35 88
26 69
31 89
13 82
50 91
69 81
49 33
55 24
23 1
55 29
89 39
52 8
45 30
15 63
42 49
31 79
18 98
30 11
0 91
50 53
12 9
41 97
25 75
87 59
79 20
92 33
91 54
63 97
37 65
43 77
87 4
86 85
32 48
31 92
17 85
84 8
92 60
64 88
81 48
59 77
84 66
97 83
23 51
73 10
67 60
38 58
60 42
15 48
40 35
32 98
17 45
26 68
33 32
78 51
30 7
84 16
26 17
3 54
67 22
64 90
48 14
75 80
39 4
73 37
31 29
12 77
28 77
11 64
93 39
52 22
73 81
71 28
32 72
56 40
84 65
57 37
10 28
78 49
2 69
23 7
90 29
83 35
44 41
85 24
85 79
78 57
86 58
80 86
28 62
69 16
88 81
90 40
27 36
75 72
6 63
81 71
8 22
70 76
38 49
89 16
20 13
61 39
60 62
47 29
7 56
80 14
41 55
2 16
77 1
57 66
9 66
94 64
48 4
40 36
92 11
70 51
73 17
57 10
40 68
84 89
90 97
84 13
29 53
85 29
85 34
12 88
55 64
43 27
54 14
93 9
39 53
75 82
53 53
94 1
73 67
31 73
98 86
89 37
81 45
27 24
24 15
20 19
86 35
87 43
88 15
11 18
8 63
10 83
40 89
0 36
54 39
92 50
55 96
43 5
71 20
36 14
23 97
70 49
93 0
69 97
21 14
19 5
15 19
33 19
82 42
71 35
31 62
32 68
28 95
83 23
17 67
79 42
62 74
66 20
56 22
16 93
36 49
65 5
33 98
46 21
65 91
24 47
53 98
54 41
92 20
94 32
37 50
51 19
X
21 31
12 55
6 93
25 18
34 31
41 87
60 43
5 94
28 3
89 50
19 23
72 54
7 98
36 32
9 75
64 36
14 9
20 35
86 91
77 87
11 15
34 90
26 72
7 3
74 6
62 21
9 87
17 84
40 30
41 4
60 46
73 59
X
34 94
69 35
36 12
65 2
26 55
3 10
26 45
22 28
77 19
44 9
28 23
51 91
33 92
75 48
33 27
92 9
89 53
42 27
59 59
70 33
56 80
11 4
59 12
42 41
5 26
28 48
10 20
80 95
92 88
93 56
4 57
2 63
12 27
80 32
44 10
2 11
78 39
50 52
79 63
28 84
90 82
71 81
96 68
21 48
87 65
88 32
25 6
84 28
96 37
91 16
34 8
12 80
55 14
92 49
70 65
5 93
22 94
69 59
30 65
46 61
79 81
21 32
27 27
7 49
60 5
91 12
75 91
19 24
94 65
51 92
86 57
61 52
24 59
59 91
43 66
36 48
11 85
0 74
47 45
52 49
52 20
39 90
96 43
45 34
9 4
50 47
15 58
57 23
75 74
60 20
81 58
15 39
46 10
9 12
96 29
79 8
53 66
81 69
42 11
61 45
47 83
93 87
68 49
11 24
81 4
78 63
67 43
54 9
15 12
58 37
91 47
80 63
39 51
85 22
52 14
23 53
51 96
20 77
11 55
2 83
57 92
96 39
22 32
89 81
81 42
49 43
86 16
24 79
49 42
47 48
6 37
44 48
47 9
64 5
87 39
93 67
52 91
75 45
0 34
49 13
19 33
49 69
93 96
8 9
37 95
12 98
54 22
53 75
81 30
49 17
49 79
20 42
69 2
19 32
28 72
39 6
72 13
1 44
78 54
9 63
29 79
57 3
67 32
46 26
80 38
10 6
32 57
46 31
34 78
14 54
X
19 2
X
43 89
84 14
82 10
43 1
38 89
77 82
34 4
43 54
29 8
81 26
16 44
63 21
34 56
11 88
44 56
77 43
93 58
17 15
36 94
17 19
56 96
83 29
34 28
37 13
92 25
55 16
96 69
35 51
63 59
37 9
44 85
5 86
93 45
25 95
10 22
73 75
40 97
16 52
0 16
47 37
40 26
26 35
19 19
36 41
54 48
70 79
55 4
5 43
44 97
89 29
95 37
46 0
47 43
46 22
18 3
59 54
56 39
16 14
29 22
49 88
71 65
85 4
26 63
86 41
46 37
27 91
13 83
90 87
48 39
65 32
35 37
89 93
35 70
72 56
31 74
22 39
44 57
91 78
41 66
89 3
62 46
40 98
40 95
25 96
42 92
61 6
10 44
94 98
83 11
96 4
64 47
38 51
5 51
88 56
93 25
9 35
82 63
79 52
45 90
41 16
52 6
49 76
40 31
0 53
66 88
51 18
39 43
24 56
63 22
31 31
3 58
8 87
42 48
47 30
55 15
72 49
5 89
48 43
91 70
22 18
57 91
28 27
19 94
32 35
23 21
57 89
32 97
2 95
54 47
65 47
59 26
79 51
74 87
38 26
20 47
62 55
22 83
73 24
55 75
66 44
85 9
43 42
34 6
18 24
2 42
81 63
39 49
21 3
23 36
22 47
84 42
46 69
46 58
15 4
78 41
0 41
2 55
78 12
91 67
76 84
10 94
73 23
1 16
42 8
74 93
58 13
13 28
41 48
6 3
13 57
76 62
48 55
79 22
65 37
84 60
95 81
20 36
31 22
39 91
65 11
48 9
52 39
93 21
93 30
72 22
89 4
82 6
73 22
1 37
90 81
17 82
64 51
56 15
70 98
67 69
86 95
28 94
19 16
56 36
11 19
87 15
79 87
83 15
8 79
38 67
98 66
41 19
20 54
74 39
45 59
27 16
54 90
70 9
47 41
97 89
75 27
16 21
76 39
43 53
44 65
73 29
18 26
41 7
61 38
84 5
28 68
84 9
25 67
3 28
35 19
40 49
67 93
4 83
78 9
46 53
68 48
23 70
17 23
74 8
18 43
51 3
26 60
51 20
15 3
56 3
1 7
91 42
69 53
23 30
90 78
83 87
54 10
96 18
37 25
3 83
19 22
49 37
18 8
78 73
60 91
80 71
41 93
83 96
61 47
39 23
40 54
63 53
0 87
71 34
42 88
60 74
89 62
30 76
54 78
10 9
52 40
55 46
64 4
62 34
93 36
96 22
74 34
87 25
19 46
72 0
25 36
62 60
57 60
22 23
80 39
52 51
19 81
44 76
65 89
55 90
96 89
30 50
24 96
40 16
34 10
52 48
74 48
59 79
31 93
37 79
33 24
62 28
74 60
56 7
86 45
77 28
37 93
56 46
50 73
65 79
78 33
63 11
5 29
3 81
91 91
74 38
7 65
14 55
82 23
6 26
0 79
58 47
95 3
93 14
25 52
53 67
39 54
57 14
32 34
69 72
59 93
44 26
73 54
34 73
29 35
25 39
11 26
46 49
27 2
6 6
43 86
17 66
22 90
58 17
78 81
45 95
54 16
74 59
94 58
53 26
56 23
91 98
56 84
29 26
75 28
81 18
88 42
3 27
90 12
86 12
36 90
20 20
34 92
81 73
42 65
97 22
88 75
64 23
1 31
49 24
8 41
37 48
22 0
97 58
44 79
38 90
36 92
89 88
43 76
29 29
8 61
58 51
64 39
34 19
89 95
31 58
72 51
74 51
23 82
24 61
91 60
50 72
79 14
63 37
71 45
52 82
37 70
20 96
29 95
97 71
33 39
67 1
91 62
63 75
44 20
27 41
65 72
34 72
95 58
2 72
55 51
97 8
70 12
88 87
40 79
18 72
83 24
80 42
80 26
13 54
82 11
36 33
48 10
80 2
27 50
6 70
97 21
59 72
8 46
47 46
81 3
21 55
19 84
21 30
25 60
89 98
45 9
61 94
86 76
81 76
47 71
36 9
56 44
29 98
23 49
23 29
39 73
41 85
48 31
62 98
35 92
66 78
52 30
83 6
64 48
75 10
61 84
67 98
64 92
60 81
86 56
91 65
94 63
92 54
77 76
35 94
86 82
1 46
78 8
11 54
21 66
90 93
96 6
8 16
7 62
59 6
90 25
74 19
27 66
43 38
58 41
64 94
17 76
89 27
32 46
44 88
69 91
34 40
14 71
44 47
15 49
85 5
9 3
9 20
62 26
61 85
73 11
21 78
47 34
63 3
84 58
6 50
11 38
42 95
63 20
52 65
67 92
4 27
57 42
49 14
48 35
15 18
66 65
6 44
65 21
49 12
45 97
63 65
19 97
29 16
10 47
25 34
95 16
24 57
92 57
35 2
68 7
43 92
28 46
55 87
X
74 57
8 52
49 25
25 90
17 46
85 72
29 64
X
10 73
25 23
61 43
26 57
13 37
4 20
59 4
39 50
91 21
72 9
37 96
38 5
98 52
60 32
79 73
47 53
76 15
65 8
92 62
52 15
51 74
54 68
74 11
97 24
3 68
29 67
24 90
88 82
11 0
21 37
48 11
45 92
39 55
52 68
8 83
9 7
17 44
49 97
15 45
48 15
97 18
63 48
34 81
11 8
64 37
73 21
78 87
57 94
82 25
82 31
54 21
29 51
39 92
34 50
12 23
82 12
37 87
23 32
1 30
23 39
29 57
84 54
55 2
89 56
31 80
82 68
92 13
4 13
85 27
22 53
76 77
54 69
79 39
65 75
5 30
83 59
77 54
13 78
42 96
68 80
61 74
37 41
77 41
44 78
86 59
14 11
30 63
50 65
72 67
29 20
71 71
48 13
38 93
42 82
53 40
88 67
25 59
74 20
5 56
78 35
65 22
9 80
39 32
60 50
5 95
44 28
91 81
21 26
73 94
29 78
60 19
78 58
28 44
63 14
58 80
74 83
51 66
61 14
66 60
90 70
2 40
55 47
63 73
8 23
19 37
46 7
70 37
89 71
22 10
48 27
44 4
90 55
85 64
88 49
20 56
29 36
25 10
61 76
3 64
63 85
54 74
75 44
64 35
69 49
20 34
75 22
3 18
84 56
13 46
78 38
94 67
26 53
48 64
95 6
8 67
57 30
76 42
13 42
36 11
75 68
32 38
16 53
63 68
34 75
76 85
19 44
80 84
9 39
36 72
21 22
60 37
74 74
5 3
77 90
10 2
27 62
11 12
94 61
50 34
40 93
22 78
85 30
14 58
30 69
16 11
40 84
24 53
34 93
55 73
29 83
87 73
65 88
60 3
80 45
85 76
54 93
51 38
39 5
89 65
82 5
39 96
36 53
76 3
5 39
27 45
48 70
98 3
87 24
17 30
93 66
67 6
17 79
85 57
33 65
98 83
28 50
85 10
93 47
24 73
72 53
44 40
13 10
26 95
48 56
29 14
74 70
42 63
86 98
36 7
28 8
88 39
95 38
84 43
65 20
54 26
57 59
3 80
37 47
27 92
39 85
24 85
87 83
64 70
46 2
53 18
12 86
29 27
5 67
X
87 40
93 65
45 75
18 29
97 14
40 41
70 70
15 23
24 70
49 81
3 6
28 71
1 3
98 81
39 84
30 20
24 98
36 36
77 20
37 15
46 63
19 76
28 65
89 40
8 27
34 44
37 72
50 2
46 39
78 88
21 94
16 74
86 40
54 32
83 45
12 46
61 62
53 77
70 86
59 55
36 97
45 94
15 40
5 90
46 29
66 61
61 61
96 14
19 36
17 47
94 84
33 77
9 51
77 7
82 19
35 62
48 6
45 78
90 77
91 41
36 54
81 19
14 82
45 22
35 10
51 50
49 89
69 40
42 16
39 47
7 19
21 13
69 78
82 36
75 38
93 61
3 93
43 63
68 95
72 19
38 79
42 70
22 82
64 62
41 79
4 94
65 39
74 71
29 62
27 21
52 63
97 74
27 88
X
55 37
84 90
54 95
96 90
52 0
91 56
X
50 33
50 70
46 82
15 94
50 74
65 1
93 59
53 96
66 90
32 87
29 80
75 54
7 40
26 13
85 82
37 6
3 57
6 53
92 46
71 69
24 72
62 61
70 77
33 79
89 26
4 6
92 32
59 20
68 44
3 56
28 89
16 16
54 79
69 51
1 64
72 77
74 90
41 49
87 3
70 60
59 49
94 80
78 80
15 26
28 35
50 97
53 30
31 23
90 15
59 35
7 64
55 72
86 48
66 1
85 1
40 57
20 7
35 93
3 8
1 27
91 23
18 76
0 95
96 65
39 45
23 9
11 25
60 10
55 1
54 63
62 48
87 53
36 60
38 84
75 57
60 76
59 10
14 37
95 15
92 10
92 83
86 97
81 31
90 31
57 95
85 83
79 76
61 66
33 52
24 32
8 12
69 82
34 5
65 58
27 6
48 71
45 52
35 29
65 14
27 17
57 63
43 85
89 34
25 53
71 49
67 89
90 64
94 75
80 93
60 66
92 1
55 65
85 21
80 59
49 44
82 85
34 87
59 39
22 20
35 41
40 60
23 12
81 43
54 92
52 17
4 5
50 85
56 25
81 49
77 96
58 55
72 8
98 84
7 38
60 70
70 4
40 44
42 57
19 47
73 41
92 36
13 71
48 46
61 23
9 64
74 40
79 27
71 47
36 13
97 30
5 27
88 48
88 84
53 68
19 4
79 29
38 78
34 89
91 35
83 61
23 11
30 27
94 62
83 2
58 88
78 18
18 38
9 69
30 28
6 95
46 62
10 17
60 49
40 7
50 41
86 28
78 13
75 76
28 60
0 40
87 48
39 56
77 25
38 44
27 12
6 57
75 31
75 90
5 4
47 47
75 67
49 29
87 41
16 92
31 45
25 88
20 32
52 1
55 88
87 45
91 69
24 2
94 35
31 21
49 6
56 63
82 69
66 98
67 31
96 72
16 42
18 16
33 49
69 44
15 42
26 5
64 57
82 33
0 35
62 13
67 36
71 87
49 47
47 79
93 63
6 58
65 50
84 59
64 50
95 69
32 43
30 86
2 15
81 68
38 76
50 67
82 13
57 52
X
12 25
4 53
15 95
9 84
84 40
69 31
68 19
68 35
94 37
71 16
5 15
93 54
76 52
70 35
65 56
85 97
56 49
70 13
2 59
68 55
37 71
80 96
39 52
66 38
17 12
64 8
56 82
49 50
77 22
70 85
73 71
24 35
31 26
24 83
82 3
86 43
4 70
28 37
43 9
80 47
20 84
24 87
22 76
78 48
60 85
9 8
87 87
76 38
50 76
31 94
55 55
53 5
48 24
80 48
40 87
28 92
39 98
20 10
69 33
41 54
23 8
75 50
71 91
28 45
41 38
27 59
15 34
83 78
25 17
61 42
71 44
63 41
98 31
96 87
45 8
17 97
52 55
22 88
72 74
59 57
28 34
90 11
83 56
25 73
23 66
76 89
67 48
41 91
13 21
65 16
28 49
35 25
47 70
47 62
19 39
23 62
71 8
56 71
80 22
39 3
46 89
17 28
63 15
37 97
80 62
10 84
10 45
83 41
11 3
20 57
25 15
78 53
63 8
53 1
35 31
28 38
71 12
90 45
20 73
57 48
83 25
91 76
59 46
80 46
16 98
62 14
28 39
21 68
50 37
80 66
X
14 2
23 23
17 4
45 0
30 95
17 61
60 71
80 44
41 11
6 8
81 7
81 53
6 23
20 80
62 92
97 15
9 19
86 10
12 93
75 81
85 91
0 54
89 80
1 79
82 2
54 51
9 52
24 29
56 83
53 90
16 7
89 43
20 53
33 6
20 4
30 72
1 78
37 90
52 72
27 4
43 21
63 47
71 3
13 97
72 65
91 36
58 73
59 28
30 81
94 57
86 47
46 11
32 78
31 65
35 34
71 61
26 91
19 50
75 12
62 76
72 79
90 88
71 7
61 1
6 25
20 87
98 80
87 0
35 48
68 91
34 26
44 24
71 63
7 97
90 95
45 26
53 38
3 14
67 57
47 42
55 95
11 62
43 65
91 32
6 19
48 37
96 54
50 15
12 4
80 78
71 56
22 29
78 59
82 21
59 16
70 6
38 95
47 33
91 34
61 95
77 52
95 36
59 85
X
23 6
40 20
68 11
80 43
8 13
31 91
58 14
55 86
59 48
67 8
92 61
71 29
28 12
13 34
33 26
59 7
75 52
52 57
49 7
37 34
12 11
67 91
79 6
56 29
33 80
56 56
7 43
84 15
45 57
9 77
16 48
90 7
8 21
64 89
60 84
88 98
93 12
3 23
3 92
58 35
40 48
32 47
82 57
40 25
30 70
59 3
88 41
81 89
69 5
49 68
80 67
35 4
81 35
10 82
42 40
74 43
93 72
58 90
86 42
97 91
51 40
30 51
38 46
84 12
88 88
84 26
78 71
25 69
21 70
80 97
82 18
97 53
32 6
68 82
65 78
18 90
37 63
92 42
92 69
35 30
X
34 74
31 47
59 14
68 83
16 23
58 89
23 26
62 53
92 45
85 78
1 29
24 95
43 50
28 63
86 9
21 19
22 79
51 6
47 98
70 14
56 45
52 50
81 23
60 14
89 68
82 92
19 43
32 88
70 61
66 25
36 84
24 84
43 91
88 83
55 21
58 97
74 18
27 14
17 24
87 82
1 10
29 71
32 27
36 66
29 45
11 50
87 77
9 96
82 0
71 77
65 10
75 85
11 22
94 5
30 48
92 24
13 95
X
18 18
54 73
21 56
28 83
87 88
43 28
68 56
23 41
12 62
75 40
26 80
51 33
17 48
81 46
34 22
77 26
81 84
68 4
60 34
97 13
28 57
13 13
X
57 43
19 91
81 86
50 39
63 69
74 32
60 12
27 60
23 63
92 79
88 7
21 97
34 86
0 45
33 78
16 94
62 84
85 74
51 72
15 59
10 11
0 71
89 11
14 90
35 72
46 9
57 56
33 83
56 75
56 31
56 13
11 98
21 86
33 2
53 65
24 52
2 80
16 6
58 0
36 23
68 77
85 90
59 32
15 98
24 86
68 84
35 74
83 37
80 76
27 38
16 46
47 66
20 72
55 7
80 64
91 87
66 85
83 40
5 5
82 32
40 61
95 48
83 8
72 39
98 32
25 38
10 54
35 32
89 18
66 93
63 72
66 30
42 32
1 91
1 20
48 75
11 7
17 43
62 33
74 89
15 47
89 33
64 80
34 29
30 44
29 44
57 16
36 34
98 26
61 2
24 21
89 24
93 77
39 15
41 40
69 50
82 91
16 88
5 82
45 88
77 73
80 73
15 91
22 57
23 52
57 79
72 93
29 85
51 88
4 74
29 72
76 43
62 25
59 45
96 88
86 1
88 24
36 40
81 79
76 46
77 57
17 38
87 32
93 4
81 25
27 10
98 2
85 8
77 91
45 19
46 25
77 74
33 4
52 90
61 69
57 80
56 85
85 59
20 48
32 23
82 14
69 12
23 28
44 23
39 24
1 87
72 94
44 1
88 66
26 66
X
13 41
64 2
59 86
50 16
12 90
75 60
72 4
39 29
85 45
92 66
82 95
74 3
21 45
56 24
51 56
12 95
49 51
26 29
64 12
82 71
62 57
32 85
70 66
28 5
14 44
31 71
50 35
22 93
56 70
29 81
37 62
14 77
56 17
93 42
22 6
13 88
83 12
20 27
32 94
60 17
50 55
73 49
23 96
78 43
45 1
49 49
5 41
91 51
38 91
41 46
64 16
16 47
40 21
79 41
36 45
11 10
65 33
61 73
81 97
34 32
8 50
25 37
30 12
79 85
19 78
58 21
70 28
93 98
45 32
55 34
61 86
70 84
63 71
22 70
40 53
5 19
28 29
34 52
47 69
43 55
67 34
67 61
9 16
85 52
31 35
18 30
29 93
57 53
6 59
43 71
30 4
81 37
52 54
90 50
42 77
76 16
14 88
33 14
5 14
43 25
50 42
47 22
34 58
66 53
81 34
33 82
24 60
27 8
78 82
84 81
17 9
36 35
13 14
76 75
41 12
63 10
37 40
79 59
6 54
10 86
38 86
75 51
17 75
88 25
49 82
76 34
34 24
62 73
83 36
8 84
94 0
12 1
58 2
33 66
45 25
23 61
78 86
73 39
7 4
9 73
57 54
79 48
80 50
34 55
85 38
63 4
70 44
50 46
59 15
4 49
97 26
43 12
46 59
37 85
88 4
80 37
57 69
78 44
57 29
33 58
55 40
56 12
10 57
23 86
53 11
13 7
67 37
84 44
89 55
34 2
89 17
4 68
41 77
45 38
21 35
56 91
83 60
24 1
46 80
79 34
74 30
65 97
11 95
22 25
85 73
27 37
18 89
96 83
96 47
34 46
19 51
6 94
6 81
90 58
14 5
88 50
98 69
95 95
24 44
71 46
57 34
30 49
91 74
76 47
39 21
19 10
43 67
21 69
7 91
61 63
46 13
77 36
75 61
47 68
7 82
54 87
32 79
74 42
58 63
43 88
49 83
6 84
24 78
52 75
96 0
10 26
26 18
23 24
60 6
93 48
14 89
48 51
14 40
72 15
7 57
12 68
90 49
72 68
92 78
42 35
10 80
0 18
78 22
92 18
72 91
91 39
30 94
31 68
54 18
62 69
84 76
22 40
24 11
88 44
68 88
36 30
29 3
74 4
19 3
57 11
64 58
66 9
64 0
0 72
3 25
36 50
74 54
93 11
93 53
96 16
33 48
14 8
39 60
53 85
46 28
45 35
18 25
79 26
21 23
74 26
84 78
48 28
25 68
27 7
41 65
80 15
86 7
55 60
86 37
10 1
87 67
33 34
98 45
15 97
15 13
82 24
69 34
34 76
33 60
82 56
28 85
15 88
3 15
22 3
40 19
X
94 49
62 95
9 47
8 88
33 43
26 54
76 11
X
12 38
2 77
18 15
38 53
2 18
81 88
60 65
66 28
51 7
28 75
24 58
25 98
98 10
22 37
64 84
43 51
79 49
16 76
90 8
85 39
76 80
74 41
24 30
34 98
X
94 46
29 25
92 14
8 43
84 63
69 27
62 47
12 84
50 50
15 35
44 21
96 82
2 29
77 42
93 92
46 64
30 67
53 3
28 31
46 36
47 51
24 66
52 25
14 7
45 13
31 57
27 63
78 21
13 89
76 13
20 30
25 26
10 78
21 76
68 21
15 93
16 49
8 31
79 80
64 28
16 68
7 41
50 43
19 63
89 48
79 18
29 84
25 84
40 90
49 40
61 72
9 1
65 98
55 6
34 88
41 37
12 92
47 65
58 53
47 32
31 3
23 91
94 33
41 41
25 94
31 24
83 52
72 59
22 34
40 69
63 61
8 49
53 45
88 13
41 44
23 19
49 27
19 45
87 1
33 73
28 69
60 54
61 68
75 8
40 50
61 59
37 24
58 15
22 87
62 83
79 28
21 90
49 41
60 92
34 23
79 45
25 21
41 74
79 44
80 20
95 67
53 12
94 44
38 73
72 62
58 95
17 18
40 46
20 11
85 28
79 97
57 76
81 47
85 53
39 57
51 48
15 80
4 73
58 77
35 46
45 10
92 98
8 30
57 27
69 47
83 90
35 11
33 36
71 88
41 47
58 18
88 92
94 77
43 96
23 68
61 37
22 75
57 84
94 96
95 92
14 86
74 81
80 27
95 71
43 8
25 14
42 15
51 46
45 47
72 29
24 55
24 91
96 52
27 61
37 42
76 73
38 39
36 93
64 64
86 84
0 30
96 9
61 44
32 4
93 69
75 55
32 36
34 37
69 98
91 49
29 6
61 57
5 16
17 34
98 56
87 78
15 33
16 45
24 17
38 43
28 17
25 72
46 34
18 47
94 48
14 19
81 0
66 91
47 60
44 6
32 29
45 63
12 19
84 83
41 56
16 32
9 95
92 8
11 34
54 3
4 84
62 70
43 58
72 10
70 62
4 88
80 74
89 35
28 64
90 68
5 8
56 9
41 28
8 28
81 82
82 83
61 51
96 91
27 25
32 89
87 54
9 24
28 14
46 54
43 19
70 24
20 24
70 41
41 90
43 29
18 44
88 18
36 39
62 96
52 34
15 53
40 96
25 2
81 85
73 85
1 23
57 72
65 36
42 51
42 12
3 9
2 30
38 6
57 57
90 52
68 79
51 84
37 54
56 69
20 25
89 60
41 31
25 19
7 93
95 80
75 89
70 72
44 18
92 39
18 22
3 60
67 49
15 55
69 57
13 17
92 43
26 82
7 67
60 58
7 44
8 6
44 42
37 8
94 90
95 66
15 82
86 80
61 54
5 70
48 25
49 32
46 57
84 67
13 16
74 49
73 62
63 5
83 19
65 70
40 76
75 46
65 63
34 34
41 69
77 59
14 38
83 3
74 98
96 19
25 11
18 58
91 7
63 38
75 17
84 39
48 2
77 32
55 45
76 2
96 50
16 84
48 80
17 62
17 31
38 23
72 63
69 21
37 37
38 34
94 95
87 95
65 23
53 48
66 39
42 5
79 79
8 97
55 31
35 91
90 79
18 50
66 19
91 44
9 44
67 5
10 14
11 36
39 40
46 6
61 36
0 44
18 48
65 59
16 38
58 76
75 73
65 29
84 85
92 65
20 6
75 75
28 79
13 70
28 56
93 49
25 58
92 44
59 62
42 54
94 13
32 80
41 9
6 4
74 66
74 14
30 6
91 97
14 36
17 42
68 18
37 67
51 16
28 66
53 72
40 10
4 97
18 23
82 7
73 53
74 29
11 13
72 76
85 49
X
21 83
13 49
24 40
60 72
1 45
79 47
51 53
66 50
15 6
13 93
33 81
10 18
85 92
72 47
88 45
21 91
44 69
58 46
7 69
60 23
82 94
95 64
62 67
56 6
70 10
52 4
31 95
96 13
94 15
57 90
23 17
26 98
32 67
35 24
11 57
38 9
56 30
27 97
94 47
52 59
66 97
13 12
81 32
59 56
58 34
71 24
35 71
55 57
12 41
57 74
86 78
26 73
51 93
83 57
98 82
18 2
29 30
70 93
X
86 74
13 48
78 61
69 62
59 34
63 60
21 15
84 68
30 87
33 59
56 34
10 59
52 46
8 89
92 7
66 22
33 88
49 80
23 84
47 78
47 24
0 75
6 55
54 65
45 46
52 84
64 38
37 77
96 95
0 5
4 72
8 19
14 83
35 17
13 75
96 49
54 53
80 18
13 81
67 12
29 47
87 50
32 40
46 83
0 1
91 43
91 22
84 29
56 94
45 87
71 97
4 25
96 12
96 1
98 85
58 64
56 8
92 58
16 18
49 5
22 97
22 44
6 83
31 77
31 87
11 35
5 87
8 35
1 72
9 22
90 42
87 47
76 94
40 12
16 59
57 35
14 28
65 6
48 68
8 85
52 7
39 82
6 69
60 28
98 22
4 12
57 0
60 15
24 34
72 97
55 0
45 74
45 6
49 10
24 12
22 35
70 0
91 45
79 62
11 6
42 9
73 55
85 51
14 0
83 77
89 51
7 75
35 33
35 3
76 45
46 77
52 38
74 7
29 65
89 25
94 22
89 47
28 78
12 79
15 41
79 15
32 20
30 92
64 63
3 59
87 36
94 72
23 20
72 14
62 37
77 93
9 83
90 48
54 60
X
2 53
47 6
73 70
98 17
60 73
13 4
39 58
20 97
77 6
35 47
68 31
1 4
X
5 57
27 23
13 8
53 57
80 30
20 12
78 68
24 48
50 88
65 35
9 10
94 38
52 66
88 86
9 57
28 81
49 39
77 8
3 74
3 31
16 12
53 21
24 67
86 38
77 47
52 16
94 69
35 9
95 21
79 54
44 95
15 32
79 94
79 95
5 22
81 64
69 3
76 87
73 35
48 7
62 52
12 7
97 17
50 38
46 24
26 25
51 68
65 9
71 6
15 22
56 51
55 58
18 37
88 77
57 93
12 65
28 32
28 2
26 32
64 72
83 14
29 1
13 76
96 80
3 17
95 41
73 86
20 9
0 73
41 21
62 38
62 56
95 79
41 58
50 5
38 75
49 70
14 56
13 84
24 54
68 53
95 59
98 90
80 89
94 73
41 10
74 17
65 85
37 36
61 55
62 94
83 82
87 38
6 82
7 16
29 55
5 6
78 17
88 5
8 7
35 49
82 50
9 17
86 8
49 3
93 83
9 15
56 1
63 79
22 66
21 53
23 75
83 63
22 38
94 8
33 55
4 50
65 77
58 67
2 86
6 32
23 2
25 66
29 63
36 77
95 87
69 54
81 38
72 48
69 96
81 44
93 68
50 23
17 22
46 19
98 16
53 0
7 37
30 46
56 68
19 6
71 64
7 80
68 24
22 41
45 56
22 56
2 92
1 89
58 23
37 26
46 35
86 50
27 26
17 7
90 17
44 36
7 33
33 86
76 8
93 33
18 84
93 71
98 18
56 50
71 90
84 27
37 5
38 94
24 69
44 29
31 66
40 58
82 49
25 33
56 21
83 5
93 94
60 0
33 7
44 54
50 83
95 46
18 88
86 0
60 2
41 18
7 81
33 84
67 21
46 78
54 89
38 50
14 35
40 65
82 89
45 29
39 94
42 17
20 33
38 21
55 61
25 7
85 36
78 24
77 58
34 79
98 64
3 88
32 33
67 27
15 17
12 12
68 33
75 35
69 80
58 1
51 87
25 55
18 74
78 5
58 82
31 8
10 63
8 18
79 93
93 5
23 42
36 85
89 74
91 79
97 81
42 45
68 16
33 18
54 54
6 86
22 9
56 10
52 18
65 4
23 78
27 73
30 2
58 91
53 47
92 81
46 47
90 61
60 38
23 83
79 9
83 93
78 85
3 66
66 92
17 20
25 61
84 91
92 68
54 49
92 38
7 83
9 86
93 75
38 2
1 2
11 56
2 93
81 75
74 15
22 21
84 77
55 41
6 75
56 35
33 96
71 93
85 56
97 54
5 54
47 27
78 89
3 48
39 12
78 7
10 81
3 67
48 26
1 6
33 74
3 50
9 5
41 89
82 26
59 80
87 10
94 92
40 47
19 34
81 83
38 47
72 70
59 78
92 48
91 96
15 52
13 94
58 52
98 73
54 57
92 63
11 17
22 27
29 4
22 50
15 54
12 13
90 10
52 53
98 67
20 93
71 21
85 14
90 89
87 26
35 7
21 29
53 6
5 50
5 64
46 66
68 27
33 45
46 20
56 38
97 47
94 94
22 5
21 24
79 83
92 12
69 48
54 98
44 86
50 24
9 26
58 25
64 85
27 49
78 4
3 82
91 9
35 39
33 17
43 6
67 7
4 4
64 96
63 36
2 48
30 96
15 27
23 35
64 83
91 30
65 83
29 86
95 40
6 92
45 65
67 30
37 59
19 65
17 98
41 22
10 66
16 8
6 65
70 55
84 96
6 56
39 44
9 46
93 55
17 64
7 72
68 14
68 93
29 17
16 83
16 19
79 75
96 97
57 98
6 16
96 20
9 2
6 27
17 35
37 91
7 73
51 32
61 60
10 75
11 5
51 17
34 65
30 5
23 48
14 10
66 70
89 12
63 98
93 24
61 10
51 36
80 88
71 10
30 85
12 28
45 66
57 88
98 88
83 68
35 26
2 8
81 78
9 82
96 21
90 76
63 89
74 72
85 54
73 16
22 96
54 66
55 33
56 37
66 46
44 81
82 34
64 53
95 43
7 15
92 55
76 7
76 37
74 62
12 87
40 32
64 6
56 58
22 30
23 4
44 45
70 50
76 96
65 71
89 36
93 82
47 39
68 37
22 48
74 92
35 21
29 2
42 71
23 95
81 51
88 40
57 21
22 33
80 29
49 26
11 20
75 25
53 95
74 50
71 39
2 9
19 79
3 43
42 37
0 60
56 53
74 31
35 12
95 19
0 83
71 96
44 55
63 49
23 27
25 91
24 97
60 24
12 91
34 43
66 87
75 7
71 68
97 2
14 18
85 43
86 34
93 97
53 14
60 30
53 71
95 35
29 39
76 58
60 93
79 33
26 97
96 45
27 55
60 86
41 62
68 26
45 37
65 82
92 47
26 70
63 13
35 77
6 88
50 13
47 15
45 73
4 66
44 98
95 7
70 83
27 39
1 75
16 82
27 48
69 1
33 91
96 70
30 37
22 60
81 6
53 58
3 94
4 17
67 3
96 51
94 59
16 20
48 48
3 41
29 13
3 21
77 51
56 87
7 88
21 34
23 79
77 63
73 91
26 56
76 71
75 53
48 83
97 3
38 61
42 53
11 2
87 12
43 94
67 24
61 49
86 72
35 60
58 19
76 49
10 39
1 73
31 90
89 75
77 46
30 38
36 89
39 62
7 79
24 88
90 3
89 83
83 38
26 2
51 65
90 30
45 11
63 88
95 23
15 9
85 75
75 96
58 42
6 48
7 27
80 3
56 65
11 42
79 67
39 65
78 15
15 24
86 39
27 53
96 3
30 1
83 65
16 9
96 57
37 75
16 63
0 89
28 93
92 19
28 55
8 78
29 48
35 14
68 96
17 37
25 16
77 35
41 63
87 97
21 41
65 64
68 8
30 66
87 44
51 9
26 23
26 16
56 73
25 44
64 21
58 7
25 32
87 35
2 54
52 73
68 30
97 4
50 78
96 79
20 28
92 22
76 21
62 12
36 10
80 36
5 69
32 77
64 76
6 51
42 76
67 26
81 74
21 9
40 27
72 24
47 40
24 62
44 52
43 98
53 51
44 77
88 11
69 58
80 33
85 15
2 5
68 28
7 85
59 51
12 82
24 82
85 80
37 78
42 90
48 34
13 27
71 55
24 6
81 41
49 75
83 85
58 66
46 96
66 45
18 9
96 42
68 50
30 74
96 48
72 43
69 60
20 66
72 18
2 78
61 64
50 31
26 9
95 45
20 8
85 96
10 65
13 96
21 79
97 31
32 90
65 12
9 74
9 79
17 68
70 75
62 44
31 67
55 18
27 11
54 52
48 47
12 97
93 57
81 66
66 36
3 16
73 66
25 71
23 94
49 11
30 91
50 32
92 75
68 12
59 84
24 50
46 46
18 42
77 83
40 24
88 76
60 59
81 1
52 37
56 79
2 97
1 21
56 54
18 11
60 94
78 40
88 26
50 90
17 25
13 20
76 0
28 33
22 98
69 17
1 83
88 8
X
8 64
55 66
66 14
68 97
77 23
29 31
1 53
87 72
18 5
75 62
70 32
89 30
71 38
3 79
4 46
54 82
78 83
60 13
13 43
10 46
3 26
85 37
71 5
73 58
37 33
11 45
22 52
96 23
79 56
89 76
72 66
51 0
2 60
29 46
52 88
44 25
55 43
69 28
25 74
56 61
4 24
40 62
47 5
24 26
91 26
10 30
44 64
44 92
51 29
23 54
26 14
64 52
54 50
54 23
13 1
32 82
48 98
58 48
83 89
43 34
83 13
65 7
66 83
2 39
69 23
8 75
14 33
14 80
20 69
85 50
16 30
18 40
84 61
14 30
89 78
60 79
98 65
63 83
X
18 12
47 97
59 67
2 28
37 73
46 52
9 21
36 29
82 38
16 31
70 5
61 65
24 74
75 77
17 87
58 26
88 78
60 7
60 68
2 57
27 54
0 81
37 58
67 81
44 38
7 92
3 5
90 83
21 12
25 35
70 7
38 56
37 64
23 89
71 51
47 44
42 50
19 9
61 21
79 38
1 39
79 12
57 55
77 75
62 45
56 62
70 78
18 10
73 69
62 15
46 27
94 12
13 85
75 11
63 80
59 96
6 85
65 19
74 35
2 81
58 75
56 86
10 71
23 22
15 87
77 4
14 16
16 4
74 22
61 56
59 27
37 32
41 96
14 93
83 79
75 71
33 15
12 71
85 41
89 38
6 5
32 95
16 67
49 77
82 64
14 47
11 27
2 61
95 51
19 72
14 42
71 23
91 29
77 21
66 12
12 15
6 18
71 11
10 56
30 77
93 81
2 74
91 82
54 4
77 71
77 49
23 87
73 84
6 66
84 35
82 67
43 46
71 32
59 40
1 11
10 95
98 77
22 7
74 65
55 50
79 7
66 79
88 17
46 38
17 3
75 43
95 33
X
X
X
X
X
X
X
X
X
X
X
X
X
X
X
X
X
X
X
X
X
X
X
X
X
X
X
X
X
X
X
X
X
X
X
X
X
X
X
X
X
X
X
X
X
X
X
X
X
X
X
X
X
X
X
X
X
X
X
X
X
X
X
X
X
X
X
X
X
X
X
X
X
X
X
X
X
X
X
X
X
X
X
X
X
X
X
X
X
X
X
X
X
X
X
X
X
X
X
X
X
X
X
X
X
X
X
X
X
X
X
X
X
X
X
X
X
X
X
X
X
X
X
X
X
X
X
X
X
X
X
X
X
X
X
X
X
X
X
X
X
X
X
X
X
X
X
X
X
X
X
X
X
X
X
X
X
X
X
X
X
X
X
X
X
X
X
X
X
X
X
X
X
X
X
X
X
X
X
X
X
X
X
X
X
X
X
X
X
X
X
X
X
X
X
X
X
X
X
X
X
X
X
X
X
X
X
X
X
X
X
X
X
X
X
X
X
X
X
X
X
X
X
X
X
X
X
X
X
X
X
X
X
X
X
X
X
X
X
X
X
X
X
X
X
X
X
X
X
X
X
X
X
X
X
X
X
X
X
X
X
X
X
X
X
X
X
X
X
X
X
X
X
X
X
X
X
X
X
X
X
X
X
X
X
X
X
X
X
X
X
X
X
X
X
X
X
X
X
X
X
X
X
X
X
X
X
X
X
X
X
X
X
X
X
X
X
X
X
X
X
X
X
X
X
X
X
X
X
X
X
X
X
X
X
X
X
X
X
X
X
X
X
X
X
X
X
X
X
X
X
X
X
X
X
X
X
X
X
X
X
X
X
X
X
X
X
X
X
X
X
X
X
X
X
X
X
X
X
X
X
X
X
X
X
X
X
X
X
X
X
X
X
X
X
X
X
X
X
X
X
X
X
X
X
X
X
X
X
X
X
X
X
X
X
X
X
X
X
X
X
X
X
X
X
X
X
X
X
X
X
X
X
X
X
X
X
X
X
X
X
X
X
X
X
X
X
X
X
X
X
X
X
X
X
X
X
X
X
X
X
X
X
X
X
X
X
X
X
X
X
X
X
X
X
X
X
X
X
X
X
X
X
X
X
X
X
X
X
X
X
X
X
X
X
X
X
X
X
X
X
X
X
X
X
X
X
X
X
X
X
X
X
X
X
X
X
X
X
X
X
X
X
X
X
X
X
X
X
X
X
X
X
X
X
X
X
X
X
X
X
X
X
X
X
X
X
X
X
X
X
X
X
X
X
X
X
X
X
X
X
X
X
X
X
X
X
X
X
X
X
X
X
X
X
X
X
X
X
X
X
X
X
X
X
X
X
X
X
X
X
X
X
X
X
X
X
X
X
X
X
X
X
X
X
X
X
X
X
X
X
X
X
X
X
X
X
X
X
X
X
X
X
X
X
X
X
X
X
X
X
X
X
X
X
X
X
X
X
X
X
X
X
X
X
X
X
X
X
X
X
X
X
X
X
X
X
X
X
X
X
X
X
X
X
X
X
X
X
X
X
X
X
X
X
X
X
X
X
X
X
X
X
X
X
X
X
X
X
X
X
X
X
X
X
X
X
X
X
X
X
X
X
X
X
X
X
X
X
X
X
X
X
X
X
X
X
X
X
X
X
X
X
X
X
X
X
X
X
X
X
X
X
X
X
X
X
X
X
X
X
X
X
X
X
X
X
X
X
X
X
X
X
X
X
X
X
X
X
X
X
X
X
X
X
X
X
X
X
X
X
X
X
X
X
X
X
X
X
X
X
X
X
X
X
X
X
X
X
X
X
X
X
X
X
X
X
X
X
X
X
X
X
X
X
X
X
X
X
X
X
X
X
X
X
X
X
X
X
X
X
X
X
X
X
X
X
X
X
X
X
X
X
X
X
X
X
X
X
X
X
X
X
X
X
X
X
X
X
X
X
X
X
X
X
X
X
X
X
X
X
X
X
X
X
X
X
X
X
X
X
X
X
X
X
X
X
X
X
X
X
X
X
X
X
X
X
X
X
X
X
X
X
X
X
X
X
X
X
X
X
X
X
X
X
X
X
X
X
X
X
X
X
X
X
X
X
X
X
X
X
X
X
X
X
X
X
X
X
X
X
X
X
X
X
X
X
X
X
X
X
X
X
X
X
X
X
X
X
X
X
X
X
X
X
X
X
X
X
X
X
X
X
X
X
X
X
X
X
X
X
X
X
X
X
X
X
X
X
X
X
X
X
X
X
X
X
X
X
X
X
X
X
X
X
X
X
X
X
X
X
X
X
X
X
X
X
X
X
X
X
X
X
X
X
X
X
X
X
X
X
X
X
X
X
X
X
X
X
X
X
X
X
X
X
X
X
X
X
X
X
X
X
X
X
X
X
X
X
X
X
X
X
X
X
X
X
X
X
X
X
X
X
X
X
X
X
X
X
X
X
X
X
X
X
X
X
X
X
X
X
X
X
X
X
X
X
X
X
X
X
X
X
X
X
X
X
X
X
X
X
X
X
X
X
X
X
X
X
X
X
X
X
X
X
X
X
X
X
X
X
X
X
X
X
X
X
X
X
X
X
X
X
X
X
X
X
X
X
X
X
X
X
X
X
X
X
X
X
X
X
X
X
X
X
X
X
X
X
X
X
X
X
X
X
X
X
X
X
X
X
X
X
X
X
X
X
X
X
X
X
X
X
X
X
X
X
X
X
X
X
X
X
X
X
X
X
X
X
X
X
X
X
X
X
X
X