39 12
26 36
9 3
6 91
59 84
53 87
95 57
43 58
51 30
39 40
88 16
66 82
0 61
31 73
89 39
49 53
17 78
23 67
36 13
73 69
77 38
62 44
48 60
42 5
6 37
23 48
27 97
7 4
96 73
82 33
22 39
84 88
28 96
65 62
18 25
30 98
43 51
7 97
33 66
18 19
6 25
23 35
22 52
81 13
83 41
40 87
65 42
68 79
46 6
9 11
72 61
48 70
X
78 18
34 88
25 38
70 15
92 47
85 83
15 44
62 28
52 22
97 7
82 49
82 2
60 81
30 69
46 22
3 93
22 85
93 0
74 11
2 30
24 58
94 55
98 23
94 46
83 26
69 95
33 23
76 64
15 59
22 94
71 81
10 67
50 71
24 50
4 84
49 27
41 29
12 11
35 12
73 47
29 64
68 34
36 10
80 64
49 42
4 50
78 58
15 32
39 94
76 40
82 9
58 36
48 71
56 15
38 78
25 91
93 59
32 58
44 71
23 43
29 23
5 84
75 84
55 2
58 76
1 37
17 19
1 10
0 41
63 93
64 79
50 97
14 58
59 60
82 57
17 61
7 56
51 84
9 4
34 12
74 57
82 79
75 82
34 45
76 55
81 86
85 98
56 92
44 46
19 36
33 86
33 93
53 51
3 42
23 95
36 71
92 89
33 2
70 3
46 98
34 8
44 92
83 20
54 24
25 90
66 8
66 4
43 25
16 24
77 16
57 18
88 47
3 97
73 3
29 24
39 7
91 44
81 35
20 4
42 27
61 47
63 57
59 56
7 5
7 6
73 43
41 25
22 84
6 18
98 75
47 0
40 49
33 17
57 52
67 31
54 45
66 44
22 60
17 42
84 60
15 91
36 7
10 13
16 18
80 22
28 80
31 29
81 49
53 2
59 38
60 21
87 26
95 37
66 15
78 80
55 80
24 11
7 38
44 1
30 87
46 20
27 25
30 93
48 64
71 50
29 38
91 74
86 63
61 60
17 79
1 29
77 85
51 67
74 34
25 42
46 54
95 20
20 47
0 83
32 87
38 50
5 93
73 79
91 84
49 48
43 86
79 68
43 20
74 22
47 10
16 94
54 57
42 15
37 46
35 3
71 14
32 7
83 70
85 76
58 81
36 78
94 87
5 73
11 50
89 18
34 87
35 32
38 25
62 68
89 10
56 2
53 68
38 32
1 39
27 44
50 78
87 82
29 13
5 4
41 6
82 50
17 75
55 59
76 13
6 56
5 70
37 91
27 64
41 96
90 38
77 86
96 0
35 94
29 94
36 12
77 17
65 36
78 94
16 78
15 45
65 6
43 91
93 47
63 46
28 15
17 67
25 71
21 69
80 69
24 20
90 62
13 92
22 21
72 65
82 65
95 44
17 16
36 48
29 73
24 2
51 35
49 47
20 83
22 41
55 49
14 96
61 55
48 5
18 20
47 83
39 21
22 27
21 38
78 85
83 29
40 12
83 62
27 73
17 62
79 45
43 26
65 39
62 84
61 43
19 30
85 33
31 27
47 63
56 46
40 54
75 85
40 67
38 93
35 39
1 41
78 67
24 63
22 51
58 50
95 80
55 77
13 38
43 8
66 41
79 39
29 65
61 78
62 12
76 49
66 90
45 41
85 64
47 28
83 93
63 70
91 71
14 42
82 91
17 30
11 16
20 28
48 13
10 74
2 10
69 94
8 43
46 58
22 42
22 68
16 22
50 13
68 41
94 33
40 16
44 41
59 44
37 92
50 15
21 11
29 96
15 1
75 89
68 35
91 38
77 28
90 93
24 80
19 19
40 31
2 43
26 8
13 44
21 24
9 71
70 32
30 92
84 14
93 77
36 73
20 48
84 8
51 87
34 22
80 15
10 29
9 17
21 92
19 79
16 31
50 42
1 53
83 55
57 57
98 69
45 45
87 46
48 6
89 15
79 53
34 37
5 66
91 69
96 95
66 79
86 4
68 30
83 7
84 30
97 70
62 91
12 89
62 49
92 3
54 9
19 37
60 60
76 95
5 64
77 84
58 7
67 48
87 97
31 85
91 81
58 73
21 49
38 56
68 58
78 82
20 25
13 35
76 3
66 1
55 82
12 19
78 16
41 38
19 78
25 21
46 31
88 6
26 5
93 25
87 57
89 30
33 85
27 54
12 42
76 80
59 7
73 38
23 49
50 75
80 8
48 61
96 42
79 33
54 90
6 63
55 92
32 97
7 49
58 22
26 63
93 56
46 39
87 34
93 46
32 37
69 57
22 25
4 65
23 73
20 52
60 28
9 22
33 94
26 39
92 52
19 43
28 70
81 43
23 17
48 53
16 55
51 76
81 61
19 63
29 53
9 66
6 92
90 40
24 53
43 57
89 5
44 42
60 77
77 43
41 74
31 30
42 33
93 97
66 69
50 24
X
93 68
67 90
38 40
58 49
44 96
58 82
44 52
81 65
21 55
56 82
70 83
72 51
9 85
45 79
87 21
44 69
38 26
43 39
35 75
44 25
56 80
63 77
78 14
56 13
40 4
64 58
31 57
46 10
43 71
72 2
56 84
48 14
34 75
18 1
4 28
73 86
63 85
39 59
72 43
18 24
66 87
48 34
35 29
27 48
76 75
12 2
90 81
14 11
49 25
12 45
85 96
75 66
44 27
73 51
1 87
47 12
46 35
15 86
16 62
53 7
70 2
90 70
66 49
34 94
66 42
19 24
46 45
74 14
53 71
72 56
60 6
69 78
19 11
16 12
71 47
64 53
20 11
51 1
88 10
33 30
21 93
58 14
60 94
29 31
52 53
24 35
84 13
98 29
95 67
65 21
28 65
26 89
77 55
58 64
81 71
36 30
60 56
36 23
18 40
75 71
36 6
17 23
38 62
65 82
24 87
20 90
81 97
44 73
28 59
54 82
48 35
43 34
87 67
16 88
19 34
70 44
38 36
50 30
54 41
1 82
34 85
74 19
96 71
54 39
82 36
84 5
94 98
82 0
31 24
3 78
79 52
39 49
18 13
52 55
69 27
80 44
90 64
66 70
36 40
61 15
81 28
11 56
69 1
80 34
80 97
28 64
92 14
69 60
33 83
94 0
82 31
50 34
28 84
25 8
23 21
14 44
24 51
24 1
25 45
29 26
87 49
80 95
12 41
77 63
11 49
67 70
63 51
35 52
5 95
37 73
32 39
59 96
8 9
73 91
8 46
78 34
72 94
85 52
88 61
82 26
35 31
46 95
65 2
89 12
34 90
41 79
86 79
49 43
72 55
42 45
42 72
50 55
2 93
93 35
11 54
34 49
83 56
53 90
49 73
31 92
79 86
68 89
49 7
76 27
17 69
54 85
72 57
85 79
64 38
50 70
13 34
87 68
47 40
57 54
88 32
7 75
50 17
25 36
87 43
35 17
41 53
58 42
98 64
14 35
1 15
64 63
94 32
73 11
93 33
85 29
12 25
65 35
4 23
91 60
94 45
29 70
26 15
6 84
42 11
97 22
45 28
92 2
22 22
24 56
10 63
6 82
83 85
12 56
55 97
77 24
35 14
4 17
8 69
57 42
61 95
9 0
39 39
50 72
82 34
32 4
75 11
92 15
87 42
25 57
75 20
50 2
82 5
68 21
67 44
79 51
41 13
56 50
23 42
40 57
64 3
61 68
30 23
55 81
22 50
39 48
23 59
19 48
7 43
61 10
57 24
44 28
40 19
74 85
73 29
25 18
65 22
9 52
18 45
50 6
65 66
18 91
67 11
94 92
81 23
44 49
69 90
76 38
41 58
40 5
73 87
44 97
91 13
34 5
22 97
45 72
20 93
95 8
40 26
45 29
15 58
3 88
X
25 7
92 45
75 49
40 60
40 40
45 57
18 43
28 56
13 46
27 74
26 97
9 70
60 93
18 28
37 53
40 32
80 39
82 59
14 83
34 84
83 91
48 0
21 68
55 36
38 74
74 7
22 54
53 92
1 73
32 36
31 8
74 66
61 21
48 12
15 88
81 26
22 24
8 87
41 44
58 3
82 68
27 88
58 37
32 30
89 38
71 57
95 14
21 18
41 55
20 46
94 63
3 28
15 20
51 33
81 74
9 81
56 1
69 20
38 6
92 83
1 47
60 70
93 53
12 92
12 94
64 21
4 94
82 18
65 10
98 26
20 97
59 35
51 19
81 73
97 49
38 31
14 54
66 27
20 0
68 85
37 5
70 62
25 55
24 43
80 9
70 6
44 4
58 43
80 42
92 13
44 77
68 27
52 8
46 67
41 85
93 19
46 73
17 24
95 18
80 43
63 37
52 61
90 42
79 49
32 2
30 90
84 16
21 7
8 64
14 87
16 32
31 87
33 24
11 13
95 45
42 44
86 47
19 87
96 49
33 89
63 43
85 47
80 52
76 43
14 6
16 60
91 21
16 84
25 53
20 80
51 15
49 72
96 91
26 88
59 22
14 70
2 9
48 59
22 70
9 75
94 14
35 71
0 29
54 76
92 76
13 17
1 22
3 41
4 79
43 76
40 52
21 29
10 40
77 14
58 46
28 2
2 20
19 49
55 11
46 9
6 6
46 77
67 35
54 91
49 34
12 95
52 73
X
2 5
50 39
38 8
80 51
36 79
7 80
57 25
61 51
61 26
15 56
12 27
37 89
65 91
14 34
81 0
22 3
37 11
23 92
15 62
10 95
48 31
58 17
46 52
85 53
73 76
94 7
93 69
73 72
25 52
89 29
97 81
92 53
20 44
3 24
73 66
26 73
35 37
68 51
70 76
54 67
7 70
22 29
20 51
84 77
18 3
33 51
69 3
64 64
10 73
86 5
32 22
74 40
79 27
93 32
53 50
75 17
32 46
25 96
53 13
16 68
63 3
38 61
90 49
56 35
17 41
54 66
39 15
75 25
10 68
85 84
97 9
13 70
80 32
88 75
77 6
20 72
35 47
66 48
24 6
8 48
47 43
55 63
86 74
6 62
96 23
88 66
56 61
47 60
18 23
76 48
43 68
93 71
X
63 89
94 35
3 64
45 73
78 17
23 91
89 83
31 95
11 59
44 23
32 77
3 10
3 70
94 54
96 65
20 12
97 23
14 88
78 83
65 63
52 67
80 48
53 91
22 7
44 38
48 28
4 12
75 59
66 89
61 1
33 49
44 76
12 97
87 32
17 88
59 66
33 21
72 58
8 97
5 22
73 27
13 27
11 62
97 47
13 84
65 4
22 15
41 97
X
77 10
12 15
89 4
93 90
29 28
64 87
62 77
98 76
12 13
22 17
8 62
90 60
42 73
24 89
98 70
1 27
76 2
70 91
46 69
3 98
15 7
40 62
86 56
50 23
8 82
61 69
51 18
72 19
72 97
84 67
34 26
96 57
43 93
61 37
15 80
20 43
25 30
29 46
37 8
13 15
95 9
41 21
58 15
32 65
42 77
35 89
14 48
40 58
X
16 4
6 15
75 95
49 68
1 97
34 81
32 54
84 91
70 74
21 72
37 78
74 17
91 50
22 81
66 5
49 5
17 28
45 81
61 28
78 24
35 88
88 35
96 97
70 22
93 88
42 87
21 86
30 48
23 6
90 78
89 75
37 47
24 34
62 79
52 75
88 72
4 69
86 97
1 95
71 6
19 64
3 96
75 42
18 10
25 15
33 87
59 75
8 79
5 7
40 76
87 45
35 38
39 47
23 37
10 77
86 35
18 63
91 32
63 86
82 29
9 35
6 4
43 4
9 15
60 3
53 94
14 80
58 13
37 84
93 82
0 53
27 49
91 18
67 27
74 70
2 52
42 97
57 72
54 70
98 80
98 63
84 35
46 1
7 34
92 62
80 6
19 22
69 43
37 40
27 92
83 4
0 94
78 19
39 54
81 44
4 20
33 59
11 47
79 23
41 70
62 10
21 22
64 59
1 42
43 38
42 50
7 44
20 36
54 4
55 7
45 98
33 22
92 68
66 53
39 41
78 50
76 29
97 30
90 50
29 6
39 90
62 14
44 30
18 85
19 16
81 52
36 14
44 54
25 89
44 5
18 47
78 77
21 35
63 45
71 51
66 60
17 49
3 72
X
28 83
71 90
77 9
73 49
21 79
76 25
68 93
76 57
71 70
57 37
47 1
14 37
43 6
64 12
40 11
19 52
76 61
70 36
8 16
9 2
20 34
80 26
55 15
96 52
6 75
50 43
86 16
35 41
78 15
72 77
57 63
30 72
15 82
47 55
7 82
X
92 67
30 65
61 36
57 22
81 75
12 64
5 85
29 11
78 63
6 8
93 38
84 39
33 12
14 12
80 47
82 63
0 76
44 37
20 18
31 65
50 68
86 82
35 46
87 10
79 76
39 66
1 79
42 53
49 13
95 23
73 10
92 69
60 83
17 40
28 4
1 56
65 76
35 7
30 96
87 6
91 42
73 94
45 74
94 30
24 60
45 5
0 88
70 93
71 11
37 68
88 46
12 93
76 73
49 55
21 3
48 32
58 74
64 20
39 53
76 6
57 21
47 54
96 66
67 0
92 11
87 24
14 82
35 19
64 14
56 78
47 21
38 64
60 50
49 41
67 85
23 60
46 32
45 56
61 57
8 30
33 20
70 69
48 11
68 95
65 43
87 87
25 67
11 88
73 75
33 96
74 75
58 91
48 47
65 96
18 84
48 38
10 97
89 95
6 60
67 88
4 49
15 4
48 4
28 37
87 12
35 10
21 80
5 74
56 34
77 44
96 37
86 72
45 13
43 72
72 76
3 50
69 30
69 16
80 84
76 71
13 7
58 1
84 98
75 33
12 7
27 63
50 31
52 69
64 18
82 14
8 56
69 33
86 84
23 25
63 83
71 43
21 97
2 83
78 81
29 29
X
79 85
6 93
45 18
24 67
89 92
81 38
83 3
39 13
14 9
47 5
57 98
48 42
1 77
6 86
19 28
6 88
24 40
41 47
33 31
17 89
25 32
45 10
17 76
54 55
78 37
13 85
34 97
92 43
66 85
18 22
26 32
77 58
57 30
31 5
71 66
66 26
17 14
42 90
6 55
10 85
33 34
61 17
34 10
64 80
88 56
6 69
11 35
67 3
2 58
98 18
75 46
53 0
78 45
83 9
27 17
77 80
55 37
60 90
13 14
74 72
2 28
15 61
84 68
13 16
92 8
74 74
13 10
22 66
64 69
67 24
62 62
55 51
39 62
70 88
81 89
40 68
38 82
92 39
21 81
16 40
83 19
2 71
29 86
8 14
95 56
21 50
27 38
39 6
40 41
89 71
80 67
74 52
85 32
54 10
47 2
80 74
70 60
86 15
85 85
44 21
36 34
1 72
17 68
5 67
59 95
4 46
8 22
55 71
0 40
87 80
51 17
72 18
63 75
27 91
12 90
38 55
33 50
43 37
78 40
68 60
89 7
95 84
91 94
29 12
57 10
3 83
92 85
64 89
18 42
96 2
33 37
19 96
47 6
80 27
61 58
58 55
82 12
78 12
67 28
64 60
38 95
27 96
24 36
37 59
56 12
81 22
69 2
57 53
77 34
83 58
63 73
81 14
80 78
42 41
39 96
84 65
35 26
27 59
23 94
30 45
26 54
48 75
64 11
46 50
34 32
23 52
94 61
74 87
65 86
57 43
91 55
29 78
80 38
10 45
85 3
55 47
67 91
27 8
86 9
81 62
32 67
52 54
13 57
92 58
46 71
24 81
55 46
65 5
18 54
78 62
2 98
35 15
69 81
80 29
41 35
59 72
54 72
51 68
53 67
81 85
85 54
53 18
54 47
94 9
76 15
6 48
46 7
71 29
77 87
71 38
3 14
45 87
4 56
71 16
81 33
95 72
63 18
4 67
63 56
37 85
23 2
34 31
11 17
30 68
27 14
48 45
29 16
43 64
64 92
4 59
59 59
20 96
95 7
54 19
92 23
91 82
14 14
89 70
44 98
61 4
72 91
2 49
87 44
48 33
95 38
14 43
51 20
36 60
10 26
40 28
39 65
75 68
30 29
16 44
61 27
44 78
60 30
4 74
7 52
7 55
66 12
92 18
41 17
68 59
15 15
15 9
79 41
87 50
10 54
25 72
15 48
58 26
24 85
93 11
23 22
56 51
40 64
21 43
50 82
75 52
64 26
35 4
33 52
4 87
38 79
51 38
16 21
92 61
32 72
38 42
72 13
42 67
44 66
83 78
60 54
18 60
57 89
13 28
79 57
57 73
71 61
59 12
22 28
38 21
10 39
36 31
15 22
35 8
74 29
68 50
25 64
25 20
82 90
45 30
9 18
12 21
41 10
36 94
44 57
18 11
58 11
15 42
27 21
78 23
16 98
82 25
94 58
64 17
35 92
16 46
82 67
32 74
52 17
24 84
45 35
67 25
17 8
76 93
20 14
5 19
62 32
53 20
57 35
46 41
23 32
59 78
65 32
87 15
80 33
49 89
41 61
87 54
35 62
57 55
79 9
36 45
32 86
28 10
11 98
58 88
64 19
15 26
80 16
63 2
93 87
66 65
74 38
83 30
36 54
71 55
77 51
39 3
34 72
98 1
89 46
45 3
54 54
50 80
55 65
80 56
77 74
17 73
57 27
60 20
32 25
81 3
74 83
91 24
97 44
32 93
82 47
61 76
32 66
81 32
44 63
59 80
63 33
44 90
66 46
76 76
59 67
80 31
28 32
26 60
74 50
45 20
85 27
26 95
27 47
46 91
30 44
59 49
33 36
35 18
70 98
92 87
71 54
83 12
32 69
84 78
88 40
44 86
50 52
9 6
82 52
81 48
97 3
44 29
51 28
7 45
23 19
91 12
60 74
97 21
56 25
70 61
36 50
42 31
85 89
16 93
58 18
40 3
42 98
57 75
33 88
56 70
88 44
70 27
94 88
56 62
45 58
50 26
31 4
67 32
33 25
26 25
59 92
54 43
28 48
44 10
83 40
69 23
80 63
39 32
97 0
68 3
21 15
74 61
63 58
21 42
40 51
20 54
X
23 88
63 41
31 86
83 73
58 75
84 23
90 30
58 69
84 81
91 5
66 9
43 21
91 48
57 92
X
30 26
60 1
19 39
7 65
40 46
41 68
93 72
32 94
43 28
82 40
13 0
93 54
75 51
17 97
88 59
67 21
78 46
10 82
77 3
47 71
17 22
86 37
69 48
79 17
60 25
94 37
95 41
64 57
91 90
49 74
50 9
10 83
60 13
48 72
21 84
61 86
43 27
32 79
68 8
65 83
77 23
29 5
70 87
7 66
41 24
30 47
94 3
78 39
6 42
50 79
61 24
63 80
27 7
65 8
2 63
X
35 16
7 57
2 18
90 15
11 85
70 79
76 89
79 95
10 3
64 97
78 4
52 24
68 23
39 72
22 78
3 23
65 20
31 21
85 10
87 2
80 30
35 76
82 19
44 20
68 31
54 51
24 90
17 3
69 96
52 1
18 41
11 87
61 67
67 33
56 17
12 46
27 39
44 9
63 55
23 34
72 92
98 8
88 98
57 83
94 38
97 11
86 92
7 35
96 90
44 56
93 95
45 95
44 72
94 75
76 28
58 78
33 14
20 74
80 89
63 11
34 17
18 49
89 73
98 95
55 29
25 95
10 51
34 73
95 36
12 77
28 35
40 18
84 54
58 95
23 27
24 19
66 7
55 26
33 90
90 11
32 45
95 74
8 67
34 92
32 80
90 80
22 4
38 51
63 59
1 61
33 33
46 83
1 7
41 16
49 69
95 71
30 78
37 70
90 58
29 45
14 98
29 68
7 84
88 45
87 8
71 77
88 19
73 73
0 36
50 54
65 14
55 8
55 10
64 76
85 45
48 97
93 83
35 70
9 78
48 24
1 11
13 88
93 16
29 62
48 77
33 28
50 32
85 39
64 66
93 42
8 47
34 21
79 20
0 56
0 55
11 20
80 35
36 47
80 96
71 8
80 49
92 49
72 47
85 12
44 95
11 58
79 34
45 66
7 8
8 61
19 45
34 40
8 71
40 82
28 14
55 88
74 71
17 31
88 11
76 53
49 79
0 15
46 81
70 5
93 18
48 27
59 25
70 0
70 25
17 37
52 51
12 14
34 18
75 78
46 57
1 31
52 21
86 87
77 12
56 42
17 85
26 14
96 87
26 35
92 25
89 26
3 43
86 14
10 56
53 52
49 95
52 7
71 20
56 18
57 59
27 56
13 55
79 16
49 62
60 92
11 12
63 31
81 6
94 49
8 88
94 20
5 41
37 31
78 41
33 39
80 73
52 19
40 55
62 13
8 84
68 15
79 54
18 37
52 28
89 19
30 37
73 28
43 9
10 80
43 46
75 77
65 59
18 38
21 41
40 79
91 66
15 53
19 8
15 11
55 30
50 38
19 41
63 74
74 18
2 73
23 56
19 76
38 23
44 26
97 83
63 66
78 9
39 60
31 93
26 55
2 6
45 64
33 10
24 94
70 66
31 23
40 98
96 41
4 52
90 18
5 92
77 75
23 39
56 40
59 45
65 70
70 34
62 53
46 97
56 39
21 26
65 85
57 16
38 3
82 13
43 77
62 22
87 98
98 16
75 91
51 93
22 93
56 73
32 9
85 75
24 73
77 57
30 2
83 52
89 49
24 48
22 26
32 33
34 30
11 45
87 73
40 95
54 93
13 45
31 26
93 45
72 60
90 51
81 8
70 12
33 40
73 56
75 15
53 23
79 21
88 77
1 5
69 12
8 17
40 34
59 62
50 69
52 16
51 32
53 46
9 61
82 95
90 19
X
43 75
29 76
64 93
47 57
96 78
76 8
11 0
36 74
86 49
18 82
91 34
28 44
37 33
49 3
79 47
75 32
38 12
33 6
13 73
48 80
59 51
41 22
40 9
42 38
29 67
89 81
72 81
10 58
22 43
63 88
49 50
58 6
59 26
2 42
79 80
60 85
47 37
56 56
29 44
59 46
38 98
91 65
47 42
69 49
24 75
56 63
45 21
1 20
13 53
93 91
59 50
60 79
95 81
92 88
71 80
67 5
53 65
33 18
70 4
78 87
21 53
72 3
32 44
27 37
2 4
59 17
21 47
54 89
22 6
30 74
20 13
34 82
88 78
77 71
26 56
97 17
51 73
68 80
40 7
59 39
94 79
70 14
56 96
89 6
35 34
48 96
92 98
23 1
77 35
82 21
79 74
96 96
95 52
83 44
96 58
29 3
79 29
34 58
76 87
28 27
21 45
55 79
96 83
94 62
23 80
40 48
26 45
41 95
90 2
23 29
93 7
65 51
69 26
47 59
39 29
57 60
53 66
10 52
28 61
77 25
27 70
3 25
43 90
65 47
52 82
61 50
30 20
62 54
90 48
26 91
40 15
79 79
0 98
0 92
95 79
86 80
71 69
90 59
74 81
91 46
64 96
46 19
46 48
78 88
89 37
47 68
37 24
60 61
61 23
57 61
85 28
44 24
91 16
62 11
59 3
15 19
77 7
12 18
43 12
40 36
7 3
19 82
78 22
2 66
19 73
63 72
78 74
94 77
47 84
34 11
57 3
35 21
64 0
42 63
74 41
95 43
67 59
69 98
42 18
X
95 19
59 86
40 63
13 48
65 75
33 9
73 24
2 40
68 18
37 32
76 37
20 20
24 14
81 9
66 20
88 42
34 16
13 95
34 20
29 27
35 91
14 45
94 36
85 38
73 41
89 47
54 23
30 67
34 4
74 39
1 6
42 57
20 21
12 70
47 15
7 20
53 98
45 26
61 98
46 88
61 66
48 26
29 18
81 98
68 42
73 16
40 92
87 40
14 92
36 70
60 41
27 95
55 55
25 97
50 87
40 29
89 62
25 29
4 70
89 88
30 73
25 34
81 63
75 60
81 1
58 80
23 4
92 57
95 69
56 81
46 78
9 24
80 75
82 87
92 36
81 18
63 7
31 3
42 76
23 87
67 60
94 1
67 36
92 65
13 8
39 20
48 15
90 29
33 97
67 61
16 61
60 0
73 17
73 50
20 49
59 27
74 16
60 64
96 70
81 34
42 8
73 1
75 7
78 7
25 44
79 87
94 15
86 77
42 64
67 87
11 57
67 62
13 12
32 78
81 31
37 37
1 32
12 65
81 94
48 37
73 81
37 6
94 71
64 52
37 48
74 89
56 58
45 6
25 54
97 2
83 25
57 11
28 34
25 37
6 85
19 91
40 77
61 7
93 98
84 58
72 78
88 54
35 51
23 3
21 90
16 76
38 44
95 96
66 19
0 96
73 77
75 76
35 6
55 61
97 8
94 59
94 10
11 78
30 63
11 43
54 25
12 81
29 52
98 77
91 92
5 69
24 98
5 65
38 15
27 33
89 66
59 21
3 59
92 51
58 41
50 16
44 8
46 33
5 45
63 95
53 12
53 47
47 14
50 74
47 13
96 21
11 86
47 97
70 26
41 11
90 10
65 9
1 91
95 12
9 39
45 52
46 82
23 97
21 36
1 28
9 27
98 31
12 22
56 44
15 24
49 33
85 78
79 35
44 64
56 21
75 62
28 68
88 88
46 11
10 27
78 96
79 42
86 48
42 35
31 55
21 4
63 94
42 40
69 47
75 35
56 68
14 32
95 91
94 70
65 11
68 84
47 25
73 35
90 79
27 35
21 57
89 80
55 87
75 48
51 96
57 34
98 65
56 75
54 95
22 0
47 44
58 19
47 35
37 79
38 2
95 48
49 75
70 81
90 56
85 26
57 50
10 10
95 15
63 49
84 26
14 56
83 96
42 17
25 88
37 50
45 97
71 46
63 44
77 83
22 31
49 6
37 72
72 29
28 78
2 48
60 72
61 25
25 33
84 82
3 69
56 19
82 8
93 6
45 89
88 24
7 40
62 74
19 83
19 51
59 74
76 7
43 22
95 95
78 49
24 71
18 7
31 68
87 9
63 96
14 33
14 91
46 34
95 33
26 34
76 0
42 49
74 69
59 93
22 53
70 78
23 28
63 14
38 57
38 14
72 52
53 14
60 43
78 21
11 19
91 91
66 11
87 77
28 31
29 81
85 80
61 72
69 92
69 51
9 97
21 20
44 88
16 77
65 69
23 68
72 68
26 37
47 51
8 13
13 75
9 67
80 62
64 98
84 74
92 75
50 67
16 7
34 25
46 53
6 87
3 58
81 7
0 89
24 82
72 79
36 41
96 69
91 47
22 12
9 30
64 39
42 85
9 65
10 47
46 30
36 81
71 72
2 53
16 58
95 1
76 60
82 43
81 57
15 39
26 28
80 71
8 86
67 19
5 26
0 95
22 40
94 76
30 28
49 71
21 33
34 24
29 49
54 20
16 36
14 38
50 47
30 1
73 21
42 9
68 7
75 57
40 91
13 86
6 54
57 17
36 90
28 11
97 73
82 4
62 51
86 33
68 90
85 72
13 37
34 78
79 12
92 44
83 76
14 47
74 21
42 47
44 55
63 60
17 63
94 5
65 15
91 41
24 61
77 41
16 6
82 23
88 43
39 55
30 91
20 27
17 84
73 37
94 23
5 14
12 10
72 25
31 46
29 85
54 12
78 86
62 67
9 43
39 84
69 54
83 45
39 22
82 89
97 48
22 49
17 32
81 79
12 9
98 81
86 50
7 19
91 49
7 26
42 19
86 95
49 32
23 70
43 85
14 57
15 33
46 8
79 69
84 37
10 64
98 73
98 11
70 65
71 88
84 64
23 55
18 5
76 46
14 1
55 31
61 46
13 19
51 53
31 79
8 51
49 37
69 28
21 0
43 56
77 73
61 90
39 50
54 2
78 13
62 90
33 98
27 72
31 43
4 88
40 61
69 55
22 9
19 54
89 32
18 26
8 75
17 43
11 2
20 92
20 9
92 10
24 96
75 58
56 55
74 54
55 39
77 8
13 4
13 81
74 95
31 25
43 95
11 18
66 84
5 80
65 98
36 86
71 23
66 32
3 56
96 19
62 70
55 12
65 19
86 91
71 68
19 97
32 73
33 73
3 29
93 66
64 77
80 24
21 70
40 30
91 58
0 91
X
56 24
88 18
68 82
84 7
45 42
5 44
X
36 80
80 3
15 49
79 6
95 97
80 37
57 65
20 87
20 45
32 6
42 30
5 40
74 86
86 45
24 3
50 49
54 16
22 76
96 29
42 21
83 42
8 7
90 17
56 86
81 88
20 89
77 88
44 81
46 62
48 69
19 13
29 80
11 55
50 76
41 28
34 77
48 54
23 96
6 59
76 58
83 89
59 41
56 83
67 98
51 3
54 53
61 71
76 91
48 16
61 49
28 69
38 77
2 96
70 37
9 9
96 74
20 78
32 98
92 21
41 45
80 65
9 95
42 16
58 47
68 36
10 0
72 85
78 53
11 14
43 89
24 55
83 11
53 49
12 98
2 57
43 47
50 73
81 42
2 8
45 11
89 36
63 98
75 14
55 56
34 29
70 80
97 14
64 49
36 59
58 24
22 33
23 24
56 74
30 52
26 18
89 76
17 45
55 13
85 77
70 72
72 22
29 66
0 16
39 52
51 50
77 53
23 74
65 46
69 41
22 23
71 65
51 54
32 68
52 40
21 9
67 4
65 58
47 82
18 12
6 89
43 24
20 66
14 76
13 49
88 41
86 40
63 10
25 43
97 24
42 82
79 63
42 70
52 90
26 3
56 88
74 12
76 82
80 18
72 9
60 62
11 34
94 41
77 90
55 72
50 50
47 31
52 37
15 40
13 93
96 7
6 50
67 82
83 97
82 6
12 37
3 52
15 76
49 10
29 77
53 21
86 10
13 76
54 74
36 95
27 50
55 0
81 20
90 8
20 22
3 77
70 24
83 81
83 57
83 37
51 16
29 17
60 39
52 39
62 56
87 27
77 42
96 14
84 12
91 14
34 34
20 41
22 38
79 43
52 89
10 55
56 31
53 26
4 97
71 89
31 91
X
35 84
6 26
45 47
95 82
91 70
25 6
37 96
80 57
37 58
26 16
78 64
50 96
53 97
36 66
31 54
67 42
73 60
96 13
98 20
12 24
27 27
56 89
16 52
2 74
25 58
74 60
33 80
50 14
62 27
39 97
54 63
0 44
64 4
49 49
46 25
75 54
6 94
51 40
30 50
37 93
33 32
40 27
31 80
54 56
97 12
4 72
55 60
53 55
57 95
11 21
22 10
68 33
83 59
79 82
20 42
83 35
55 76
45 49
90 68
64 34
96 3
52 23
4 80
55 64
61 70
32 82
73 62
39 4
66 80
51 2
24 93
1 69
72 54
76 50
40 84
94 65
62 21
92 42
76 66
81 60
70 89
43 55
39 34
36 97
26 66
57 80
41 9
17 64
9 7
30 5
11 10
29 35
45 33
60 26
22 8
13 18
22 82
41 66
3 67
60 31
16 87
40 44
33 19
56 38
92 33
77 96
24 86
78 35
74 32
64 71
40 69
75 28
80 2
91 62
60 67
74 42
63 50
51 49
15 23
74 91
70 8
74 24
92 96
78 73
16 39
69 24
48 55
82 7
89 53
71 95
50 33
38 71
93 20
57 23
68 26
93 39
57 62
62 86
22 19
89 74
77 52
53 56
29 30
75 50
68 4
60 5
61 6
15 63
93 92
60 2
12 53
53 3
61 73
54 50
75 73
67 37
45 90
91 33
72 0
93 43
91 67
67 20
30 81
42 48
87 30
6 29
31 37
72 74
24 44
84 97
87 4
97 90
78 33
35 69
59 90
92 84
79 67
97 54
86 65
65 29
67 45
25 13
26 2
13 40
39 56
26 71
84 36
18 44
81 37
12 12
52 48
85 50
22 89
91 22
21 91
63 79
67 89
13 91
8 29
40 24
9 41
70 63
49 15
93 70
78 29
48 22
76 51
23 36
25 19
52 25
49 45
38 75
35 1
9 10
28 54
71 96
30 7
32 35
51 72
42 54
65 33
17 48
6 41
81 41
60 49
10 4
81 82
70 75
72 96
X
85 66
15 77
26 9
45 91
82 53
87 31
98 2
13 87
37 13
92 7
88 25
14 89
68 12
13 71
11 3
74 8
45 8
60 16
22 35
45 63
38 69
X
63 1
19 23
24 70
43 50
14 81
7 73
20 39
94 66
47 69
36 69
70 43
75 72
20 69
52 77
28 5
95 92
91 26
68 43
24 26
46 79
17 5
73 85
20 10
43 63
5 53
50 41
5 39
61 22
37 57
26 4
51 55
68 81
27 45
46 21
15 95
91 56
64 6
70 82
95 51
48 83
18 87
12 28
29 2
81 66
39 68
93 12
70 41
46 64
10 94
X
91 57
77 60
13 96
78 68
79 28
32 34
47 98
97 13
58 66
65 88
27 28
34 80
28 17
37 25
80 50
38 76
58 25
33 84
94 93
84 57
20 79
3 54
15 92
87 66
33 47
83 65
82 56
3 8
36 63
85 43
46 28
72 49
88 80
83 84
64 51
85 90
3 5
65 52
60 10
44 40
41 5
23 8
17 87
56 69
23 54
28 62
10 75
16 47
48 98
70 19
15 37
12 76
18 59
32 5
98 32
30 24
74 26
36 72
79 59
38 22
2 56
72 35
33 72
46 27
5 57
91 3
33 71
2 80
24 10
3 7
94 12
85 97
1 76
77 46
16 53
87 72
11 64
60 12
26 70
91 1
76 14
21 44
24 91
64 32
74 48
95 5
0 18
16 48
41 15
49 17
98 66
82 83
17 81
75 90
59 77
51 69
26 13
65 37
96 51
32 75
92 90
72 4
97 58
30 43
31 22
87 83
35 11
44 85
68 25
10 59
82 82
14 15
9 44
89 84
39 82
56 71
92 77
14 39
60 23
74 73
33 82
70 50
88 5
56 85
34 44
56 10
27 41
14 93
90 14
6 40
77 50
27 11
82 74
13 98
51 47
55 4
6 74
24 17
23 41
44 67
11 44
5 43
1 55
44 68
0 54
28 81
36 91
23 7
23 30
32 24
X
53 75
47 36
55 75
90 4
64 62
29 95
53 54
6 70
71 58
76 44
95 35
69 44
83 24
74 62
57 94
89 65
11 38
60 46
41 50
16 30
95 40
13 2
21 98
77 0
12 5
15 16
68 92
17 54
3 31
88 79
56 49
8 41
85 11
0 5
19 46
90 96
78 69
29 50
57 91
23 82
52 15
62 58
49 40
83 87
45 31
67 72
63 12
4 76
82 48
85 13
29 83
6 53
69 58
55 1
0 87
87 38
86 86
16 42
24 54
89 2
96 40
66 43
69 10
89 17
31 33
64 75
89 35
32 38
34 98
64 88
0 31
58 5
73 12
31 58
9 51
80 54
6 22
46 61
77 89
37 69
60 69
86 78
86 1
59 58
26 57
79 48
57 20
7 48
54 22
22 18
29 69
4 55
87 35
32 27
56 16
3 74
19 81
63 6
39 69
43 41
97 38
94 44
X
71 64
95 98
74 94
30 62
44 48
38 39
60 19
8 98
68 97
51 89
60 45
46 63
83 43
66 78
86 88
89 56
69 80
20 26
52 14
28 63
23 62
21 73
79 58
45 70
18 76
29 84
64 90
6 27
61 61
39 92
62 45
44 79
83 95
16 9
92 78
82 32
31 88
54 52
14 16
37 60
36 92
90 71
50 81
93 13
75 38
3 94
5 49
75 40
71 21
74 30
7 25
44 45
41 64
81 50
2 14
54 96
53 44
62 76
83 15
89 54
74 4
87 53
0 60
71 48
82 11
32 85
15 96
21 14
63 48
23 26
47 58
79 8
34 86
41 46
64 47
56 47
72 15
76 42
0 34
84 61
60 22
24 74
81 36
40 65
34 6
76 19
12 38
9 87
11 80
4 15
80 81
8 5
19 7
49 97
77 62
86 24
39 46
43 29
53 28
30 86
39 58
64 43
79 32
96 45
98 15
78 36
96 80
2 60
0 75
82 24
78 54
71 78
78 5
50 65
47 26
10 62
47 34
76 1
14 86
28 36
91 63
16 14
91 9
72 59
88 65
25 25
33 7
31 71
58 63
87 75
81 25
39 14
X
64 65
24 83
79 75
79 77
14 46
2 81
44 75
88 60
2 51
80 46
85 22
16 16
30 70
33 48
18 29
10 16
14 10
49 98
43 70
14 71
61 54
38 84
80 93
11 7
10 14
24 4
60 34
90 24
4 21
73 74
25 17
24 79
28 12
21 51
24 66
83 2
38 85
19 9
94 86
84 29
96 1
22 88
71 13
46 56
12 91
93 79
93 17
70 1
76 39
68 49
55 3
69 36
69 17
52 4
17 52
61 38
78 20
90 89
64 7
66 3
17 47
9 69
22 57
43 66
55 90
27 36
76 54
92 50
6 23
58 45
72 39
24 57
23 90
92 1
80 94
96 18
21 5
71 87
6 44
63 39
41 60
98 7
55 9
45 92
36 49
70 48
17 35
28 57
50 91
35 5
14 21
22 72
30 94
38 13
64 54
5 25
56 91
45 46
43 1
87 95
96 4
43 88
3 68
47 66
36 26
35 40
31 44
2 97
50 85
30 71
79 56
57 29
42 91
2 72
92 55
16 90
3 6
74 93
95 66
95 46
87 78
92 32
77 29
94 11
83 36
95 54
79 40
14 0
6 3
12 54
16 43
6 9
11 6
98 55
57 93
88 67
66 36
8 12
27 26
14 18
40 10
27 55
93 1
33 43
16 75
46 49
85 41
77 91
20 37
56 5
8 45
23 53
29 4
44 89
25 83
28 46
28 20
3 27
0 30
16 92
37 26
97 89
85 95
89 64
46 80
80 76
46 46
31 96
14 7
47 30
50 62
89 40
45 2
58 79
85 86
24 59
72 7
87 65
39 10
50 83
8 52
67 7
6 16
37 42
4 54
13 90
93 58
2 22
0 74
74 84
62 34
57 0
66 63
67 49
32 26
2 17
96 54
63 0
72 48
40 97
69 62
93 57
7 27
75 6
23 81
49 9
52 30
3 73
77 93
27 34
3 40
8 66
54 6
28 39
76 12
67 2
60 65
57 88
13 5
5 90
5 46
22 36
94 89
88 39
52 5
68 70
37 63
81 2
70 21
16 74
33 35
24 24
22 98
39 45
72 33
71 35
3 57
91 87
51 29
92 46
63 21
61 94
54 30
70 42
75 39
19 86
94 73
59 79
2 12
80 88
33 58
59 14
9 83
45 12
92 81
59 0
33 26
19 44
72 63
76 47
27 5
46 2
16 28
64 10
5 87
79 19
74 31
69 89
3 80
23 75
80 60
77 59
58 94
25 56
62 38
31 90
40 85
47 64
19 4
34 33
6 30
76 72
11 53
79 83
75 80
77 32
95 59
26 38
71 79
62 46
60 80
66 2
10 44
77 47
56 7
1 78
72 62
42 12
13 79
96 12
36 87
41 54
76 74
46 59
12 86
87 14
70 59
75 65
0 32
22 20
65 44
95 3
1 71
57 82
21 56
1 89
77 4
89 42
59 10
7 21
25 5
85 49
19 32
91 96
14 94
81 17
86 6
77 45
78 48
47 52
10 81
10 98
36 84
11 46
8 89
37 35
24 78
42 58
51 66
12 68
47 62
16 3
47 96
62 96
79 26
37 61
44 53
27 60
98 86
57 84
86 59
20 35
75 61
55 73
38 90
47 50
66 17
11 95
26 41
60 18
80 77
61 16
59 69
42 36
71 49
89 94
37 71
19 10
7 46
97 6
19 17
23 78
15 98
67 38
91 53
18 90
5 50
41 4
41 36
32 88
71 22
42 4
66 28
X
20 84
72 6
89 3
56 29
17 83
54 97
43 11
66 88
57 71
16 20
93 37
90 88
61 59
60 66
3 95
70 23
69 21
68 44
28 92
52 91
80 83
15 5
78 6
15 14
77 36
25 39
32 23
93 23
0 73
15 17
43 18
61 62
60 57
5 28
31 67
66 31
56 36
56 4
70 38
88 12
66 77
13 43
59 28
77 49
63 53
3 84
54 7
14 36
93 94
62 47
25 74
82 98
96 82
7 98
78 47
9 12
95 53
81 47
65 41
77 39
7 81
53 77
23 50
7 18
81 93
88 2
39 83
84 15
46 66
4 6
37 4
74 98
7 79
86 39
45 75
98 9
92 48
82 30
25 94
20 40
36 56
23 66
79 18
45 78
34 28
61 75
93 49
85 73
22 75
69 40
57 87
26 11
39 98
50 88
54 21
38 70
91 43
9 64
26 81
96 89
49 51
38 35
48 48
19 40
28 72
67 53
20 53
93 44
15 54
53 57
78 51
51 71
34 50
12 88
27 16
X
22 37
85 1
8 50
89 44
45 9
25 26
54 3
86 0
98 10
6 81
62 57
1 3
10 43
33 65
18 83
22 59
38 24
57 56
22 73
38 9
45 59
34 46
18 39
74 90
62 69
17 11
83 10
75 55
74 6
37 64
63 52
85 51
17 60
91 83
65 23
63 22
85 59
37 9
27 2
22 58
84 3
73 92
55 17
35 83
97 91
65 16
52 65
43 53
9 98
15 27
17 98
60 17
3 20
56 9
9 94
71 91
8 28
74 15
53 19
93 96
98 12
92 79
57 1
28 49
83 79
35 24
11 41
83 82
96 6
17 44
17 46
88 17
7 28
41 19
0 12
4 8
90 77
36 55
20 19
65 17
8 26
41 57
9 21
96 88
88 82
4 78
6 66
84 83
52 27
62 15
8 8
7 53
67 43
32 89
42 66
46 47
76 65
12 78
23 33
73 23
71 7
69 50
55 70
76 85
11 63
28 89
60 78
95 16
22 56
6 65
96 48
86 7
48 56
73 71
48 9
75 30
23 9
89 52
33 74
45 23
41 69
70 9
11 36
36 43
9 8
87 81
24 41
63 65
91 29
33 79
12 4
9 80
25 2
61 45
64 13
55 50
93 3
97 37
21 31
25 66
65 97
80 82
56 65
4 22
96 72
54 71
52 49
9 19
20 7
9 86
39 64
89 67
41 7
62 42
58 51
90 94
18 18
47 22
48 30
90 31
28 79
90 82
95 13
44 47
65 78
55 38
46 0
29 74
65 27
2 95
28 71
29 98
67 30
54 94
32 95
4 98
78 57
10 61
98 88
57 38
93 67
76 20
70 86
30 6
82 1
9 28
38 52
34 9
64 78
24 95
88 7
95 6
75 19
37 12
75 8
4 93
43 65
83 83
36 36
54 79
83 8
37 67
5 15
46 24
11 9
11 42
87 48
30 95
91 36
18 8
65 49
11 65
93 36
5 29
26 29
7 33
67 63
55 48
16 15
46 89
66 25
17 50
49 54
61 44
34 38
25 60
54 69
84 66
36 76
66 83
90 87
76 96
68 91
7 72
17 59
2 15
66 58
8 83
75 13
10 19
45 19
81 19
38 48
39 57
53 8
73 13
32 48
96 79
56 95
3 46
74 13
76 36
46 65
54 32
80 20
58 72
63 76
95 21
43 10
36 25
48 68
8 21
42 88
91 2
37 75
28 24
88 33
42 89
81 92
98 52
66 64
74 33
60 7
80 55
62 73
66 39
31 62
88 86
18 64
71 62
59 91
3 16
98 90
84 56
14 30
35 45
46 74
73 58
94 57
X
91 61
89 59
15 8
92 38
38 47
7 69
66 6
23 61
36 46
17 25
34 55
59 52
87 84
35 90
4 5
5 5
54 15
73 70
49 63
22 86
41 89
64 61
62 52
38 58
8 44
39 9
7 54
78 52
67 69
45 65
16 49
47 24
80 23
76 16
80 17
75 75
7 88
66 21
61 74
14 73
84 44
35 60
41 87
25 16
13 6
95 88
21 30
81 64
69 53
55 57
23 85
87 36
22 87
81 77
24 30
9 72
2 77
57 36
11 93
15 94
67 12
62 60
98 25
34 47
55 66
28 25
82 3
73 84
16 81
30 11
24 33
43 96
80 66
41 30
82 93
81 83
64 86
26 17
9 47
21 8
1 64
52 72
3 49
67 29
90 55
42 42
17 51
14 28
17 36
9 13
2 87
98 45
37 49
4 53
51 7
85 91
71 93
90 97
66 50
13 41
53 27
93 21
33 44
12 79
79 81
76 23
25 28
18 34
66 47
10 8
83 61
74 92
29 55
59 70
14 41
61 12
52 45
86 27
72 93
21 94
62 93
22 96
14 26
93 75
47 56
21 83
44 18
1 40
88 49
62 48
9 29
62 66
82 54
85 63
6 83
86 42
37 77
26 80
19 66
33 3
55 43
90 53
82 88
70 96
9 73
96 39
50 5
81 78
49 80
34 76
51 0
89 79
82 73
49 24
60 24
66 92
82 69
47 16
62 41
94 2
0 39
24 72
81 87
71 74
53 95
5 30
58 56
17 38
8 80
89 82
72 71
75 67
47 53
92 63
59 1
47 65
28 13
89 34
90 41
24 25
11 68
29 7
7 37
33 16
30 66
42 51
28 29
38 92
74 58
84 85
56 0
42 37
24 32
35 93
14 40
63 61
90 26
7 62
73 40
48 46
22 34
79 37
21 19
46 72
52 59
11 26
62 98
28 23
1 18
67 78
16 82
29 79
7 74
58 97
73 93
95 78
7 83
45 38
69 5
78 78
11 81
88 73
63 20
88 92
68 9
73 0
11 27
88 87
77 27
19 6
86 26
92 71
95 4
48 8
13 24
11 61
45 22
63 87
24 64
67 34
85 34
93 65
7 36
45 25
12 80
66 22
62 64
85 57
59 4
13 80
63 34
97 10
51 9
89 8
39 73
71 28
89 51
70 54
76 9
1 4
91 30
81 56
60 36
66 97
40 90
41 92
9 26
53 38
94 81
57 51
79 73
35 22
12 57
27 23
21 82
19 2
96 9
28 33
2 86
30 77
91 85
12 17
81 4
38 65
29 57
34 74
6 31
27 24
40 72
92 70
80 98
39 43
52 66
20 73
88 8
61 39
33 91
0 82
58 16
91 23
82 94
67 55
66 16
96 98
66 35
35 50
79 14
12 72
13 11
41 23
42 10
80 36
85 40
31 89
80 86
21 28
58 34
1 45
75 10
82 75
32 8
52 70
51 36
13 78
81 53
8 19
19 29
87 88
34 19
54 78
95 90
3 48
71 5
67 76
69 97
68 77
3 18
81 46
86 75
9 20
97 16
86 64
21 12
81 24
29 8
65 7
38 49
86 32
28 28
96 43
62 92
45 88
97 15
36 39
2 64
24 97
55 68
35 20
44 19
76 41
36 32
46 38
28 95
41 77
45 1
62 33
19 92
38 73
8 18
27 51
25 3
12 0
60 11
18 72
87 7
8 63
98 37
43 67
12 55
48 52
97 32
12 6
21 25
67 40
63 92
86 3
3 60
10 66
13 26
31 45
73 67
68 14
14 55
68 45
92 66
46 29
29 43
56 72
61 63
26 64
81 70
15 35
28 30
54 81
82 70
34 2
49 70
4 83
56 76
60 35
41 59
47 70
40 23
27 10
8 31
69 59
9 79
88 26
58 2
15 41
97 31
10 30
13 32
31 72
19 25
39 24
76 67
97 26
37 95
29 93
76 94
47 29
94 68
25 80
67 58
21 32
9 1
55 74
41 41
90 16
10 46
81 30
55 22
47 45
64 5
20 8
87 47
38 97
86 66
78 25
17 15
52 38
85 36
75 83
92 24
2 84
13 20
29 54
10 96
59 65
54 46
50 89
5 3
10 20
37 62
90 25
12 48
53 63
6 51
21 23
93 15
38 53
31 39
87 86
27 62
60 73
18 2
52 86
65 56
60 86
21 67
32 56
38 86
55 21
97 80
65 57
11 23
68 88
49 16
X
89 24
18 65
1 81
19 42
20 33
68 16
90 83
43 74
32 47
9 77
29 25
22 32
76 24
58 70
55 93
71 34
52 58
6 39
0 81
28 45
19 74
82 20
37 97
59 15
40 93
98 58
86 28
X
3 63
10 17
49 29
16 23
22 44
57 44
79 36
54 13
34 39
97 74
30 21
72 10
20 29
8 23
3 51
69 6
87 0
58 12
10 78
19 38
17 18
44 80
18 98
15 46
70 39
21 76
1 23
40 75
66 62
22 5
X
97 69
29 32
71 3
25 75
98 84
36 11
77 2
27 61
92 95
28 6
84 84
55 40
90 95
54 65
49 81
3 21
10 57
78 56
5 94
17 13
8 38
53 1
48 29
60 37
36 9
65 38
96 53
82 10
91 88
29 10
54 88
98 21
53 48
54 60
18 81
5 8
57 47
67 81
84 53
91 45
30 85
0 1
52 26
83 63
4 92
35 13
61 42
67 92
58 53
49 56
35 59
43 33
61 14
66 93
84 96
62 55
8 73
54 87
8 20
8 27
56 66
12 83
4 95
90 1
90 76
86 90
29 39
18 89
83 14
7 85
93 73
1 21
98 22
4 25
76 52
23 69
41 63
78 38
53 85
43 35
21 13
42 23
19 53
30 49
41 37
84 38
58 39
82 37
32 20
70 28
5 54
14 84
96 22
15 55
92 82
77 21
54 75
26 26
52 57
51 97
46 36
42 25
15 10
54 68
56 59
68 83
7 92
66 0
57 9
55 85
58 35
18 66
41 76
59 6
55 34
10 71
37 34
79 46
88 93
59 61
41 40
X
59 57
91 68
76 86
43 54
42 52
28 66
6 32
63 5
11 11
24 12
72 70
96 67
68 11
56 20
79 30
83 68
91 54
50 25
22 16
69 25
90 45
36 85
25 98
68 53
11 37
43 94
98 67
25 73
35 86
20 31
74 20
53 16
71 12
67 57
17 7
58 9
23 31
20 6
49 39
35 33
96 5
72 67
19 65
24 49
55 86
63 68
53 4
32 40
69 15
11 79
42 95
54 8
89 60
77 26
15 18
91 25
64 50
97 82
2 94
71 45
91 97
54 73
23 65
45 50
94 94
48 2
36 93
57 14
38 5
59 76
71 71
55 58
1 98
35 25
65 1
16 45
11 8
16 10
85 82
78 30
71 39
69 19
18 32
18 48
25 68
47 47
57 76
38 4
48 67
9 63
57 70
86 34
56 6
60 68
39 85
41 51
18 30
91 39
8 10
47 7
2 41
14 90
78 71
6 7
1 46
11 22
66 29
76 34
97 4
68 5
2 59
36 75
15 6
9 57
53 81
28 3
91 89
63 84
23 23
54 61
31 28
65 64
11 94
60 38
94 67
56 37
16 19
23 84
24 23
95 39
81 59
9 14
40 89
28 8
72 12
75 44
58 52
93 74
39 74
79 31
76 62
69 31
23 11
40 53
80 45
42 96
0 79
25 23
5 27
54 59
4 27
88 81
35 61
25 11
1 96
34 23
91 79
52 88
35 72
71 33
36 35
33 15
71 67
90 37
84 41
61 2
68 48
61 52
45 54
55 89
31 35
21 96
18 58
55 24
94 82
77 1
49 76
18 31
1 44
19 5
82 41
79 15
47 41
82 96
21 16
16 38
22 48
47 11
55 32
3 53
43 23
19 85
16 59
40 35
13 89
95 65
93 61
40 86
51 48
48 7
69 91
81 58
15 97
77 20
54 77
22 90
93 9
5 16
76 77
83 67
48 39
71 9
30 79
92 60
82 15
93 22
50 7
85 24
50 40
23 58
42 92
50 53
60 58
80 59
91 98
58 4
4 16
96 46
59 34
16 54
2 69
93 63
63 32
87 59
56 3
98 13
82 42
18 73
1 83
24 52
93 41
33 92
40 50
0 4
67 80
94 64
98 89
75 64
12 23
70 13
53 93
37 90
4 68
52 78
65 77
37 39
76 45
82 46
55 44
33 4
18 88
49 61
15 43
84 89
21 34
61 56
43 92
23 10
59 42
52 0
89 25
30 27
97 95
8 72
87 3
84 9
11 15
77 77
13 94
10 72
14 8
38 94
69 35
69 82
59 85
18 51
4 86
69 61
53 6
14 22
84 28
X
41 93
66 98
81 95
78 44
51 6
87 11
11 4
5 23
67 79
1 60
70 16
2 39
58 0
42 65
63 97
0 35
76 68
47 4
55 23
59 54
47 38
71 75
89 27
68 94
93 4
10 70
38 20
78 59
83 6
56 41
59 83
10 84
36 77
23 63
49 11
79 7
70 49
85 4
87 39
59 5
43 98
68 6
53 40
28 38
80 61
76 22
69 34
55 33
70 7
51 8
33 55
12 47
41 52
71 36
29 72
52 63
14 2
20 50
60 32
8 78
76 35
55 78
56 93
23 12
55 62
70 11
7 13
89 69
5 52
94 22
12 50
3 66
9 16
68 57
48 66
86 76
97 20
5 82
29 37
86 89
42 26
74 36
48 63
70 10
49 46
56 22
57 40
55 45
48 62
29 59
10 65
15 90
34 3
57 66
13 23
58 23
90 66
90 61
17 74
57 69
98 87
1 63
86 41
65 48
62 37
83 60
82 92
20 56
68 37
89 48
19 3
19 20
69 84
14 77
0 45
56 97
31 94
97 25
72 24
89 78
90 7
93 78
64 37
75 96
58 77
52 3
3 17
94 95
85 14
32 29
32 83
73 54
91 35
72 34
38 89
47 33
41 90
9 82
72 84
58 48
38 7
46 86
60 53
18 50
92 9
84 87
65 72
45 32
21 37
72 90
91 10
35 30
0 80
34 14
36 53
27 57
37 54
60 55
15 87
29 75
34 83
10 21
45 55
49 38
45 40
49 83
90 12
57 2
43 5
64 85
98 85
93 5
75 81
49 82
88 68
67 8
55 14
41 31
19 15
94 48
45 4
74 3
77 30
38 34
53 30
11 24
66 61
30 51
87 55
59 20
40 47
20 30
6 95
88 50
64 16
68 72
4 30
53 11
71 17
86 8
37 74
68 40
75 22
31 34
22 45
21 78
94 84
20 32
64 2
51 88
60 84
41 18
57 48
4 77
23 79
63 8
40 96
64 23
60 4
35 9
29 51
28 94
1 30
24 88
86 94
7 93
8 15
65 79
52 2
6 38
62 61
78 89
94 13
13 47
60 15
91 59
91 19
42 32
52 6
89 50
16 89
67 84
56 53
2 50
74 49
66 38
58 65
15 13
20 55
73 59
22 83
7 15
3 26
53 96
64 48
16 11
7 91
59 23
54 92
46 26
X
92 56
78 55
78 79
53 58
77 22
73 4
92 34
3 79
68 22
53 82
34 79
36 62
73 39
74 35
98 57
27 12
86 53
62 95
65 89
37 41
52 34
40 25
27 53
29 22
62 26
85 21
67 93
64 35
98 3
92 22
25 24
95 64
6 43
86 25
77 54
72 53
54 98
5 6
19 72
62 97
69 42
50 77
58 89
22 55
83 13
30 46
65 0
92 19
12 1
32 32
91 76
27 4
18 74
81 69
24 13
30 76
51 91
0 71
39 89
47 81
48 51
38 96
85 9
34 93
17 66
29 87
35 74
74 59
5 89
76 59
49 14
84 43
50 3
67 1
16 67
49 88
95 87
82 71
85 30
88 15
63 36
40 74
13 54
41 56
7 16
2 76
43 19
52 20
81 45
26 53
7 41
17 9
48 25
39 36
95 47
13 72
25 10
47 39
56 54
9 84
95 68
25 35
16 79
89 41
91 80
53 53
2 11
56 43
80 14
20 94
27 13
52 50
12 71
0 37
14 72
63 47
53 73
48 40
64 72
2 79
78 43
10 1
25 69
96 68
5 51
82 85
47 79
25 76
36 88
92 54
16 63
X
45 37
47 27
88 76
2 54
60 59
23 51
26 44
16 8
82 80
53 5
54 26
40 21
39 23
59 40
83 53
76 21
97 18
10 22
19 50
81 27
93 48
9 5
76 84
38 46
79 71
84 63
19 12
94 72
8 81
96 16
82 86
63 71
60 91
33 77
71 10
88 74
33 60
56 79
19 21
48 95
86 58
52 33
29 47
78 61
80 4
15 52
71 44
24 21
16 83
84 4
2 16
79 93
81 84
2 29
51 92
50 46
5 56
98 82
2 27
64 83
75 43
94 42
62 75
96 38
20 23
45 0
75 74
53 72
87 41
89 11
23 86
28 85
82 84
93 30
47 9
3 81
39 42
64 22
59 48
24 62
81 76
88 84
89 45
41 91
59 55
59 19
56 30
21 48
98 47
25 84
29 14
63 69
13 50
29 48
58 21
12 63
52 18
20 57
44 12
80 25
60 33
63 78
1 74
83 39
77 76
83 38
69 79
10 9
28 60
79 98
70 85
57 79
18 9
73 65
87 22
91 7
21 66
57 74
16 5
9 74
41 49
25 14
50 45
39 33
60 51
9 42
2 78
90 9
78 75
42 93
82 38
71 63
45 94
69 9
47 49
50 66
60 71
95 17
39 79
13 42
66 30
89 68
71 32
31 47
67 6
3 82
28 7
79 94
12 82
46 13
31 36
22 79
18 15
81 96
7 51
44 6
65 71
23 83
22 77
20 77
79 44
98 83
33 27
73 55
70 77
67 47
77 64
14 19
15 34
2 61
53 59
11 1
72 14
31 31
15 47
38 91
55 91
1 90
35 82
20 76
85 92
92 17
71 56
22 30
3 9
86 96
48 10
70 17
1 16
24 16
70 55
77 82
11 40
84 11
15 28
55 18
8 49
29 20
63 4
98 5
63 13
84 40
93 93
2 67
88 4
75 45
73 48
22 91
26 82
73 61
50 35
47 46
15 21
82 60
90 32
76 10
57 90
2 82
89 16
28 55
83 23
0 72
50 90
8 85
70 73
59 71
28 87
35 44
84 76
20 38
46 37
94 74
31 66
68 28
28 93
92 20
60 14
91 64
32 84
48 36
56 87
66 91
93 64
18 35
31 63
7 86
94 78
4 73
42 24
35 43
3 92
60 75
55 41
74 43
56 90
19 84
45 34
17 4
66 45
45 86
38 43
75 31
2 92
18 78
15 36
35 98
68 2
34 13
X
65 50
14 5
49 12
54 18
57 15
10 18
62 94
33 81
59 33
88 57
39 8
38 72
28 77
33 29
95 58
28 16
86 43
17 34
48 43
75 26
53 37
29 71
79 62
44 65
34 52
32 57
23 93
4 14
5 91
79 38
83 77
17 58
20 15
26 68
68 24
39 51
56 23
69 72
58 90
54 14
18 16
13 13
51 56
98 74
78 60
71 24
30 12
85 35
93 24
34 43
7 59
40 20
45 27
47 48
55 95
1 2
82 66
45 24
85 5
94 90
86 12
64 94
72 8
70 68
49 44
68 56
64 8
67 26
88 48
16 37
37 36
85 42
39 93
74 51
26 59
17 20
64 36
54 48
64 84
4 26
91 95
34 48
39 11
13 21
88 13
59 32
93 55
62 39
34 65
41 65
49 52
96 50
35 77
27 66
86 55
44 36
13 1
62 85
38 68
35 2
36 29
97 53
75 53
55 6
39 61
39 44
20 81
69 83
59 9
46 40
28 75
77 68
30 39
61 80
10 28
31 75
1 17
29 1
73 2
14 53
0 97
94 91
35 49
23 20
52 29
76 11
89 93
6 64
60 42
10 86
9 46
43 36
84 55
96 20
38 67
31 74
87 1
31 77
61 84
34 56
27 6
26 62
10 11
96 92
55 96
12 62
68 19
44 13
9 96
55 16
X
73 14
61 77
68 78
72 17
94 8
49 26
88 1
6 58
11 5
75 27
19 94
59 37
70 97
94 69
77 81
15 89
78 8
62 25
6 19
83 74
89 55
65 12
82 64
50 37
33 95
30 38
94 97
72 66
49 77
53 45
71 73
25 4
4 13
4 24
2 55
56 8
52 46
97 71
48 74
19 47
68 17
39 91
17 12
86 57
15 93
26 69
82 97
87 25
82 35
85 7
7 64
8 6
7 67
11 25
50 84
13 97
13 83
37 65
61 64
73 18
63 15
62 59
67 56
51 65
88 3
3 15
12 84
55 19
55 25
36 44
6 5
42 71
29 63
20 86
93 81
37 15
4 57
85 8
17 82
81 51
53 78
5 83
48 17
82 44
73 22
84 27
90 43
51 45
6 57
39 26
39 5
19 33
9 58
91 78
40 22
47 78
93 14
26 98
26 72
86 85
24 15
85 56
75 12
32 28
73 83
98 56
70 84
36 33
8 35
25 61
28 50
36 89
67 39
13 33
15 3
26 7
94 47
59 16
84 42
86 38
64 28
33 78
23 89
4 66
71 97
67 22
11 48
61 65
70 51
94 80
63 38
47 67
84 59
33 45
24 69
24 47
74 65
91 51
60 76
58 67
1 75
51 34
89 31
57 64
22 47
51 82
64 70
79 97
61 85
63 64
92 93
94 96
29 36
51 46
90 3
93 89
12 16
74 23
36 38
89 43
19 31
10 2
41 98
13 82
89 98
74 10
5 86
27 71
46 96
56 45
58 71
24 29
78 32
4 4
18 17
41 12
81 68
35 48
51 74
7 94
85 15
56 57
41 62
98 24
62 83
56 14
30 4
7 22
89 33
36 8
26 23
83 90
41 48
20 24
32 43
23 47
52 84
10 6
86 98
32 90
66 14
88 95
43 42
29 33
56 64
56 94
15 12
34 89
12 87
51 37
66 10
90 52
85 25
92 12
42 46
25 59
26 10
39 25
31 69
31 81
72 73
73 53
96 47
52 68
68 55
64 9
85 37
37 7
37 14
68 96
53 22
83 5
X
91 37
47 32
58 10
X
79 22
46 44
84 90
23 38
70 31
10 12
70 35
85 74
37 87
98 17
88 83
54 49
77 19
74 96
70 33
70 70
57 81
22 13
X
X
X
X
X
X
X
X
X
X
X
X
X
X
X
X
X
X
X
X
X
X
X
X
X
X
X
X
X
X
X
X
X
X
X
X
X
X
X
X
X
X
X
X
X
X
X
X
X
X
X
X
X
X
X
X
X
X
X
X
X
X
X
X
X
X
X
X
X
X
X
X
X
X
X
X
X
X
X
X
X
X
X
X
X
X
X
X
X
X
X
X
X
X
X
X
X
X
X
X
X
X
X
X
X
X
X
X
X
X
X
X
X
X
X
X
X
X
X
X
X
X
X
X
X
X
X
X
X
X
X
X
X
X
X
X
X
X
X
X
X
X
X
X
X
X
X
X
X
X
X
X
X
X
X
X
X
X
X
X
X
X
X
X
X
X
X
X
X
X
X
X
X
X
X
X
X
X
X
X
X
X
X
X
X
X
X
X
X
X
X
X
X
X
X
X
X
X
X
X
X
X
X
X
X
X
X
X
X
X
X
X
X
X
X
X
X
X
X
X
X
X
X
X
X
X
X
X
X
X
X
X
X
X
X
X
X
X
X
X
X
X
X
X
X
X
X
X
X
X
X
X
X
X
X
X
X
X
X
X
X
X
X
X
X
X
X
X
X
X
X
X
X
X
X
X
X
X
X
X
X
X
X
X
X
X
X
X
X
X
X
X
X
X
X
X
X
X
X
X
X
X
X
X
X
X
X
X
X
X
X
X
X
X
X
X
X
X
X
X
X
X
X
X
X
X
X
X
X
X
X
X
X
X
X
X
X
X
X
X
X
X
X
X
X
X
X
X
X
X
X
X
X
X
X
X
X
X
X
X
X
X
X
X
X
X
X
X
X
X
X
X
X
X
X
X
X
X
X
X
X
X
X
X
X
X
X
X
X
X
X
X
X
X
X
X
X
X
X
X
X
X
X
X
X
X
X
X
X
X
X
X
X
X
X
X
X
X
X
X
X
X
X
X
X
X
X
X
X
X
X
X
X
X
X
X
X
X
X
X
X
X
X
X
X
X
X
X
X
X
X
X
X
X
X
X
X
X
X
X
X
X
X
X
X
X
X
X
X
X
X
X
X
X
X
X
X
X
X
X
X
X
X
X
X
X
X
X
X
X
X
X
X
X
X
X
X
X
X
X
X
X
X
X
X
X
X
X
X
X
X
X
X
X
X
X
X
X
X
X
X
X
X
X
X
X
X
X
X
X
X
X
X
X
X
X
X
X
X
X
X
X
X
X
X
X
X
X
X
X
X
X
X
X
X
X
X
X
X
X
X
X
X
X
X
X
X
X
X
X
X
X
X
X
X
X
X
X
X
X
X
X
X
X
X
X
X
X
X
X
X
X
X
X
X
X
X
X
X
X
X
X
X
X
X
X
X
X
X
X
X
X
X
X
X
X
X
X
X
X
X
X
X
X
X
X
X
X
X
X
X
X
X
X
X
X
X
X
X
X
X
X
X
X
X
X
X
X
X
X
X
X
X
X
X
X
X
X
X
X
X
X
X
X
X
X
X
X
X
X
X
X
X
X
X
X
X
X
X
X
X
X
X
X
X
X
X
X
X
X
X
X
X
X
X
X
X
X
X
X
X
X
X
X
X
X
X
X
X
X
X
X
X
X
X
X
X
X
X
X
X
X
X
X
X
X
X
X
X
X
X
X
X
X
X
X
X
X
X
X
X
X
X
X
X
X
X
X
X
X
X
X
X
X
X
X
X
X
X
X
X
X
X
X
X
X
X
X
X
X
X
X
X
X
X
X
X
X
X
X
X
X
X
X
X
X
X
X
X
X
X
X
X
X
X
X
X
X
X
X
X
X
X
X
X
X
X
X
X
X
X
X
X
X
X
X
X
X
X
X
X
X
X
X
X
X
X
X
X
X
X
X
X
X
X
X
X
X
X
X
X
X
X
X
X
X
X
X
X
X
X
X
X
X
X
X
X
X
X
X
X
X
X
X
X
X
X
X
X
X
X
X
X
X
X
X
X
X
X
X
X
X
X
X
X
X
X
X
X
X
X
X
X
X
X
X
X
X
X
X
X
X
X
X
X
X
X
X
X
X
X
X
X
X
X
X
X
X
X
X
X
X
X
X
X
X
X
X
X
X
X
X
X
X
X
X
X
X
X
X
X
X
X
X
X
X
X
X
X
X
X
X
X
X
X
X
X
X
X
X
X
X
X
X
X
X
X
X
X
X
X
X
X
X
X
X
X
X
X
X
X
X
X
X
X
X
X
X
X
X
X
X
X
X
X
X
X
X
X
X
X
X
X
X
X
X
X
X
X
X
X
X
X
X
X
X
X
X
X
X
X
X
X
X
X
X
X
X
X
X
X
X
X
X
X
X
X
X
X
X
X
X
X
X
X
X
X
X
X
X
X
X
X
X
X
X
X
X
X
X
X
X
X
X
X
X
X
X
X
X
X
X
X
X
X
X
X
X
X
X
X
X
X
X
X
X
X
X
X
X
X
X
X
X
X
X
X
X
X
X
X
X
X
X
X
X
X
X
X
X
X
X
X
X
X
X
X
X
X
X
X
X
X
X
X
X
X
X
X
X
X
X
X
X
X
X
X
X
X
X
X
X
X
X
X
X
X
X
X
X
X
X
X
X
X
X
X
X
X
X
X
X
X
X
X
X
X
X
X
X
X
X
X
X
X
X
X
X
X
X
X
X
X
X
X
X
X
X
X
X
X
X
X
X
X
X
X
X
X
X
X
X
X
X
X
X
X