16 67
1 61
79 51
11 37
79 17
55 33
47 67
94 65
54 95
60 72
38 96
46 29
88 86
88 43
41 24
98 8
59 69
8 72
34 80
8 75
29 36
17 51
22 86
20 42
34 11
27 28
59 66
8 79
32 78
12 63
82 4
40 48
80 73
4 67
6 84
92 8
72 4
65 88
48 7
19 30
73 23
52 54
3 88
48 80
7 37
3 7
44 4
50 81
33 48
27 2
26 16
23 10
32 98
3 92
68 59
93 91
73 59
49 5
86 6
57 0
80 78
25 68
69 98
63 53
48 34
20 38
85 35
31 33
5 94
95 82
54 39
89 49
19 86
47 38
98 88
16 9
36 59
63 61
74 93
69 30
38 43
10 18
19 65
53 27
5 5
77 41
19 73
49 41
54 97
92 67
24 4
78 82
82 5
45 10
5 16
90 4
45 78
92 55
56 84
23 25
39 21
59 17
0 1
13 13
1 5
32 35
65 52
47 62
49 27
25 39
25 21
60 11
26 11
42 12
26 29
95 79
74 89
91 42
34 34
17 11
47 53
66 98
61 57
32 90
41 87
12 19
21 98
57 2
13 19
94 82
29 37
44 5
33 98
92 15
17 74
17 62
1 20
73 35
40 35
70 1
25 14
2 16
64 86
20 80
67 70
76 23
63 60
90 16
66 38
41 36
93 25
44 26
32 34
4 98
44 98
84 35
91 38
68 12
89 48
73 51
49 10
24 87
50 65
63 58
42 40
68 50
27 59
69 31
6 6
2 97
47 30
52 46
36 79
71 97
47 81
49 3
73 77
34 28
85 64
68 93
80 96
82 95
96 92
97 0
66 45
41 18
89 65
15 77
78 17
23 51
9 84
92 83
89 56
90 41
70 54
24 56
65 1
93 75
88 66
26 25
65 83
16 31
79 82
80 95
94 73
38 62
4 94
15 10
1 17
61 75
76 21
91 49
76 55
11 25
15 95
40 53
70 35
46 48
39 79
77 2
72 85
18 40
24 88
64 72
9 6
14 93
29 26
58 1
14 96
50 67
66 63
11 27
21 84
18 25
46 62
43 94
23 36
48 13
49 74
43 41
10 62
92 98
22 89
12 80
62 47
20 40
43 20
58 88
29 70
82 33
60 3
55 4
64 76
67 0
29 71
95 39
73 69
56 19
69 2
12 95
68 36
44 23
70 74
85 39
67 61
77 9
60 5
16 11
34 10
8 45
71 7
86 85
74 51
10 80
63 11
47 22
81 13
57 18
43 75
15 91
96 38
27 63
80 83
67 27
67 43
67 37
98 22
6 4
63 39
64 54
28 59
84 84
63 95
10 71
96 37
1 95
43 46
38 44
29 39
22 50
31 86
72 53
69 58
54 3
34 74
15 26
57 69
95 16
84 67
23 43
36 72
29 10
24 86
59 67
13 76
19 82
34 45
64 13
14 80
26 9
80 25
9 70
79 19
86 92
78 25
87 67
6 40
86 9
70 91
7 54
92 65
21 47
49 12
22 33
69 21
26 64
83 78
56 40
95 7
67 44
59 46
71 63
77 10
46 33
40 4
93 67
45 40
14 35
0 94
64 57
22 38
17 4
56 73
66 47
48 54
16 10
51 35
9 13
57 65
67 92
80 44
66 10
53 53
63 37
7 25
86 16
91 85
55 1
11 53
87 98
56 65
10 44
13 8
57 51
57 63
14 73
78 40
14 2
5 65
13 11
84 81
86 77
97 32
14 30
71 57
52 2
58 18
68 43
91 91
44 92
83 95
55 72
68 31
52 7
44 88
71 90
17 84
55 96
54 59
52 34
85 22
39 11
23 68
25 83
21 5
74 61
93 9
53 95
86 24
90 8
75 38
24 95
53 52
55 60
85 54
89 83
61 62
68 44
72 9
80 16
14 16
20 84
34 56
80 97
55 81
89 39
44 96
71 10
1 11
85 38
16 58
56 79
89 15
54 18
82 64
24 53
37 97
25 54
53 72
21 41
95 81
88 5
2 71
33 59
59 35
35 77
88 13
73 91
63 38
22 57
27 53
88 73
27 24
41 41
39 49
61 47
50 72
12 15
80 47
83 67
64 94
38 46
86 45
42 45
47 43
24 10
41 76
97 44
98 17
10 52
69 48
96 19
28 4
43 25
93 23
86 38
68 48
16 87
6 75
37 68
69 59
20 23
12 9
39 93
18 83
85 77
38 5
48 6
71 64
59 93
56 69
15 24
88 12
93 53
84 26
22 96
41 31
47 84
60 36
95 3
82 3
69 34
12 6
40 72
55 88
59 85
21 73
72 51
62 68
61 23
53 91
58 21
81 89
26 66
93 11
60 49
90 29
73 54
22 7
6 16
11 55
73 2
84 90
82 18
58 50
81 63
67 59
35 76
48 51
32 20
81 22
1 30
86 41
81 47
15 15
17 45
62 84
48 47
91 61
50 75
25 29
84 38
76 41
45 22
14 41
23 48
56 16
1 96
9 44
87 73
41 38
94 95
82 49
58 48
10 29
2 74
69 81
24 35
43 54
82 54
77 1
63 71
43 88
43 51
49 32
91 68
65 41
3 72
86 7
13 33
15 35
81 84
7 88
79 81
1 22
7 97
28 70
94 14
7 73
7 28
92 12
61 72
89 10
92 33
7 33
28 38
93 56
11 56
44 48
73 73
73 41
56 87
48 27
8 15
77 23
13 49
13 50
78 49
9 94
16 53
13 26
67 89
97 25
82 59
70 49
43 93
62 25
39 54
18 24
12 1
78 74
44 80
75 58
28 33
43 53
97 53
20 73
42 91
93 5
2 8
90 52
39 15
54 41
40 54
34 26
18 41
21 82
11 1
38 36
66 64
98 18
42 65
78 69
95 92
77 26
46 58
33 50
47 52
3 78
20 0
55 19
16 6
18 34
12 87
4 46
43 70
79 33
94 87
39 98
63 70
18 7
82 20
17 54
8 97
59 90
29 98
13 45
0 96
63 93
29 81
21 35
70 55
8 98
72 91
35 39
13 81
67 7
7 67
12 47
64 84
60 66
66 65
30 45
6 55
19 32
24 43
65 62
28 71
2 22
82 60
71 74
10 84
92 93
1 53
84 8
3 6
67 25
43 9
79 27
65 5
96 79
87 77
86 47
55 55
86 74
60 7
13 72
37 9
52 91
35 43
22 4
44 56
25 42
18 1
2 77
82 50
65 19
20 55
65 47
86 78
29 45
62 70
26 81
41 64
73 11
83 45
35 41
29 67
70 3
14 58
45 95
9 86
12 81
88 1
83 14
63 68
54 94
71 24
80 43
51 93
91 89
77 32
88 35
49 49
40 5
7 20
82 80
25 33
22 58
83 91
58 67
42 85
14 6
16 77
98 24
4 13
39 50
71 87
63 8
24 34
64 61
60 26
23 3
44 89
73 66
83 97
60 16
90 56
61 71
23 6
74 42
80 34
92 96
38 32
60 92
21 94
68 45
74 81
86 55
55 18
93 6
40 20
91 71
64 80
34 18
24 91
61 38
81 37
22 97
20 47
89 5
82 32
33 49
80 26
42 35
67 40
51 19
59 20
26 39
22 78
8 41
44 85
20 45
24 58
8 13
64 88
80 42
17 9
69 50
8 23
96 67
59 48
34 84
50 25
1 7
75 8
20 28
64 35
74 39
66 19
19 11
94 33
79 56
2 6
60 32
26 7
97 17
48 9
40 92
6 65
59 59
86 98
59 62
58 37
34 16
6 93
30 27
97 82
15 98
25 44
33 82
89 45
69 25
32 25
60 38
32 37
3 5
20 69
69 19
18 20
98 75
88 11
85 4
83 19
33 65
48 22
9 21
80 45
27 39
79 39
12 48
36 35
28 29
64 63
54 76
25 61
28 60
28 16
12 92
69 60
34 81
29 96
64 97
9 11
42 72
94 58
70 0
90 79
68 7
57 34
29 68
38 65
58 47
73 72
20 22
71 93
33 73
38 9
56 10
46 79
22 90
30 86
56 42
61 76
18 42
20 54
5 67
60 51
54 12
22 45
97 49
5 50
71 96
70 25
83 41
73 24
26 38
12 62
54 91
57 92
63 34
64 28
93 18
59 78
93 90
19 23
90 17
39 47
3 96
25 72
66 82
11 34
41 93
39 56
38 77
22 76
68 27
48 37
43 1
72 8
79 85
92 24
87 50
89 17
10 81
77 89
83 24
19 38
89 43
81 82
7 36
3 52
22 70
7 56
75 53
49 50
76 68
67 1
73 62
56 89
76 62
76 51
44 64
3 67
78 61
80 93
28 78
61 22
1 10
57 60
81 85
96 98
36 12
96 12
54 47
1 83
59 44
53 21
66 80
67 12
13 90
22 73
95 45
46 63
60 76
61 44
34 90
84 77
88 95
51 17
53 92
52 59
85 47
24 59
6 43
81 2
27 57
82 79
14 46
13 71
91 50
71 39
50 80
66 41
81 71
87 22
53 63
89 54
71 73
18 29
93 96
23 20
83 43
21 22
82 11
40 91
5 22
12 18
96 54
28 66
91 36
47 49
85 66
21 4
94 75
13 18
62 76
85 56
18 3
16 30
47 42
94 74
60 41
84 9
68 15
96 22
33 17
47 11
31 47
21 36
9 18
6 31
67 34
78 13
68 26
67 33
23 97
95 67
95 51
13 38
38 68
91 16
88 54
22 79
77 96
27 25
78 36
18 8
82 23
71 89
55 59
56 55
47 98
26 53
24 62
69 54
85 86
20 8
91 45
9 15
80 20
67 88
67 82
86 3
82 29
59 5
69 79
39 13
94 57
55 66
71 49
54 85
19 94
41 98
49 51
25 37
90 10
89 69
2 66
32 77
75 20
92 95
61 14
21 19
74 30
63 45
52 90
80 76
7 79
63 69
83 13
7 46
34 86
58 9
88 61
83 63
36 7
7 98
85 91
87 42
75 78
61 51
95 47
45 47
44 46
98 55
14 53
51 37
56 80
46 52
59 56
24 44
70 68
62 37
31 73
18 87
31 80
74 60
91 21
75 89
1 78
33 31
27 50
30 23
43 34
20 46
16 81
43 35
90 71
22 22
94 80
13 48
2 42
78 75
21 15
55 21
56 75
40 21
32 97
84 16
84 36
77 12
8 5
24 36
95 78
2 57
53 55
97 23
10 21
75 66
53 22
66 83
83 87
91 59
7 55
57 38
9 73
19 79
38 76
68 6
9 35
2 30
23 2
16 14
79 45
59 41
68 41
54 61
90 26
94 72
29 33
73 84
94 66
35 19
37 63
68 56
60 19
9 47
13 80
7 65
6 41
29 93
73 4
69 35
12 25
37 97
65 14
48 96
63 44
23 11
45 65
92 36
3 58
11 57
17 15
59 72
57 59
8 29
33 21
60 45
55 47
0 73
72 96
63 78
36 71
10 55
50 6
12 10
3 23
45 0
58 72
50 54
79 34
33 91
92 32
56 88
75 59
72 71
17 20
67 80
87 45
47 98
23 50
87 54
52 14
76 0
33 77
96 53
38 61
98 84
57 74
71 8
13 16
50 71
98 82
73 27
91 7
57 73
9 79
58 13
93 13
53 11
40 41
34 50
48 66
63 77
16 61
58 69
41 60
85 42
10 8
67 90
84 91
32 80
90 19
7 62
67 4
55 31
10 66
47 68
59 86
18 13
97 10
5 27
56 51
87 15
18 39
93 20
80 69
63 13
34 76
41 10
41 49
74 16
98 9
22 21
86 87
76 36
61 78
11 19
76 72
61 24
26 95
6 69
41 68
44 40
87 2
91 65
68 90
58 52
7 5
10 75
92 38
53 49
44 20
23 8
69 80
85 1
87 9
18 30
93 73
76 27
36 78
49 45
76 77
61 80
82 44
42 48
85 24
96 96
45 6
8 38
88 72
6 63
15 55
70 23
70 9
10 28
94 76
9 39
25 7
96 51
1 75
22 8
71 75
30 95
36 32
50 13
14 40
72 92
5 23
13 73
73 21
35 84
39 59
77 28
81 70
30 72
23 37
69 9
5 80
36 36
65 32
93 47
20 78
19 54
56 83
32 58
24 83
78 35
56 95
87 30
37 47
66 32
35 49
16 16
15 47
96 2
93 79
75 71
63 12
42 50
67 29
36 49
29 57
49 9
89 42
87 43
94 55
50 24
53 87
87 6
65 70
75 91
31 65
51 15
12 65
90 32
34 77
38 85
35 9
52 68
77 80
88 45
67 22
10 59
63 84
25 76
28 44
54 68
91 26
40 86
65 57
82 91
42 54
55 24
30 52
69 62
8 26
7 59
79 32
76 61
98 16
27 73
23 42
50 23
9 1
53 57
44 63
22 28
36 26
62 12
85 85
64 38
60 4
69 47
50 15
84 39
56 31
42 76
27 26
75 19
49 38
40 52
63 14
40 9
93 88
28 37
85 30
53 14
12 14
52 66
79 37
77 50
7 64
85 40
76 14
57 88
37 62
31 88
20 57
22 75
58 42
7 92
30 20
21 33
13 44
69 6
29 38
66 43
62 61
52 29
47 9
48 97
81 75
28 56
33 95
81 32
47 56
15 93
76 64
51 65
64 12
26 41
42 66
15 41
94 35
6 82
57 3
67 32
62 49
84 5
43 90
43 67
33 85
45 72
29 50
79 52
98 70
2 63
94 97
91 66
50 84
32 26
91 1
76 82
56 90
33 10
63 22
45 94
47 66
13 96
70 69
5 29
88 88
77 49
39 14
20 77
28 79
51 82
51 71
40 55
1 98
63 49
67 30
10 40
25 90
4 57
71 58
23 87
65 38
26 13
56 54
82 75
21 30
53 77
12 0
22 51
38 98
92 56
59 1
54 82
45 35
58 91
54 53
48 24
86 53
29 81
66 50
38 78
65 39
1 45
95 6
37 6
26 63
73 17
19 6
5 40
79 35
43 55
24 64
57 36
31 94
32 65
87 80
78 71
40 7
84 37
6 32
58 78
23 85
13 17
8 51
34 55
24 85
79 14
72 65
40 74
72 61
65 79
81 25
59 70
92 54
52 69
15 16
1 81
46 53
76 24
49 24
95 53
21 9
96 7
19 85
77 83
30 48
58 39
88 24
23 89
50 52
56 7
83 37
81 1
64 96
11 13
18 49
98 13
34 47
81 43
12 50
76 48
58 63
98 10
53 71
14 86
29 80
21 56
25 32
11 59
96 5
11 41
41 15
38 22
94 54
73 48
9 2
81 93
76 74
55 85
63 5
78 44
77 77
78 55
91 25
88 25
92 3
33 14
79 98
24 49
35 11
88 2
22 77
50 42
43 95
44 24
73 39
26 10
98 12
72 15
54 69
55 73
11 11
12 71
78 8
94 45
79 6
97 12
48 42
23 91
92 61
57 66
26 15
12 7
21 43
53 94
37 33
6 48
76 10
72 67
2 5
14 14
78 5
11 15
55 14
70 28
56 41
92 70
13 20
71 51
55 79
76 11
49 69
18 65
22 84
60 58
25 30
49 7
0 88
58 90
96 14
49 25
95 54
73 85
72 29
54 66
43 86
63 86
37 54
84 57
46 22
54 70
9 30
67 3
3 40
47 79
42 82
9 5
29 77
47 51
10 98
62 97
46 49
22 18
63 0
6 18
56 37
64 21
32 88
75 44
65 9
44 77
73 13
20 90
55 38
62 28
90 25
11 93
16 76
85 32
18 64
54 19
5 25
43 4
59 96
23 83
50 53
30 1
88 76
36 63
87 46
7 43
17 23
93 16
67 11
96 71
12 98
37 42
79 86
26 17
67 81
13 75
76 43
42 64
71 72
52 53
96 80
57 76
89 35
4 55
72 24
16 68
63 6
55 56
54 23
6 91
77 20
56 49
92 46
83 40
73 40
23 9
58 15
82 98
46 45
12 37
71 67
63 4
43 56
23 53
29 48
15 8
92 84
19 49
18 63
17 88
58 41
36 45
97 31
29 31
15 34
91 37
30 93
79 80
62 27
95 38
98 81
83 25
61 58
41 25
9 4
7 93
43 85
12 64
42 70
61 7
96 52
78 96
98 86
83 96
81 27
39 10
64 4
53 18
67 93
14 90
9 42
83 35
26 72
8 52
68 18
72 58
22 5
33 47
32 69
24 13
85 84
28 62
75 84
7 35
13 55
73 79
71 48
38 95
92 47
50 88
79 21
96 69
17 64
46 69
71 68
27 8
24 73
60 91
83 58
33 80
44 9
78 4
93 65
59 74
92 85
86 39
19 72
61 74
61 10
18 11
95 90
83 53
74 4
75 12
23 7
60 31
51 16
83 10
0 91
2 92
17 63
36 80
72 70
93 58
83 42
75 61
22 20
5 89
37 60
64 32
24 74
47 36
43 74
58 14
2 51
65 82
13 95
95 35
90 59
79 62
77 60
86 80
87 48
32 8
60 21
48 36
8 87
71 28
55 37
17 36
98 80
68 11
16 88
19 29
56 57
75 52
84 40
12 77
9 65
26 56
47 57
47 7
71 80
40 61
25 53
46 36
18 91
79 29
89 18
40 93
20 74
85 5
61 21
30 21
54 56
39 94
89 38
23 30
57 56
24 70
15 6
72 56
32 22
26 37
85 13
21 0
45 79
35 5
52 88
33 23
85 25
41 61
3 53
90 62
22 82
93 92
0 30
44 53
64 83
80 3
61 54
51 29
38 15
21 67
16 18
7 27
86 12
65 4
76 29
74 8
51 74
55 11
29 79
51 48
68 94
51 76
37 75
6 27
49 26
25 52
82 42
12 79
92 53
78 64
67 35
70 50
60 22
67 19
21 51
89 8
79 77
51 7
50 83
14 19
93 94
91 24
75 67
22 53
97 7
48 35
85 28
80 63
59 15
19 33
25 3
38 50
77 59
31 5
35 46
50 31
48 77
44 86
78 22
46 7
12 53
9 69
74 36
48 71
55 17
71 21
44 6
92 17
5 43
62 41
3 97
45 70
28 75
68 35
81 62
74 73
96 88
98 83
24 79
86 94
3 14
63 55
50 50
76 73
20 18
3 25
55 70
45 42
9 51
24 94
11 26
14 55
18 45
96 42
71 6
35 69
83 89
39 5
90 81
46 13
30 7
36 30
33 81
53 51
42 4
35 2
92 81
44 12
5 41
17 83
28 8
46 88
45 34
40 49
63 92
28 57
75 15
49 76
35 48
15 13
75 30
52 89
24 96
78 24
34 24
22 49
94 46
75 35
95 57
28 50
56 78
90 78
50 41
96 41
55 32
97 4
51 32
7 51
23 26
9 22
2 15
56 44
95 13
27 51
49 62
11 4
38 4
95 44
92 89
69 42
13 21
67 91
45 63
13 87
75 45
26 70
65 20
78 12
41 55
55 15
33 7
60 65
18 60
69 57
20 19
0 44
16 36
74 21
33 24
61 4
58 0
57 16
21 57
70 24
36 88
53 47
90 97
62 60
13 41
92 76
67 45
89 81
38 8
66 11
1 56
66 30
14 83
7 48
58 35
56 2
18 47
19 21
89 67
59 58
5 28
44 95
27 55
33 44
69 89
21 16
46 78
56 20
4 77
38 3
13 5
36 89
29 49
20 14
69 33
27 5
62 98
19 2
41 19
5 85
34 6
38 71
29 23
87 84
43 63
53 82
79 38
78 43
46 89
85 73
28 49
38 55
20 25
55 0
4 14
72 34
17 12
82 66
95 36
89 78
62 44
98 66
93 38
46 20
85 80
26 69
55 13
88 8
41 69
63 73
12 86
75 17
11 85
34 65
21 8
12 56
52 3
7 6
10 73
9 78
83 59
15 76
36 81
95 84
24 67
61 16
19 24
7 45
89 34
29 4
94 9
30 46
14 0
97 69
70 19
40 11
22 83
80 27
69 24
51 20
25 10
86 25
35 14
53 54
54 90
55 23
50 96
28 61
12 38
55 25
93 72
33 15
77 55
74 49
72 59
49 77
28 87
71 79
19 46
37 65
17 69
35 8
57 17
42 23
81 74
6 9
30 73
22 68
18 17
42 53
15 87
0 83
57 50
88 82
31 24
78 45
35 86
34 9
18 84
42 89
21 29
97 71
84 74
73 75
59 42
20 13
71 43
56 96
4 70
16 82
9 75
8 17
77 86
96 1
86 66
5 52
38 89
39 73
0 12
9 61
23 86
95 69
54 57
47 24
21 38
65 44
68 92
20 89
45 26
72 76
3 10
39 39
27 37
47 1
90 2
28 95
88 44
68 70
65 89
54 73
65 77
10 63
9 58
65 85
71 22
97 9
17 28
49 75
1 31
11 38
56 91
15 42
59 77
63 3
12 84
87 88
49 42
20 49
74 69
93 93
74 11
50 97
94 47
38 90
77 44
83 29
96 40
34 87
29 25
1 97
86 28
61 1
22 94
42 71
11 12
51 46
29 74
73 70
80 57
12 83
83 23
39 48
41 28
38 93
44 45
70 37
54 78
7 91
43 18
64 6
43 42
15 92
65 69
68 37
76 94
28 68
58 24
54 10
79 74
16 94
32 24
9 28
69 5
4 74
23 55
92 20
28 31
34 19
31 57
63 50
11 47
50 74
90 96
10 61
11 18
69 53
3 31
24 14
88 98
42 97
6 54
29 83
44 71
90 11
76 1
38 26
29 51
8 84
43 92
13 6
36 92
32 6
93 71
10 85
7 15
4 59
26 18
33 87
14 84
23 41
80 65
23 74
6 86
94 13
35 92
14 38
94 62
74 91
50 32
96 87
67 24
24 2
49 16
22 12
12 90
96 9
14 7
8 49
86 79
19 96
70 21
4 20
33 3
82 35
38 42
1 23
70 85
2 95
89 41
87 34
56 24
38 13
28 46
57 80
56 6
46 44
84 56
51 87
34 46
26 82
2 55
39 82
25 34
19 63
19 74
43 47
95 80
96 83
13 27
53 68
65 8
85 74
41 62
44 67
49 14
91 83
27 41
85 27
98 69
23 59
82 1
28 11
91 5
39 65
83 68
80 94
89 32
86 84
4 92
62 26
9 43
56 81
80 77
16 24
27 66
52 51
36 66
2 82
40 67
89 7
4 4
87 39
71 17
22 56
36 75
0 39
68 2
29 14
69 40
81 53
22 39
52 1
20 4
23 88
26 28
54 72
16 90
50 45
48 5
92 25
70 8
59 22
61 67
18 23
97 8
88 26
65 97
57 79
61 70
29 2
37 35
76 73
16 55
68 24
43 91
6 56
18 76
13 12
87 87
91 10
29 1
81 23
17 48
81 46
91 51
2 84
16 21
62 77
98 56
14 94
70 12
17 40
38 67
39 42
1 47
31 62
73 47
3 41
94 86
56 23
80 6
8 71
57 37
94 12
62 14
75 33
38 72
24 90
58 26
63 36
55 44
73 93
75 7
91 94
23 81
3 42
11 5
41 90
25 57
78 6
57 20
75 95
23 95
76 57
95 88
23 23
70 5
7 8
24 63
21 83
43 23
52 17
39 24
75 85
58 74
39 20
25 69
3 95
46 6
28 13
80 86
35 70
38 79
38 52
10 19
80 67
13 78
20 41
39 69
84 15
85 53
52 0
63 48
18 90
31 44
19 15
2 93
54 96
77 22
56 3
89 12
20 36
10 70
26 45
40 15
92 48
7 66
91 58
97 91
4 66
65 66
85 9
83 84
42 25
51 53
58 94
63 51
65 75
41 16
19 28
81 3
64 8
73 53
50 17
67 38
3 20
31 37
77 21
74 31
76 49
76 96
10 4
51 69
76 3
80 54
49 68
20 92
55 93
41 37
76 58
81 69
92 68
63 18
74 24
15 36
45 52
31 28
49 52
87 83
79 57
13 92
52 6
3 68
11 62
17 37
14 91
8 8
17 19
78 68
21 24
68 72
88 56
11 58
34 49
32 93
25 91
57 91
33 83
44 41
76 71
5 19
29 6
30 5
84 60
86 95
1 74
80 64
96 74
40 82
60 24
90 77
86 63
68 4
12 89
95 58
34 78
38 97
32 23
20 12
65 37
92 42
6 42
76 34
29 75
13 93
15 1
55 7
6 83
2 22
78 52
93 59
16 40
32 84
83 38
75 76
90 12
30 2
8 66
8 7
33 93
58 19
75 68
25 84
86 58
26 44
54 48
52 57
46 30
59 16
31 54
33 78
28 94
74 59
46 19
60 62
41 50
33 28
61 42
67 20
23 66
61 25
51 68
54 45
50 33
3 56
96 13
79 42
82 88
19 97
64 62
39 52
19 3
47 39
64 53
61 56
70 42
86 86
45 90
88 78
55 10
32 33
31 89
38 86
34 79
91 88
29 22
62 73
58 7
14 8
12 21
80 22
91 80
28 12
15 94
20 52
44 13
76 46
6 74
47 5
86 65
34 83
27 71
76 84
67 57
61 94
89 73
77 93
31 67
8 6
79 63
56 21
74 90
26 59
25 25
41 57
60 15
76 95
76 35
11 79
85 7
46 67
84 76
3 77
89 16
53 65
41 46
46 77
41 7
77 47
0 72
91 30
96 72
10 65
5 54
27 72
67 79
79 73
52 50
47 70
97 38
40 29
58 76
85 51
14 33
14 43
48 67
62 58
87 65
37 95
93 63
72 79
98 52
77 51
69 17
17 35
18 98
18 78
44 29
63 47
21 55
59 4
67 8
33 51
45 73
43 77
23 4
97 15
92 75
54 87
94 37
91 96
78 80
19 42
8 78
98 7
98 77
19 84
91 44
2 60
92 63
72 93
67 84
44 8
51 84
6 22
81 20
23 90
76 38
23 31
38 56
75 72
88 49
0 45
29 12
19 45
35 62
8 21
23 94
30 26
0 80
75 11
52 15
58 16
88 79
56 56
62 22
77 58
79 44
32 72
37 15
75 51
58 79
20 6
9 97
12 11
14 72
38 25
92 45
67 47
72 49
10 57
18 59
94 36
54 8
43 68
40 44
8 20
51 18
6 53
57 83
25 23
2 96
39 41
56 64
13 2
76 60
95 1
83 55
55 39
80 50
44 75
17 66
24 17
97 13
31 55
21 91
37 77
35 10
93 83
67 31
88 6
53 46
83 85
46 71
94 3
28 96
1 71
84 27
40 75
15 62
19 87
78 37
26 5
85 10
84 7
87 68
18 51
95 74
6 3
94 64
50 38
98 25
87 31
45 19
31 36
77 46
2 39
27 91
71 11
72 33
27 70
59 91
80 89
60 75
54 89
21 79
81 66
39 32
39 64
64 98
16 19
1 6
10 6
86 26
94 44
24 66
46 34
41 65
68 80
16 23
17 52
30 50
61 59
72 48
75 80
37 85
88 41
37 11
56 25
90 42
8 35
76 15
21 49
60 56
74 57
25 24
71 88
84 41
66 49
38 57
81 83
30 87
91 90
95 65
5 46
67 72
40 23
29 35
83 61
56 62
62 32
63 7
42 93
48 61
7 4
50 90
33 25
30 68
85 26
88 32
63 97
51 40
27 14
79 75
76 67
19 31
86 64
45 2
39 44
77 45
89 75
23 12
48 29
80 75
46 88
82 2
11 94
93 82
0 95
35 16
75 65
96 90
8 56
8 43
27 92
45 98
48 14
55 40
7 86
46 24
2 86
10 11
11 9
30 66
16 48
74 38
42 37
31 35
77 14
24 75
51 89
92 39
85 36
79 40
17 68
47 25
46 47
22 27
24 69
98 67
93 74
71 3
71 35
62 69
49 63
74 34
47 50
79 93
48 59
88 87
39 3
49 95
2 27
89 25
51 0
84 54
90 70
4 24
6 44
48 46
13 88
20 26
34 94
42 18
85 12
3 51
81 49
15 86
20 97
62 42
76 2
54 98
5 69
83 57
37 59
77 36
14 12
39 58
6 87
12 42
52 49
34 21
33 86
21 28
44 73
4 52
82 83
94 8
86 10
92 77
88 48
68 23
25 26
4 86
11 80
61 63
96 97
13 40
91 84
87 53
94 81
30 81
62 90
37 90
75 39
30 39
47 69
8 48
10 30
15 21
63 94
4 80
11 49
57 42
27 13
6 95
33 29
91 22
24 57
56 34
95 4
84 89
55 57
96 16
45 38
67 28
41 44
40 16
15 33
93 36
12 41
56 38
89 93
46 80
6 5
89 27
65 6
37 24
60 78
4 49
43 22
57 71
56 36
70 17
0 5
71 91
61 85
22 3
94 84
1 15
39 89
98 5
29 27
82 10
26 54
19 41
47 65
5 51
3 28
6 64
45 56
74 94
13 98
18 22
77 57
72 19
83 8
55 95
80 71
5 30
47 96
45 41
46 66
57 30
30 67
74 83
59 32
19 91
45 12
55 12
62 10
9 77
10 3
76 47
74 19
89 52
88 60
48 2
3 64
15 19
82 8
11 68
28 63
82 15
92 58
14 36
21 37
2 81
54 74
38 48
16 89
39 34
89 95
95 56
36 54
59 28
56 85
57 62
39 23
41 23
33 4
47 97
91 3
66 77
32 30
51 92
40 22
91 23
61 90
7 38
35 18
20 11
4 16
18 31
33 36
72 81
56 76
80 84
78 83
25 66
66 31
60 10
30 24
70 11
84 14
46 38
91 70
86 76
53 26
90 76
7 94
53 93
47 35
71 81
41 85
17 79
80 2
41 47
1 32
27 64
64 43
10 95
6 59
47 58
63 43
13 54
68 33
90 55
21 18
44 66
6 38
21 96
68 28
29 95
40 60
51 50
69 51
1 42
62 15
71 62
90 48
83 65
93 0
57 93
47 63
34 29
84 11
29 63
86 89
31 3
65 7
48 26
57 89
38 75
70 73
44 42
86 90
64 60
33 97
38 2
39 9
74 32
78 79
34 92
74 98
64 52
37 25
34 98
35 21
23 92
60 14
47 82
11 44
78 34
57 53
69 23
2 48
14 21
60 17
79 58
26 35
53 2
30 44
18 18
32 56
30 78
57 15
21 26
49 55
40 84
16 60
27 35
90 15
82 73
35 88
34 48
68 55
87 86
49 83
37 69
52 67
10 46
35 52
85 72
76 89
69 16
57 22
52 78
20 83
2 64
27 7
16 98
79 54
43 38
38 39
42 31
42 16
81 96
25 73
71 38
51 28
97 16
68 83
98 47
24 41
11 35
1 39
37 14
64 16
64 36
78 19
17 78
20 76
6 81
10 1
11 65
53 59
19 44
50 16
39 68
68 91
85 79
95 12
46 81
42 19
89 79
45 54
82 6
73 71
9 41
80 62
68 5
96 48
45 81
1 41
85 43
94 67
69 3
80 17
39 55
18 74
24 60
21 42
6 25
48 48
11 10
7 22
27 88
77 71
20 96
46 56
1 87
56 35
71 77
37 71
71 56
82 48
9 27
21 11
85 96
0 79
90 89
39 25
66 14
86 59
65 0
10 51
25 56
67 58
75 64
47 40
1 55
46 2
49 88
5 92
23 58
51 33
58 89
35 37
14 44
79 43
60 94
66 35
47 55
47 37
62 39
72 55
88 81
65 71
78 7
26 60
2 49
15 52
17 47
36 85
46 9
25 35
98 90
36 13
68 14
41 21
92 1
43 64
66 87
31 87
17 67
36 41
46 74
12 88
47 78
16 7
51 47
87 12
24 3
5 39
64 51
27 6
80 37
90 88
94 78
64 71
57 21
54 15
4 23
63 85
2 79
49 11
45 25
14 18
20 39
24 81
2 11
89 4
62 94
79 83
3 17
11 63
4 79
26 88
81 68
25 20
44 69
9 63
76 19
53 3
82 52
77 43
37 48
22 34
73 29
57 90
17 87
40 12
18 89
37 64
43 26
64 50
85 11
92 21
52 23
69 55
45 24
63 57
55 77
85 92
52 63
36 56
12 76
77 52
18 28
93 39
41 52
35 89
74 66
63 76
54 50
49 97
24 48
21 69
13 82
89 62
40 90
81 7
80 51
46 46
95 87
46 10
46 59
20 66
51 36
17 24
53 16
50 55
95 18
82 90
61 37
77 35
34 8
15 88
22 23
59 7
45 87
23 78
83 5
9 16
20 10
55 43
36 87
22 87
4 68
6 7
5 82
33 34
1 64
32 47
60 33
73 87
7 80
47 16
56 66
50 37
56 82
81 17
46 26
10 58
22 26
43 50
57 44
43 37
59 10
81 42
6 88
40 10
82 70
24 40
19 78
98 37
33 6
98 32
59 52
56 4
26 34
91 13
19 5
50 34
25 5
79 8
36 47
11 6
42 58
0 4
2 41
5 56
44 18
42 88
31 29
11 24
9 58
70 16
38 70
47 41
36 97
54 16
20 53
24 15
89 82
96 39
82 85
5 6
48 4
40 18
55 9
57 87
3 73
50 7
48 69
21 20
39 92
45 18
78 88
84 29
42 51
26 36
94 92
16 44
36 34
4 54
59 92
36 43
32 74
22 44
85 21
77 4
33 58
80 36
82 14
26 62
84 68
58 3
11 98
31 68
22 37
87 66
78 46
2 9
80 59
56 58
82 84
13 10
19 51
33 27
33 39
60 83
94 94
93 46
23 69
60 55
15 17
91 63
70 83
73 74
23 28
35 94
92 88
81 9
23 17
43 96
70 36
30 49
90 61
34 38
64 17
65 59
16 28
73 10
23 93
38 69
97 37
25 2
92 50
98 95
72 18
50 69
17 85
39 60
44 28
47 4
38 91
48 83
20 24
58 75
17 81
56 68
19 48
74 15
78 14
36 29
38 34
30 38
11 20
90 1
73 55
82 67
24 50
84 59
44 10
3 79
88 68
51 49
94 41
4 76
21 25
8 81
7 81
88 80
46 35
54 9
53 97
61 26
91 12
85 59
13 53
72 77
5 26
51 67
38 82
70 48
86 43
34 25
96 57
74 13
78 9
83 23
98 76
81 50
43 71
96 82
29 17
49 82
75 60
66 92
19 64
25 97
14 37
3 26
64 20
60 30
67 87
24 21
18 81
28 7
93 61
80 39
54 88
21 97
24 55
40 79
20 72
3 98
8 88
67 21
65 64
33 89
36 33
28 45
79 28
61 84
10 96
82 82
31 23
84 12
3 21
74 95
89 6
30 79
8 69
33 12
48 95
9 95
59 9
46 27
39 62
60 0
95 91
70 84
25 58
43 76
44 78
17 38
91 54
24 30
77 38
28 6
47 34
30 12
42 26
60 53
10 10
97 11
87 32
93 43
22 32
37 78
22 36
48 25
46 91
70 89
83 11
34 5
6 70
90 58
59 45
5 83
21 14
51 72
89 47
6 58
72 22
32 39
70 31
91 74
33 71
46 28
60 84
77 68
31 95
5 7
40 31
29 72
28 2
93 57
9 81
56 74
37 50
22 30
32 73
56 94
56 43
89 88
25 6
54 25
47 83
44 36
66 12
24 84
11 54
79 87
5 45
74 7
38 94
93 32
69 94
37 61
19 4
89 74
60 79
86 4
59 38
38 7
50 2
98 3
7 34
41 40
55 89
85 33
95 41
79 9
65 10
19 25
92 79
57 64
10 45
43 6
47 60
28 93
23 21
14 32
69 49
81 56
75 81
67 6
89 98
37 70
35 17
32 45
37 13
70 38
12 13
12 54
72 54
41 59
34 84
81 31
55 29
94 79
60 67
90 24
50 46
88 93
66 48
93 95
18 50
49 13
82 92
85 3
35 44
64 59
40 95
74 3
62 21
42 95
60 60
52 58
42 15
22 81
45 55
15 4
98 11
95 9
89 8
32 57
12 23
92 10
89 26
11 2
11 78
94 32
97 20
95 46
28 25
50 77
95 66
39 45
42 63
46 86
76 9
45 45
76 20
74 18
37 89
4 50
51 2
30 65
75 32
85 45
17 34
33 9
92 52
65 76
14 26
14 77
83 36
86 35
93 14
91 18
39 74
75 42
83 62
78 16
57 9
16 83
4 84
19 47
35 50
64 70
90 50
60 93
27 95
50 35
47 31
23 60
17 58
63 56
6 92
85 50
7 26
57 70
45 66
52 45
94 88
20 9
90 31
17 76
49 54
77 42
25 17
1 89
20 20
43 29
71 55
24 89
87 0
15 37
70 81
22 43
55 8
82 89
39 66
30 47
3 70
67 36
22 17
38 74
6 51
41 74
75 74
60 28
40 63
41 89
54 7
40 26
81 60
5 49
70 2
32 68
94 2
92 23
61 77
83 70
66 0
65 91
7 18
59 75
91 32
37 58
30 85
66 46
50 76
59 80
55 16
18 58
58 56
1 28
62 96
31 39
82 86
60 37
27 16
8 83
79 47
53 66
5 95
68 78
74 14
58 65
45 5
9 85
62 34
32 29
80 49
44 19
72 57
94 10
10 83
67 2
12 93
64 23
80 30
54 93
82 68
70 6
5 4
13 42
7 83
70 75
90 53
34 73
57 57
41 58
26 55
83 74
97 70
80 60
65 42
40 57
71 23
59 0
20 34
34 97
97 54
54 52
12 2
66 62
92 11
63 79
61 49
67 49
83 3
53 85
32 32
95 97
15 59
0 16
70 14
14 81
50 3
73 43
50 78
32 67
23 54
33 72
65 46
80 15
91 78
14 1
8 80
31 26
64 7
52 37
70 4
36 62
55 2
23 79
61 12
20 48
47 29
85 82
77 6
11 14
39 40
31 58
74 23
64 10
78 20
26 26
54 46
33 22
77 24
73 12
36 93
8 67
78 94
55 51
45 4
55 61
73 0
79 97
98 20
52 27
54 4
69 72
41 5
54 24
66 27
55 30
60 20
5 91
56 30
81 0
28 35
63 87
27 56
48 16
90 64
74 96
27 96
58 5
59 27
47 48
40 36
23 22
53 20
20 21
2 12
17 49
29 94
31 71
35 31
5 73
32 79
53 40
55 87
88 59
53 5
40 30
91 79
24 1
59 95
21 23
73 76
22 88
87 25
23 56
74 84
25 94
21 53
91 53
23 39
76 7
20 86
59 34
76 13
62 59
86 5
71 69
17 61
8 63
38 35
35 29
59 54
62 55
4 25
9 66
58 49
29 3
45 57
33 90
76 66
70 86
60 43
62 38
61 17
51 38
66 7
16 47
58 12
4 93
91 35
25 11
73 3
3 81
71 32
28 64
84 88
32 85
89 76
78 53
71 29
35 20
0 92
96 45
79 68
91 82
71 61
59 6
8 16
79 15
35 26
14 42
17 18
86 75
97 22
82 26
63 98
38 64
48 60
51 96
15 97
9 52
53 75
3 48
30 69
82 97
1 73
87 21
9 71
95 5
58 46
65 51
35 82
91 57
10 0
62 48
89 66
85 95
83 56
55 3
83 6
30 92
24 51
68 51
72 6
32 36
66 29
12 91
9 3
29 84
82 9
45 21
0 37
74 85
6 15
76 59
36 9
98 2
93 69
33 60
43 98
17 5
25 95
57 25
66 78
32 54
11 50
29 20
49 73
17 60
50 87
95 95
68 97
29 73
32 5
6 19
65 16
16 45
97 14
96 29
68 82
42 98
22 35
78 32
28 89
46 54
51 91
53 28
66 3
60 59
29 47
73 50
28 24
49 34
4 88
14 15
42 5
92 71
55 76
13 83
39 22
2 67
33 37
43 19
66 9
14 87
49 6
55 58
16 4
14 88
71 45
80 33
58 73
77 75
75 90
10 54
98 64
37 73
16 54
55 6
20 79
16 39
68 49
66 61
79 53
89 60
73 18
37 79
85 41
47 10
42 44
88 3
70 87
49 70
2 53
56 45
8 47
36 84
15 22
75 77
10 2
85 76
46 0
89 40
76 75
18 35
36 76
60 1
81 78
3 69
62 57
17 22
82 74
90 51
30 11
78 29
68 17
26 80
38 14
71 46
55 36
55 49
24 78
35 22
55 78
1 29
28 15
89 24
94 23
92 57
14 82
21 72
50 40
66 21
90 94
59 49
80 23
48 53
2 52
35 51
66 79
80 9
72 2
6 8
75 62
61 68
24 54
2 72
64 93
2 61
36 11
91 76
93 89
97 3
77 74
7 74
50 79
13 84
32 86
94 7
69 84
66 60
55 22
8 28
49 53
39 57
10 26
31 21
37 31
96 73
42 42
41 66
2 87
46 96
28 17
89 53
22 15
83 15
61 43
70 88
36 40
10 82
16 22
27 60
95 98
24 29
79 67
59 3
42 21
30 70
63 15
90 14
95 52
83 79
25 15
45 97
42 38
82 93
11 3
16 38
21 44
25 45
6 37
91 46
75 48
61 69
9 0
93 4
3 50
87 11
33 79
27 47
76 28
32 38
74 54
71 95
7 19
22 91
3 63
0 89
60 34
63 65
66 28
7 72
4 97
7 52
19 10
82 40
70 10
45 64
7 40
95 40
7 44
46 11
62 51
23 80
70 22
31 22
28 5
97 21
58 25
28 27
38 53
75 46
76 6
80 98
64 11
96 18
9 10
31 63
16 46
28 20
45 23
21 68
5 14
60 54
6 30
89 3
72 0
50 66
3 27
13 28
36 70
90 82
64 2
19 81
44 55
82 24
84 96
74 20
56 59
55 63
18 15
93 37
95 21
31 77
13 4
72 7
98 57
23 52
82 53
33 26
88 17
51 45
54 20
54 63
48 62
66 91
36 38
40 40
91 97
18 48
28 80
37 4
88 15
70 70
42 49
72 13
46 21
13 89
79 46
98 63
66 22
55 68
25 18
62 83
23 33
47 21
61 55
57 10
70 7
29 44
55 65
41 35
52 26
92 87
39 12
53 45
38 6
36 91
94 68
52 73
21 90
84 4
9 14
23 49
66 70
28 30
75 40
60 85
6 29
82 65
25 4
35 3
34 40
56 14
59 37
63 88
75 6
0 56
51 1
44 21
93 22
84 77
68 22
3 16
61 65
94 59
77 73
2 69
15 49
61 98
22 54
2 78
27 54
34 3
77 30
23 24
86 91
66 17
28 84
2 59
98 45
66 16
65 12
73 60
10 39
50 39
46 37
63 75
60 90
23 96
27 12
29 86
41 96
58 53
18 88
2 76
65 43
25 19
32 28
86 32
24 11
0 87
49 40
31 72
81 87
93 68
48 63
13 43
28 14
47 44
87 35
60 81
89 19
43 21
54 21
70 43
79 41
21 76
12 4
20 27
89 68
2 94
7 13
95 8
82 37
2 73
89 46
94 89
73 28
29 85
89 59
87 75
29 16
42 47
55 82
39 4
82 38
95 68
11 46
35 33
2 50
84 65
0 55
49 44
62 79
37 34
9 87
79 76
12 82
30 43
79 7
53 1
26 57
26 23
64 78
50 68
41 30
93 42
15 7
55 26
67 63
98 65
13 15
78 56
37 84
86 56
22 93
92 13
24 6
68 89
54 6
88 92
39 53
67 62
34 31
80 66
70 59
58 55
56 15
89 30
97 2
55 48
47 32
68 85
92 44
83 30
36 46
0 18
53 0
81 35
65 21
56 50
38 73
6 66
68 16
93 1
26 14
71 12
20 94
97 24
39 85
42 77
88 46
1 69
59 60
16 52
20 33
49 43
47 0
56 12
41 12
96 43
53 96
22 41
60 13
89 32
8 46
10 43
77 88
71 47
54 92
27 48
76 27
52 72
42 52
34 17
27 49
83 83
6 39
45 3
54 60
60 83
23 82
94 98
47 12
27 21
58 23
97 18
37 96
56 61
37 53
16 75
9 20
30 29
41 97
85 98
27 62
43 58
86 33
13 23
87 72
45 88
72 74
5 57
0 60
13 35
93 19
39 83
14 19
44 37
84 64
34 44
49 33
47 54
70 62
17 3
16 32
35 72
29 13
50 26
78 54
20 81
0 81
13 0
24 32
59 71
41 54
61 50
4 72
12 55
78 60
29 32
71 13
32 83
12 46
60 12
16 20
80 61
68 58
98 26
19 23
35 90
31 4
36 39
43 36
79 49
48 72
19 8
11 87
89 33
7 84
44 76
57 98
70 72
72 25
31 27
53 78
82 0
31 90
10 97
29 69
25 43
55 50
42 24
76 91
88 39
48 38
94 91
72 35
25 60
35 25
36 74
93 48
44 27
57 14
74 26
40 34
83 76
66 89
90 43
53 58
46 32
98 74
16 43
82 13
23 63
72 78
13 97
82 30
0 40
13 57
72 52
28 69
12 72
45 86
43 72
22 60
49 79
69 43
37 67
48 31
91 67
37 36
51 88
61 39
15 12
10 86
81 95
68 57
78 51
73 22
54 55
37 74
71 44
62 92
36 86
90 66
60 2
79 48
14 45
86 96
91 92
13 24
20 93
93 3
86 42
0 36
28 65
83 39
58 80
44 68
17 89
23 47
23 62
42 96
91 41
40 50
94 48
11 45
63 96
42 57
25 75
62 91
62 46
36 8
49 47
13 94
70 77
39 97
81 59
40 25
52 21
33 55
9 96
44 57
66 44
39 72
18 42
66 15
87 95
52 30
9 74
46 25
63 83
79 12
68 21
54 26
35 7
93 55
31 69
74 58
85 34
15 3
49 17
36 6
84 61
79 95
20 43
72 10
13 86
82 56
54 14
19 16
19 39
68 3
37 57
70 39
35 45
27 17
9 98
1 16
42 30
86 50
80 4
14 70
63 10
77 64
43 27
66 84
53 12
51 34
96 21
38 47
0 82
75 50
44 30
89 51
29 59
77 81
35 1
12 24
94 71
92 66
54 54
56 46
64 14
27 44
81 34
63 59
9 46
64 66
48 17
83 60
24 16
85 49
49 89
23 38
33 32
7 69
84 83
60 80
4 53
8 14
97 89
51 3
25 59
24 19
46 40
4 73
80 82
70 41
69 83
82 34
69 82
57 24
68 25
96 91
53 37
7 82
57 23
98 23
36 77
77 90
96 49
35 47
83 2
33 30
84 3
14 9
81 38
45 50
4 78
16 78
23 27
91 29
67 55
66 4
8 19
91 55
28 34
83 52
25 13
9 7
77 3
46 95
13 79
16 74
87 38
41 45
42 73
92 49
76 45
79 23
87 14
13 37
55 46
41 56
0 61
68 40
57 61
78 81
29 64
23 70
92 2
94 42
49 72
66 5
23 61
93 17
41 63
62 11
20 30
30 51
35 30
17 50
41 53
21 70
50 91
1 77
74 52
89 92
24 20
62 64
59 25
21 45
94 38
32 27
70 15
90 87
10 47
22 25
97 81
0 53
16 8
89 71
45 49
57 81
63 72
72 63
78 23
18 12
22 52
94 61
89 50
35 61
69 90
2 40
0 54
74 72
97 90
58 2
76 76
96 67
34 75
52 28
87 47
82 47
57 72
77 39
46 65
70 13
43 10
13 32
3 57
79 30
90 95
5 8
87 1
73 83
57 27
68 42
74 6
40 51
85 78
97 80
73 61
61 36
31 74
77 91
67 56
93 81
34 82
62 45
90 7
89 84
56 47
15 61
39 8
5 87
52 16
81 36
80 8
10 56
69 95
22 24
97 47
20 29
70 43
64 9
73 1
22 66
47 45
82 19
2 80
33 24
90 18
64 18
68 53
55 64
42 27
1 79
30 4
81 64
15 90
46 39
96 47
87 44
61 64
14 28
97 83
56 9
12 27
43 8
1 18
45 9
43 12
50 73
77 29
17 97
0 31
40 89
86 49
87 57
75 73
1 21
5 93
42 90
50 85
78 50
48 52
30 74
74 87
48 0
20 44
10 67
93 70
10 12
88 18
82 63
69 10
62 93
29 24
14 57
82 87
27 27
94 96
48 70
55 34
18 19
15 11
96 95
98 85
27 10
48 68
59 40
42 10
50 30
23 35
66 88
8 82
72 3
23 75
11 86
8 61
60 86
23 29
16 84
16 5
3 49
6 89
76 39
3 80
30 76
41 6
59 50
34 13
81 88
38 24
52 4
56 97
18 5
93 49
73 86
82 71
38 21
8 89
21 31
42 36
29 43
74 74
77 76
72 47
4 56
13 6
11 81
75 75
70 80
31 31
41 13
64 64
90 45
35 60
97 0
83 77
58 4
22 13
26 3
40 3
86 14
47 46
81 41
18 66
83 26
6 57
13 91
12 78
15 89
56 63
64 34
17 31
18 85
21 3
86 15
37 41
29 28
17 46
45 32
65 50
85 37
15 20
58 17
83 90
37 91
92 43
31 43
88 47
86 72
7 53
74 92
14 22
62 86
31 79
44 21
94 22
6 85
66 26
64 5
63 46
56 1
70 61
35 32
45 8
44 90
10 14
4 17
26 73
28 77
68 84
35 93
78 47
1 27
68 34
63 21
24 23
11 7
21 81
17 13
97 6
88 84
6 23
23 65
84 42
35 24
48 32
94 20
69 26
29 7
82 41
49 29
95 64
91 95
81 79
25 8
47 47
11 95
50 70
14 98
68 95
11 40
16 49
19 50
57 48
0 75
71 78
72 68
83 4
55 41
8 12
1 44
49 46
82 96
26 2
35 98
91 19
11 23
88 7
85 8
71 14
61 2
60 74
37 7
64 48
34 4
36 48
78 86
10 64
33 74
57 84
2 58
48 45
32 2
91 9
33 20
59 39
66 20
97 73
17 16
52 39
83 82
0 41
51 97
54 32
74 22
76 50
33 3
83 9
17 43
25 98
21 34
61 86
40 68
69 12
84 98
68 30
32 7
96 89
48 10
60 18
30 6
48 30
22 98
46 1
19 12
59 23
74 40
94 69
70 60
17 25
20 51
69 61
64 77
75 10
62 54
98 89
29 78
15 44
65 63
3 74
31 25
15 18
77 16
9 26
8 30
9 17
13 70
7 21
58 6
28 10
83 93
28 55
28 23
82 43
64 47
35 59
58 66
56 39
78 62
77 82
30 91
52 84
67 26
69 78
15 32
93 64
52 77
1 76
8 86
73 49
45 91
67 85
72 84
94 77
83 7
79 26
65 86
64 58
45 92
81 86
17 98
82 25
48 15
16 42
81 51
85 89
47 33
50 14
43 65
33 52
88 67
77 8
62 75
93 30
31 75
15 14
78 48
71 20
72 39
91 14
24 97
90 40
41 70
8 9
90 88
1 37
35 83
76 12
93 13
52 38
81 28
45 89
77 84
93 7
46 72
35 13
70 82
17 82
18 2
75 54
33 2
71 34
1 4
33 96
72 94
77 54
16 12
50 89
16 93
87 27
55 91
78 39
34 12
22 6
28 92
1 60
46 82
33 26
46 73
3 60
22 29
65 17
88 77
53 6
37 8
79 22
13 7
1 40
74 75
28 54
2 56
54 67
75 83
77 34
70 32
10 22
84 58
10 17
54 65
68 9
53 98
32 4
3 9
10 94
70 34
12 45
85 63
60 42
46 31
36 90
91 62
13 1
57 94
93 41
42 67
15 80
36 95
66 36
76 8
59 33
32 40
73 58
27 61
45 59
57 35
35 71
78 78
27 97
69 92
96 46
75 43
38 12
96 23
46 64
41 51
84 55
78 30
31 45
41 11
37 26
4 65
32 95
91 98
81 33
10 74
42 9
39 7
24 47
31 92
29 65
97 58
65 49
81 8
86 34
4 12
15 5
33 45
22 59
55 86
41 77
59 21
10 27
54 22
82 21
85 83
76 16
58 95
48 12
11 61
90 38
65 29
9 72
21 48
89 94
76 40
9 64
29 29
71 36
74 70
48 11
59 55
53 30
56 13
44 81
20 31
21 93
76 93
62 13
15 23
11 21
77 14
22 9
21 50
73 16
78 89
8 18
93 78
84 97
5 84
96 78
65 23
63 89
50 9
4 69
33 16
54 30
59 57
46 41
5 74
33 35
3 18
62 66
96 50
74 86
81 57
57 75
25 55
76 86
66 8
8 44
14 92
75 57
81 73
73 56
89 64
69 1
41 92
38 31
50 49
38 49
74 62
22 31
55 45
35 6
52 5
17 7
56 8
80 81
4 27
36 31
45 29
94 0
5 66
27 33
74 65
72 12
98 21
31 93
34 32
71 70
58 64
66 6
77 85
78 57
39 96
80 31
25 67
44 97
87 40
24 61
93 87
93 97
17 14
8 22
14 5
4 8
68 88
76 42
58 22
76 53
44 38
49 98
80 35
31 81
32 89
65 35
33 19
29 55
34 22
15 9
27 11
70 27
52 55
62 62
56 70
24 71
16 3
18 82
54 79
3 93
23 32
80 38
4 22
69 20
85 90
71 16
97 74
63 32
28 83
61 27
92 62
28 32
38 20
76 25
52 18
32 46
74 12
52 70
43 24
38 92
26 89
12 68
34 88
77 19
68 77
60 39
83 44
71 9
18 16
80 29
54 13
94 93
66 53
49 81
58 82
53 13
82 69
39 6
85 75
52 33
53 81
93 77
4 21
46 97
22 72
33 83
73 65
4 28
83 20
9 8
33 92
3 8
93 24
25 96
60 57
65 33
8 27
48 43
74 41
4 30
2 4
28 36
67 5
14 76
56 5
80 14
81 19
80 74
72 90
17 59
41 9
91 69
75 82
12 28
56 93
1 63
14 89
59 65
97 23
79 69
74 29
91 48
1 46
81 48
53 67
30 90
2 54
74 33
80 55
79 16
88 40
36 73
61 61
94 90
33 40
25 38
21 13
97 95
48 75
70 93
95 59
8 50
78 41
3 83
7 57
69 91
48 8
19 17
52 75
84 63
70 79
60 64
30 62
39 46
72 73
65 27
33 33
75 22
45 46
7 70
75 49
65 22
64 85
2 17
96 70
68 19
0 98
35 38
52 40
79 31
70 66
81 44
41 17
66 90
67 76
91 81
17 42
17 75
95 33
48 39
57 43
64 39
24 25
93 98
80 88
81 52
52 24
60 23
79 71
27 23
57 1
58 36
84 30
40 85
0 71
14 39
91 39
47 28
51 66
13 46
80 24
54 75
11 36
87 81
89 36
12 12
19 53
62 56
14 56
72 66
88 4
53 44
47 71
36 53
25 16
92 69
90 60
15 40
75 96
36 23
69 96
55 74
91 56
34 30
0 15
19 40
51 8
88 42
63 20
61 46
50 62
11 17
22 42
12 70
1 91
39 84
5 53
23 73
21 32
86 8
55 92
41 79
40 69
51 56
65 98
64 0
54 51
63 80
8 85
65 58
59 79
76 37
83 12
56 54
43 33
1 2
21 80
79 59
27 34
3 94
40 98
66 42
30 77
80 52
30 37
35 91
79 20
82 12
53 90
72 97
34 85
76 65
81 4
19 66
70 44
62 33
24 98
31 34
16 59
4 15
59 14
81 18
12 22
23 1
81 92
58 51
7 16
92 19
19 19
27 45
47 14
60 61
19 76
91 2
26 97
19 83
89 37
64 19
60 35
13 14
89 80
60 6
28 28
47 64
70 26
6 26
18 9
93 33
52 19
87 3
7 75
63 31
79 94
17 73
86 82
5 90
66 8
75 28
26 60
48 64
17 8
37 49
3 82
20 87
34 14
65 48
48 56
5 70
44 65
73 37
27 74
80 18
77 7
45 58
48 74
78 73
31 66
81 6
57 52
40 24
18 37
42 46
10 78
81 94
41 95
90 3
57 11
67 60
19 9
62 67
33 94
63 2
52 82
45 74
60 70
15 58
1 3
47 6
52 8
67 78
43 57
68 81
81 14
57 40
26 68
52 22
95 43
75 27
60 25
22 19
76 80
45 30
76 60
34 23
31 8
23 19
91 60
86 40
30 94
3 84
19 7
12 94
27 36
66 25
54 2
96 4
48 40
23 84
26 32
38 84
41 4
9 29
43 28
19 36
38 58
65 96
43 66
40 76
40 32
3 46
95 48
64 69
90 80
38 23
56 72
94 70
4 26
22 55
29 52
63 74
22 85
81 77
26 8
85 15
93 12
22 0
88 83
11 64
18 73
44 49
15 39
87 7
71 5
74 71
33 18
75 55
79 36
37 46
68 79
70 33
24 72
46 98
26 98
42 41
69 15
59 61
22 48
48 28
29 8
53 19
96 20
56 22
29 11
70 51
77 17
90 9
10 13
51 73
68 8
19 22
35 74
2 28
5 44
60 68
50 5
33 84
93 44
71 50
40 77
72 14
60 69
62 85
67 39
74 43
64 37
36 50
55 90
46 8
39 33
86 0
90 93
61 45
98 73
87 55
54 71
52 86
73 81
24 82
35 4
92 34
78 21
28 3
60 77
58 70
29 66
94 11
54 43
76 85
31 91
36 10
86 48
57 95
86 88
2 43
78 38
95 20
55 71
59 19
92 60
29 5
93 21
79 79
11 43
14 47
0 34
96 0
12 17
15 56
42 92
47 2
78 18
95 15
93 35
39 29
96 65
9 19
91 47
70 96
20 35
15 96
54 77
75 14
37 32
4 95
80 32
0 32
72 60
57 47
89 70
42 32
81 65
54 49
72 17
73 92
73 67
91 87
46 57
88 50
32 94
45 75
91 34
55 80
62 74
85 14
71 34
47 26
94 49
87 4
15 53
10 20
92 14
61 28
95 17
78 59
16 92
88 10
57 54
27 4
89 31
67 69
1 72
65 11
22 10
95 23
63 64
61 73
13 85
20 15
44 54
8 10
77 27
58 97
58 43
93 54
96 68
11 8
35 12
92 78
88 33
89 55
90 68
71 66
48 55
95 14
83 81
0 97
86 1
3 24
94 1
36 25
10 9
36 60
58 77
65 72
75 31
16 37
44 47
84 53
47 15
87 24
67 53
87 36
84 43
34 43
49 71
18 26
81 98
6 60
57 55
41 91
50 82
21 66
59 83
59 51
39 90
26 71
59 76
81 26
92 51
32 82
58 34
62 53
32 87
53 7
67 98
82 46
4 5
28 39
92 82
37 5
40 97
11 22
84 66
30 28
87 8
14 54
25 80
4 6
82 36
71 54
40 96
92 18
29 62
56 17
64 65
34 33
28 48
37 40
21 7
69 97
39 36
9 24
97 26
37 92
80 56
72 62
46 50
35 15
98 66
81 24
41 48
3 15
88 75
66 97
69 41
7 85
3 29
37 39
6 94
63 41
2 29
91 64
35 40
34 43
44 52
65 56
55 97
34 72
61 66
66 93
88 74
90 37
68 60
60 73
65 78
20 32
9 83
13 47
45 20
21 12
42 17
76 87
50 47
44 25
29 46
8 73
66 58
5 64
88 65
56 71
98 15
75 25
39 43
43 5
87 49
24 93
45 13
25 36
94 15
45 33
52 20
49 56
45 27
32 43
83 73
63 1
43 11
51 55
77 63
20 37
82 7
94 63
3 54
24 24
33 88
3 66
9 9
74 35
29 18
45 31
78 85
37 93
43 89
2 10
19 34
15 82
37 12
89 29
36 55
62 95
87 59
81 45
36 69
64 89
6 62
86 57
42 33
81 58
64 3
63 66
40 19
64 75
39 61
15 63
40 58
11 48
51 54
13 34
44 1
33 43
95 37
42 11
95 96
48 33
53 4
78 67
74 48
74 10
61 95
95 72
56 92
24 52
16 62
88 16
97 48
37 72
21 92
40 28
81 61
75 26
2 18
95 19
3 43
89 11
0 76
76 44
69 44
53 8
15 28
25 64
92 7
5 15
91 33
29 76
33 66
77 62
29 53
18 54
87 82
66 85
40 65
30 98
12 57
78 33
47 59
19 20
78 58
65 36
58 45
78 87
20 7
53 50
36 14
60 71
66 1
30 63
78 77
51 6
53 38
28 85
1 90
40 87
40 47
64 87
16 15
10 16
55 75
93 45
0 35
15 45
45 11
68 96
9 12
40 27
70 63
14 48
8 31
58 11
32 75
84 87
19 52
14 34
59 84
34 20
2 14
58 10
22 40
15 48
19 92
20 56
66 39
74 50
92 22
29 30
73 38
31 30
41 22
8 64
67 48
10 77
61 60
10 68
32 48
7 49
12 5
16 79
80 48
37 87
5 3
96 58
57 82
11 16
47 13
64 19
14 10
82 57
49 80
0 29
26 4
84 78
15 46
90 49
85 57
9 57
17 30
94 5
60 46
24 80
90 30
9 80
59 12
67 42
85 52
87 78
9 67
35 75
49 39
18 44
25 89
37 37
76 54
66 2
51 9
87 41
95 71
52 25
4 87
89 2
84 23
58 71
64 49
94 30
19 37
11 42
89 44
91 43
56 53
97 30
60 50
34 89
18 32
1 82
87 26
24 12
25 88
84 44
65 15
56 0
34 93
34 52
87 10
58 81
76 52
40 46
44 72
82 31
77 53
18 10
49 61
84 85
70 98
17 44
52 48
46 61
17 32
82 94
86 97
86 27
53 23
14 11
8 62
39 91
80 46
84 13
34 37
44 79
64 90
42 8
78 63
21 86
17 41
84 82
23 67
62 52
56 29
92 9
53 48
28 72
20 50
81 97
57 29
28 81
96 66
34 39
69 27
27 38
2 20
23 34
64 92
15 27
96 3
19 13
48 98
3 59
85 97
66 69
77 0
98 58
70 78
7 3
84 28
71 71
34 58
55 62
92 90
15 43
77 87
71 65
50 43
30 71
72 43
87 97
12 97
64 22
76 22
70 76
98 31
4 83
12 16
14 71
78 15
16 63
63 52
96 6
10 72
47 27
70 97
65 2
7 41
31 85
45 1
26 91
38 40
18 43
98 87
45 37
49 15
73 94
93 66
29 54
0 74
32 66
40 62
25 74
85 29
30 96
53 73
18 72
15 54
52 61
77 25
56 86
43 39
21 78
45 28
52 65
54 81
11 88
6 50
18 38
86 37
75 13
24 33
69 36
35 34
88 19
81 76
41 29
61 6
73 14
40 64
49 37
2 83
81 30
36 94
34 2
74 17
24 26
79 18
46 83
90 83
56 18
98 1
19 43
36 44
51 30
32 9
32 44
29 87
61 15
93 15
39 26
25 71
53 56
22 47
22 16
9 82
49 48
11 0
59 26
39 51
25 28
31 96
69 28
98 29
70 65
64 79
71 33
42 87
31 46
64 26
63 33
88 57
38 51
5 86
61 52
2 98
54 80
50 28
33 75
36 24
23 40
67 41
20 17
8 70
46 87
80 85
21 21
65 34
48 44
44 22
59 13
27 3
5 17
25 40
44 91
40 59
7 12
80 87
24 76
31 48
36 42
13 77
85 60
75 41
32 55
73 52
20 82
18 52
16 17
21 74
43 30
83 28
54 11
83 69
21 21
30 8
85 87
14 13
41 26
10 79
10 42
74 28
92 16
20 91
41 67
51 57
28 88
94 21
65 61
12 40
74 27
97 29
51 77
76 90
94 6
34 66
86 73
92 92
52 52
56 52
98 6
2 23
41 27
2 88
7 87
86 31
51 51
61 13
87 33
87 37
18 53
54 17
43 87
44 87
6 24
79 78
10 5
52 56
19 35
59 11
93 76
24 77
91 8
32 71
80 53
84 10
89 72
95 42
40 6
76 90
34 57
87 5
26 83
70 94
46 55
67 9
79 84
27 3
57 39
33 11
35 78
31 78
37 94
0 2
59 47
36 37
96 8
30 30
14 49
71 15
59 43
91 52
85 58
91 75
4 58
4 29
57 96
21 21
6 52
21 46
82 27
21 52
34 15
97 29
57 28
95 0
65 95
42 29
37 94
4 29
17 10
1 38
81 16
34 15
37 30
28 21
83 66
96 64
92 74
51 51
39 35
68 10
30 3
37 44
18 14
76 63
91 11
28 26
20 70
34 27
69 93
42 68
26 61
45 48
83 28
85 55
1 54
51 98
65 65
7 42
98 91
49 28
54 11
25 81
91 15
96 15
79 84
66 37
53 61
3 32
85 87
97 5
51 57
98 68
52 85
70 71
62 20
92 91
2 31
22 80
80 19
94 31
25 51
60 27
41 34
35 63
25 63
93 8
6 24
18 14
7 71
22 69
14 79
96 59
78 98
63 54
88 34
64 46
71 15
70 20
31 78
24 76
81 29
92 31
82 45
51 52
15 30
60 47
64 27
16 85
8 74
40 59
55 94
75 18
56 48
42 86
97 1
93 80
53 15
18 52
72 20
45 39
49 96
3 32
97 39
68 69
58 20
17 10
36 96
39 27
25 82
57 31
28 21
50 36
25 51
58 44
26 24
89 61
61 53
70 92
59 94
6 47
77 61
43 97
7 23
41 88
27 20
94 4
74 82
70 47
86 13
64 15
83 94
44 70
55 5
22 92
25 12
33 11
31 82
16 13
47 80
67 77
40 83
84 10
86 13
18 14
91 77
17 77
73 57
33 38
77 94
42 56
35 87
65 18
88 55
51 85
45 80
27 15
49 65
78 76
19 14
37 94
7 23
61 83
86 36
40 45
26 33
98 0
95 24
95 83
53 86
86 30
15 30
76 26
11 33
65 90
38 83
37 66
26 83
59 64
7 63
69 93
98 0
72 1
48 65
2 21
15 78
94 6
91 17
88 36
47 95
83 94
51 62
69 56
59 53
20 70
53 88
45 48
65 65
56 77
17 65
92 35
27 94
36 96
24 45
92 91
55 20
68 0
2 23
75 41
4 91
61 83
0 90
49 64
90 5
73 19
71 76
96 81
26 96
67 77
95 42
98 30
76 4
66 33
49 28
12 49
41 20
34 66
48 41
71 19
25 9
51 52
6 17
51 4
5 79
60 48
11 96
46 90
28 88
35 23
87 74
46 75
72 11
78 28
27 18
40 8
3 4
63 91
7 42
93 80
26 96
29 56
53 43
51 75
23 76
14 95
23 13
4 91
41 27
85 48
77 67
58 54
22 74
47 72
86 51
89 72
27 93
53 25
68 10
28 47
38 87
66 66
73 20
62 36
38 59
64 95
72 69
71 18
70 90
79 55
57 39
18 52
69 77
70 67
94 4
89 13
21 10
53 69
43 30
43 87
8 74
85 87
86 81
84 17
75 63
68 98
53 76
15 78
57 97
66 76
70 95
95 70
33 13
94 56
69 14
59 24
50 0
70 90
58 27
86 36
55 67
25 85
17 77
7 17
30 22
21 77
19 1
53 76
10 5
17 53
80 53
7 47
17 65
58 54
31 98
5 88
95 22
40 17
62 43
60 40
93 31
64 27
0 38
59 11
30 30
38 33
87 79
63 67
95 70
27 3
31 56
60 9
39 27
21 75
27 1
75 29
1 84
9 40
53 74
75 24
88 62
12 26
20 85
74 53
74 5
85 58
67 83
57 31
66 33
86 13
56 60
48 41
22 67
31 32
82 27
77 13
39 31
90 69
7 87
27 1
82 45
2 7
30 36
77 67
88 55
23 13
58 38
85 48
21 54
87 74
72 28
79 13
59 2
49 2
49 8
64 1
26 6
30 3
89 77
46 94
30 8
67 97
5 55
95 73
47 8
49 36
17 39
26 30
68 1
31 70
87 56
16 91
82 78
86 73
49 65
92 41
66 59
50 4
59 43
70 20
85 61
29 61
49 8
19 55
41 34
64 95
27 18
72 23
80 58
22 11
73 52
38 83
42 28
60 47
61 5
52 87
71 76
5 18
98 27
68 0
18 86
4 58
37 45
90 65
68 39
37 44
18 46
64 46
71 60
57 97
21 10
54 11
73 19
26 31
68 29
41 8
96 15
33 5
18 46
70 94
78 27
37 29
60 48
9 62
65 80
97 39
54 17
22 92
12 3
11 39
34 15
53 24
68 1
29 60
79 78
44 94
58 28
18 33
72 75
27 94
41 86
7 50
89 61
56 77
49 4
37 10
69 77
33 46
51 39
62 89
22 80
90 65
13 22
26 67
21 77
53 39
87 33
45 36
64 74
96 8
74 28
69 11
22 69
83 27
39 35
68 69
62 65
49 36
7 23
32 31
78 84
62 43
33 38
86 83
12 8
58 20
87 13
21 54
21 58
39 30
7 50
53 89
41 32
90 44
67 50
76 4
57 28
53 39
89 61
75 23
66 59
5 42
50 48
4 51
84 25
34 57
3 86
45 53
25 31
39 30
85 61
48 50
8 11
78 42
53 15
70 20
57 8
59 24
42 56
3 4
84 79
78 95
60 40
17 21
14 17
33 13
95 22
75 79
53 89
48 1
1 43
42 22
69 22
72 21
90 6
92 80
77 15
12 3
15 79
82 78
65 53
34 91
94 24
87 5
61 79
39 95
82 55
38 54
92 16
89 96
59 2
6 12
96 44
52 56
44 39
14 49
62 36
7 50
97 1
72 1
92 41
21 39
26 96
40 13
77 40
63 90
62 50
12 26
39 31
75 24
91 15
45 67
73 82
41 20
49 4
16 17
54 86
49 87
95 24
53 61
28 76
10 15
37 45
4 7
38 63
51 57
56 48
96 64
86 2
50 98
36 61
85 58
31 70
1 43
72 64
44 39
80 68
84 24
57 41
41 67
65 18
49 64
70 67
69 65
38 87
76 26
95 34
5 55
52 36
70 95
7 14
80 70
21 52
67 10
72 23
56 60
84 6
60 52
78 26
51 5
91 15
85 81
95 83
38 41
35 73
25 63
92 41
78 98
68 29
21 46
32 71
94 43
42 20
65 65
14 27
95 22
83 66
77 61
59 47
78 76
1 80
40 17
90 5
20 91
45 96
25 31
98 68
46 94
10 35
91 28
39 67
96 64
61 11
61 53
69 4
10 79
28 21
16 73
11 33
8 65
69 56
28 18
7 87
34 71
57 67
24 68
92 74
51 77
30 75
71 4
78 84
68 38
11 39
23 57
26 31
98 91
52 56
87 5
59 94
33 56
57 19
88 14
46 12
27 15
44 22
25 82
17 77
63 35
33 57
41 26
30 25
73 57
31 98
51 4
49 64
21 74
72 72
50 28
1 12
30 22
53 25
82 55
7 71
49 35
80 58
62 43
10 5
67 9
78 27
34 71
13 22
65 84
43 45
26 6
87 56
40 8
14 78
10 7
50 29
60 52
78 93
72 36
69 14
87 79
53 89
33 13
47 61
46 75
64 74
90 27
7 58
71 59
75 23
52 36
84 6
92 94
26 61
86 54
17 53
74 53
51 75
50 0
69 0
48 65
44 22
80 28
96 44
88 14
72 50
90 39
39 27
72 75
58 38
11 33
24 45
85 60
43 45
76 26
10 79
20 91
28 43
58 54
65 84
94 31
97 5
51 4
90 54
91 8
78 28
57 49
53 43
77 61
4 58
21 27
90 27
53 43
27 20
21 52
37 10
19 18
74 67
33 56
24 42
64 46
37 30
71 31
95 73
3 87
2 32
48 81
50 4
28 53
63 35
50 51
6 52
92 94
35 87
46 55
41 8
59 24
92 59
47 23
46 70
83 86
49 4
46 87
47 72
91 93
8 65
30 25
28 43
21 10
54 44
56 52
3 86
22 69
80 85
71 98
50 8
16 91
73 20
31 38
91 27
72 64
37 43
30 80
43 87
87 76
7 63
5 79
5 79
32 70
79 50
67 50
47 77
36 61
49 35
26 33
91 11
52 71
92 37
80 28
15 0
94 83
52 85
34 27
20 91
4 51
86 60
21 75
59 11
21 39
16 13
34 91
69 0
50 44
35 23
7 17
55 94
95 0
80 68
14 20
67 10
32 96
25 62
26 33
27 93
60 47
69 22
92 97
48 82
33 38
53 60
44 91
59 97
95 0
87 56
45 77
55 69
90 44
17 90
96 17
71 31
90 57
17 17
13 77
81 67
37 43
49 96
56 11
19 18
83 54
77 95
68 0
68 69
51 5
7 7
14 27
42 22
32 3
1 12
66 81
48 1
80 28
3 32
14 78
33 46
77 40
54 86
73 52
53 15
24 45
8 74
72 20
45 39
2 21
57 39
3 87
26 90
28 18
25 51
98 91
43 73
21 6
19 55
44 22
47 77
17 90
40 17
7 12
61 53
51 51
59 18
96 59
30 8
55 94
93 62
50 48
77 94
70 67
59 97
90 39
90 54
96 81
30 36
82 55
91 28
15 30
83 88
60 44
80 87
7 71
52 47
26 96
54 44
77 48
77 15
77 37
62 35
93 10
77 48
29 21
83 94
95 34
55 69
89 77
41 88
22 11
52 47
38 63
9 56
57 58
73 26
2 23
37 86
50 98
73 36
85 87
31 78
65 53
32 10
20 85
37 38
82 39
51 90
89 96
65 95
68 29
37 38
91 11
72 21
53 88
61 11
35 85
85 6
77 15
66 37
80 70
45 77
90 23
37 23
63 42
86 11
21 27
86 11
62 18
33 5
72 11
71 19
21 6
47 23
33 5
37 38
17 33
86 60
9 56
60 9
69 77
23 13
49 87
21 46
59 64
63 67
72 69
92 97
19 55
20 17
32 96
71 59
40 66
62 20
73 57
21 58
66 66
84 17
26 58
54 17
31 38
7 58
20 5
64 33
37 23
54 58
9 40
34 51
50 48
80 7
96 81
75 79
83 27
64 1
29 61
10 35
59 73
10 5
25 9
45 48
42 6
46 12
82 45
94 31
10 41
46 90