16 10
24 51
47 81
27 11
51 49
13 88
14 77
25 11
63 48
0 53
38 69
65 89
67 12
21 35
43 34
24 62
50 96
87 82
45 49
69 97
76 38
96 9
63 36
64 16
34 94
46 30
75 82
91 63
68 81
22 68
86 95
91 29
27 37
54 23
94 12
58 66
85 53
52 38
59 83
25 90
70 44
67 39
77 50
72 76
5 50
29 98
23 73
4 94
12 81
59 27
22 24
55 0
30 23
14 26
65 47
78 79
3 59
26 73
76 41
69 19
0 32
19 17
13 55
88 15
78 75
31 25
67 7
76 54
7 37
31 35
88 7
50 26
92 3
11 94
73 85
69 48
15 7
27 73
83 55
55 90
2 80
79 9
57 18
66 31
60 53
49 11
94 91
92 96
41 51
34 22
16 14
87 88
61 67
81 71
41 79
11 21
69 47
60 75
7 56
47 16
86 97
21 8
79 76
81 96
29 96
88 40
40 97
28 57
73 77
42 41
97 83
2 30
88 72
89 34
94 90
66 29
45 29
27 16
31 91
75 30
35 44
68 11
32 82
2 40
32 86
72 55
89 78
22 39
16 12
35 19
8 52
91 30
63 4
91 1
88 79
12 86
30 7
17 40
94 42
94 78
34 31
76 47
98 12
69 31
90 10
51 40
6 93
53 6
59 33
0 88
20 29
11 81
8 56
72 91
92 33
81 1
74 59
51 54
79 39
75 50
55 88
76 28
93 47
45 10
83 15
83 12
5 92
22 37
13 34
46 11
95 48
40 82
8 63
81 9
8 23
47 96
92 32
15 44
70 14
44 37
62 85
94 96
41 66
92 63
44 67
73 59
55 70
6 60
56 4
42 31
59 69
78 96
33 10
45 87
70 82
5 45
37 74
13 21
56 82
59 96
51 35
32 56
57 24
80 44
16 63
91 94
54 70
23 34
41 13
5 27
23 7
54 91
77 46
49 72
85 41
70 88
49 15
46 57
90 80
70 63
65 66
65 6
46 7
41 23
9 39
79 83
19 43
6 94
66 5
55 17
54 6
19 24
81 43
92 7
76 11
96 97
10 80
82 83
22 34
35 93
1 82
87 26
87 11
90 78
37 6
49 37
55 60
61 58
48 52
58 97
12 87
50 24
45 88
47 82
46 66
43 23
72 74
82 53
60 20
4 77
36 48
54 9
22 54
46 38
3 50
67 4
95 74
81 19
67 44
19 85
48 16
70 60
17 34
44 26
65 1
63 8
16 21
3 24
80 96
19 19
1 29
83 30
96 58
58 95
14 94
87 84
78 37
23 62
56 76
89 24
77 23
46 33
6 48
1 75
24 48
46 21
54 71
22 55
54 50
78 73
81 94
57 54
7 25
91 69
71 45
52 45
9 97
19 37
23 67
81 42
67 79
53 21
94 82
9 47
34 77
70 33
12 55
16 75
69 81
51 0
39 7
48 7
57 93
18 34
75 64
9 14
92 51
81 18
25 57
88 81
28 59
93 87
60 80
56 71
9 52
54 61
40 23
44 73
26 54
66 28
63 22
63 2
71 54
82 69
37 90
91 2
17 69
3 15
7 5
27 27
68 59
70 15
69 15
70 80
94 8
97 7
54 39
23 51
49 5
79 87
34 43
51 33
31 44
0 30
28 10
45 11
83 95
63 33
12 78
66 90
63 11
23 39
59 57
61 68
80 84
24 79
56 7
75 48
48 62
21 9
32 30
88 10
72 61
70 74
65 15
3 79
39 60
37 37
6 62
29 28
79 69
47 63
80 82
2 87
43 50
59 34
48 64
71 13
37 62
96 57
98 26
16 7
40 85
16 84
41 87
3 54
57 65
23 35
98 65
9 44
67 57
72 92
64 48
57 84
82 43
84 96
10 13
38 42
59 55
16 92
24 74
67 60
54 8
55 26
12 95
65 56
73 61
28 48
87 15
51 69
24 82
81 79
91 71
59 0
95 78
57 75
81 57
21 90
28 94
21 31
54 92
71 79
3 52
96 3
83 13
18 98
44 8
88 45
21 66
70 34
37 40
89 53
4 24
44 12
28 25
28 6
14 82
97 53
81 87
41 41
35 5
6 18
74 52
42 87
35 20
66 4
96 96
61 14
86 86
3 43
80 78
17 18
24 2
67 48
93 36
58 5
47 79
38 75
45 34
20 42
61 66
98 74
38 8
44 79
60 19
56 89
28 81
25 28
35 22
45 4
44 13
91 49
68 33
25 54
54 30
29 53
74 29
52 26
84 37
37 26
82 30
80 59
73 37
50 62
12 25
12 65
56 8
72 7
79 7
46 35
42 48
77 76
45 19
14 6
30 12
51 37
39 83
52 29
49 10
58 48
49 95
86 33
25 25
34 48
49 54
10 29
45 54
80 61
36 12
0 37
95 51
25 21
43 53
25 13
61 26
82 50
20 31
11 34
0 4
73 86
68 56
97 4
91 97
54 43
4 12
11 9
2 42
38 65
70 4
38 46
16 39
46 74
56 38
71 9
21 34
17 24
13 49
38 92
0 76
84 35
86 48
19 6
63 0
95 1
38 78
21 26
15 6
37 48
81 66
61 39
94 76
20 66
66 77
4 84
53 85
98 81
59 71
27 96
82 11
39 56
33 81
82 67
91 68
56 1
84 85
62 77
27 59
96 2
36 44
14 8
86 3
70 66
83 36
14 38
73 93
73 27
67 20
67 22
28 62
71 43
68 17
14 1
93 23
67 92
8 79
13 93
63 47
10 67
50 49
23 11
22 50
20 43
23 53
48 29
47 84
74 20
34 85
23 61
86 82
39 48
43 92
85 77
40 21
33 4
93 44
81 97
82 82
56 31
26 38
6 32
46 64
75 53
86 0
95 64
11 87
47 57
84 55
33 34
96 22
85 24
75 14
7 55
89 37
27 51
38 43
74 17
18 2
72 29
91 10
91 26
17 87
75 22
29 46
56 57
64 51
34 18
76 36
60 14
53 12
8 13
52 48
79 35
77 51
27 7
58 42
98 57
61 78
58 82
54 19
73 49
10 57
95 65
62 48
14 19
84 44
87 47
84 65
85 56
22 93
3 8
71 6
40 3
49 47
23 47
64 78
56 86
73 92
20 4
40 4
85 27
76 37
62 73
64 47
22 58
80 74
5 54
9 82
17 85
76 20
67 6
88 73
8 7
28 75
56 3
63 80
71 96
44 48
94 72
93 90
86 53
59 49
81 64
87 98
52 25
14 7
8 31
71 7
9 26
34 13
24 58
83 25
95 96
78 21
89 93
15 62
55 68
31 39
76 77
52 82
53 49
67 40
91 82
90 1
8 46
33 18
56 75
5 57
46 59
13 28
33 94
87 80
56 93
19 21
64 63
79 33
2 12
5 44
15 21
24 75
17 78
95 71
28 34
56 50
20 35
8 62
64 77
87 55
45 64
12 37
12 63
30 96
40 25
24 3
67 53
43 71
29 77
13 54
58 45
62 54
72 12
41 56
12 23
6 57
78 57
30 47
42 30
96 16
17 4
20 15
34 97
1 16
89 26
84 81
79 38
35 16
41 46
84 26
1 91
29 63
39 51
7 35
39 92
32 23
24 23
70 24
96 20
59 51
89 84
84 87
78 69
49 39
74 62
30 81
21 53
32 77
39 8
20 55
60 59
85 85
12 91
15 27
46 48
21 69
68 24
21 19
37 24
52 84
40 64
61 60
24 69
82 38
73 71
85 22
35 92
76 40
98 76
40 77
71 80
36 10
58 55
35 21
45 73
44 53
18 10
53 8
38 40
44 29
17 60
42 91
97 90
47 56
76 74
52 8
40 28
26 44
47 35
86 45
1 74
3 81
94 57
47 38
89 16
78 24
47 11
29 38
44 75
70 69
13 76
49 17
10 94
84 23
25 98
79 21
52 37
18 22
54 60
60 0
38 32
73 74
56 74
36 74
18 3
83 8
19 34
8 43
29 74
29 80
77 44
24 11
12 68
96 6
3 48
61 23
81 34
46 28
84 39
32 7
43 29
95 20
51 48
54 79
64 13
40 26
24 4
76 91
38 44
63 20
21 68
81 36
74 24
15 22
18 90
36 49
24 15
53 96
92 58
59 80
86 59
82 90
9 96
96 4
44 27
71 39
28 13
79 81
48 74
24 6
73 79
44 57
2 9
18 5
39 21
43 86
65 79
92 69
15 89
4 80
10 72
57 91
68 31
46 56
22 6
24 47
49 73
31 72
79 42
21 37
67 90
30 43
32 58
55 61
23 97
48 43
65 14
26 11
24 43
31 30
4 86
75 28
49 68
88 67
77 62
0 54
59 28
75 58
35 39
19 2
13 19
6 92
19 39
50 76
46 27
21 20
40 58
12 13
52 18
41 45
2 72
94 9
7 41
83 6
21 48
77 12
23 24
64 36
89 10
35 94
47 32
25 36
11 45
50 70
23 84
40 31
60 93
34 84
86 55
48 37
98 32
83 83
67 85
87 67
63 95
58 64
86 92
31 46
43 37
94 74
89 4
92 60
94 2
91 61
9 70
91 88
90 45
75 31
46 63
61 1
18 20
16 59
43 54
69 84
20 89
78 81
79 41
36 88
85 49
27 36
75 95
29 30
92 95
36 29
48 8
27 8
42 42
56 9
74 34
49 71
25 15
3 73
59 91
75 81
55 3
9 46
30 45
2 59
17 52
64 32
80 47
68 57
89 18
98 55
1 64
35 7
52 22
33 79
89 81
81 17
31 94
80 16
40 76
86 84
77 14
42 38
61 52
42 15
93 3
20 96
25 18
68 60
39 98
41 19
27 12
61 85
39 41
73 12
39 79
65 91
52 65
89 82
69 2
57 3
29 51
55 21
33 55
70 85
57 27
97 10
11 78
85 78
23 66
5 91
56 97
81 89
63 96
62 37
29 3
65 17
6 40
37 49
34 11
36 23
10 74
18 42
26 80
47 67
88 26
30 71
71 16
1 22
57 0
84 60
82 36
92 19
45 37
80 52
68 51
65 49
1 28
94 92
59 58
82 98
16 32
79 80
48 11
89 94
13 43
33 48
9 3
75 39
10 82
43 22
42 10
93 14
21 22
25 94
37 77
49 14
75 8
8 97
17 43
98 64
70 41
20 79
31 74
26 59
84 42
96 80
68 82
90 76
29 47
78 54
49 52
65 51
23 29
21 42
40 5
19 94
16 28
6 38
96 53
93 42
28 71
91 48
18 60
86 5
79 52
29 62
60 72
51 93
9 69
98 21
18 83
26 64
46 67
33 51
40 34
48 32
39 44
41 4
98 56
53 59
93 11
46 6
12 21
46 10
36 63
4 56
59 1
75 49
80 29
59 6
22 45
66 78
85 97
42 53
77 49
44 86
68 49
13 89
60 92
41 64
96 71
11 17
89 62
73 60
20 13
71 61
68 94
13 11
85 33
86 41
80 24
86 50
27 53
63 18
8 35
88 4
54 82
17 68
37 63
76 96
95 12
97 23
88 35
56 88
83 82
36 54
62 76
70 97
22 20
55 93
70 31
63 59
56 92
0 72
63 66
29 73
53 27
42 98
5 56
81 22
53 90
76 73
45 20
53 44
31 54
96 70
43 36
73 48
91 22
63 57
24 98
28 39
23 42
83 81
48 24
88 60
66 47
15 12
58 4
67 89
64 60
97 17
82 29
64 3
33 65
65 22
65 42
54 75
55 85
72 43
24 49
58 6
42 93
55 39
28 28
30 6
51 96
41 21
29 87
69 28
94 64
33 43
83 65
30 77
14 39
37 4
64 11
23 68
73 56
12 76
93 1
5 95
16 82
77 28
30 39
43 98
65 59
39 64
24 86
43 68
69 59
56 6
13 26
58 0
14 90
92 78
39 15
70 2
58 88
68 30
62 56
95 45
45 47
69 80
47 59
24 19
32 27
53 50
30 24
13 32
6 85
15 97
48 69
7 54
41 15
29 8
58 67
16 62
30 21
87 34
54 94
76 67
76 58
72 3
83 90
50 52
19 74
20 46
49 76
72 53
10 21
89 46
74 8
12 93
89 69
68 3
38 68
20 97
42 85
85 3
87 39
43 64
64 12
15 59
16 31
68 14
60 32
43 72
74 69
97 20
80 25
85 59
3 69
55 41
45 21
60 30
18 78
41 90
63 41
89 54
22 16
12 57
22 79
60 56
62 91
58 15
39 74
49 53
89 55
90 3
32 80
20 7
90 40
54 32
48 75
8 17
8 80
9 19
9 66
54 12
30 92
83 39
63 7
10 43
1 17
56 42
24 91
25 83
90 11
77 93
50 83
83 91
76 23
19 72
89 50
78 83
66 30
29 6
38 57
71 88
22 30
56 83
8 10
45 56
59 65
71 89
65 19
55 16
5 93
26 89
76 14
60 1
74 33
6 9
55 9
39 73
36 85
82 91
4 23
98 77
33 23
21 23
16 58
58 21
19 40
10 27
34 65
25 44
57 56
2 69
76 0
33 87
87 9
56 56
55 33
44 92
53 28
65 12
62 67
94 68
39 90
15 16
94 44
47 65
32 46
95 36
55 81
54 54
35 30
1 89
70 75
15 10
31 47
50 78
8 71
35 88
62 11
73 76
59 9
7 97
57 70
17 66
24 40
26 53
46 34
74 11
65 64
41 59
89 43
8 27
21 36
28 50
47 4
87 49
38 6
20 41
10 28
97 13
87 65
44 41
15 46
62 14
11 88
24 50
75 46
41 89
27 10
37 9
66 6
88 61
95 13
9 27
67 47
62 45
87 72
68 83
57 82
9 8
59 72
81 23
62 79
23 74
61 55
19 78
2 49
63 87
70 91
25 96
50 6
29 17
61 6
43 8
68 22
80 30
40 92
40 54
23 87
73 13
92 76
74 32
98 29
16 88
0 40
30 29
8 44
50 66
72 93
86 26
12 2
50 38
14 71
57 76
65 62
60 42
2 15
38 79
82 14
13 95
68 15
22 98
73 2
81 60
55 37
30 28
47 5
76 65
2 57
70 87
53 16
14 12
2 76
29 69
87 35
28 32
69 21
30 86
42 4
91 81
8 50
16 4
76 27
35 76
49 74
79 94
74 86
96 65
56 59
19 8
76 16
70 86
15 24
18 44
58 50
50 3
86 9
44 5
37 34
47 26
59 54
56 41
9 2
7 33
22 32
62 51
94 63
3 20
23 55
46 8
14 15
54 67
43 35
0 87
40 68
70 35
11 58
91 95
38 51
3 10
78 74
66 49
8 47
4 98
70 26
88 11
27 91
59 93
89 67
70 61
32 36
26 62
53 93
73 43
33 88
60 28
59 41
61 94
18 28
43 38
4 65
79 98
17 97
58 52
77 91
53 81
66 27
64 64
68 9
85 64
77 7
91 58
59 79
17 28
36 60
56 13
52 15
34 52
68 8
11 37
19 44
1 95
38 82
90 61
35 2
71 95
25 10
20 26
79 56
12 80
56 69
15 33
10 1
76 19
64 76
59 16
28 69
20 30
66 58
80 57
21 92
42 77
57 40
83 53
46 88
75 55
60 62
81 74
66 91
79 75
77 9
8 15
60 24
53 23
93 55
20 69
39 89
45 72
3 7
44 45
31 54
20 51
35 32
20 76
55 51
92 9
88 41
71 38
89 15
24 34
26 55
60 41
91 45
74 98
90 70
45 98
80 88
67 25
65 35
22 52
23 94
75 74
67 35
7 59
6 31
3 53
6 43
48 63
27 26
89 73
35 46
3 88
7 85
77 77
69 3
49 97
79 40
38 34
30 38
72 94
92 36
34 26
72 19
9 9
13 7
89 65
49 63
18 51
72 90
43 19
94 48
69 27
5 41
70 36
23 60
86 35
54 53
35 10
50 16
44 6
79 23
46 49
20 57
1 46
29 55
12 89
28 44
51 6
37 57
62 57
18 87
55 13
19 25
85 12
92 57
76 94
85 9
53 26
60 68
23 80
86 8
29 5
57 36
34 79
56 64
62 42
25 37
7 19
14 2
62 52
51 71
5 66
35 45
89 56
30 63
95 37
68 5
37 89
21 47
56 95
36 66
88 78
88 68
42 54
26 18
64 94
59 48
94 13
42 32
80 77
71 87
45 63
78 52
29 27
29 64
15 32
50 5
60 46
5 28
45 33
56 73
75 6
85 4
91 33
18 50
74 72
33 59
65 75
22 81
6 50
40 30
48 61
83 10
63 34
80 75
56 29
73 53
72 66
39 26
61 47
60 11
60 12
55 4
95 68
17 13
10 98
59 5
41 85
59 7
14 33
97 81
63 6
72 78
70 1
55 92
56 39
23 8
40 51
25 89
77 80
9 94
57 17
23 37
24 12
10 70
85 42
91 50
84 90
42 5
97 73
51 97
24 93
48 77
42 73
14 83
67 56
30 72
24 88
28 4
32 29
62 69
14 9
34 92
38 91
58 3
40 35
43 42
92 38
77 4
97 3
51 38
61 17
7 36
57 42
81 35
36 76
96 23
3 18
24 80
43 76
59 61
24 71
12 84
21 4
70 62
62 25
64 87
34 82
97 70
43 56
84 68
3 49
20 32
23 91
49 9
19 51
71 12
48 46
56 12
67 98
26 14
36 45
30 11
29 10
41 60
24 96
50 75
52 39
61 45
9 43
75 13
31 81
7 20
74 51
66 50
60 76
17 59
58 89
31 75
2 84
71 74
20 81
25 76
14 89
50 80
7 91
76 80
72 8
92 34
1 44
68 27
76 68
45 8
16 20
12 50
24 85
55 44
45 0
47 2
23 50
37 93
4 30
84 9
23 28
14 93
11 27
11 64
91 60
7 62
94 15
61 62
55 89
90 93
81 37
17 73
13 23
37 8
12 77
26 66
97 95
59 20
45 79
68 42
71 71
35 69
90 87
29 76
88 25
45 86
57 74
17 22
97 15
17 84
1 42
40 11
49 34
92 17
79 19
50 65
25 56
5 5
43 11
17 54
93 70
80 49
75 71
98 25
19 9
25 71
47 21
44 90
67 93
16 76
60 61
59 77
96 7
44 56
98 73
38 3
91 19
78 86
32 57
73 67
92 47
35 34
80 73
24 29
31 80
84 77
42 18
56 23
92 53
40 69
44 88
53 37
9 75
84 88
49 56
6 25
48 31
61 12
24 67
96 89
39 43
21 70
81 76
88 75
42 49
67 2
93 39
81 95
22 25
63 1
23 43
33 71
73 47
65 76
4 87
8 61
76 86
64 53
71 23
26 15
58 43
13 85
38 20
31 71
69 61
38 86
29 78
49 77
20 90
96 39
13 97
27 28
28 66
8 30
46 29
20 36
64 21
93 30
15 41
19 73
95 84
11 68
75 84
75 42
85 10
32 32
93 96
13 44
14 36
36 79
85 86
78 9
43 1
72 63
66 7
79 27
76 59
17 7
82 1
47 12
41 62
8 14
59 21
65 70
74 93
9 51
83 84
79 45
14 57
19 96
88 47
55 64
11 47
91 84
43 41
83 59
50 77
56 54
30 67
55 29
28 89
92 52
87 30
80 62
2 5
0 92
15 1
77 29
36 6
86 57
21 30
85 63
14 10
78 49
61 74
58 63
62 60
43 4
63 55
64 85
37 65
57 80
85 47
20 83
18 7
19 92
71 24
70 37
13 41
71 17
2 82
27 66
40 87
73 70
1 32
89 25
84 7
72 15
39 14
37 78
3 95
28 14
71 21
61 95
51 30
95 33
76 89
67 38
17 37
12 16
9 13
27 62
21 16
51 36
41 98
90 81
63 39
8 84
84 74
81 8
18 81
88 17
56 47
42 71
65 85
18 26
78 85
63 88
6 58
54 16
0 31
90 15
14 76
18 72
57 25
88 5
19 50
29 24
64 52
70 17
10 85
66 3
83 2
35 59
52 77
39 93
30 48
75 26
9 6
46 52
66 93
59 60
64 4
25 67
50 17
9 67
41 55
18 54
64 34
82 79
72 49
88 54
46 25
15 13
31 58
55 77
58 73
55 46
66 35
45 9
64 62
90 55
82 56
71 62
58 19
90 52
69 23
18 40
70 77
57 51
59 25
62 83
25 42
75 40
62 28
72 57
79 36
29 33
58 25
46 65
60 74
5 7
17 83
9 17
80 81
61 7
39 59
68 85
71 69
95 3
46 80
84 98
63 53
26 45
56 58
86 87
70 81
60 17
64 17
93 4
1 11
38 94
53 52
19 82
18 11
40 98
62 61
12 45
57 15
83 40
71 28
29 71
81 30
11 54
81 78
10 4
39 94
20 20
55 32
35 14
18 89
45 94
36 33
0 71
55 86
80 83
91 34
22 66
53 13
67 24
38 9
16 79
70 78
81 83
31 24
68 35
83 78
33 97
9 10
96 0
27 48
20 10
8 8
78 20
74 85
97 0
83 26
44 52
84 15
91 90
60 31
82 89
7 22
93 69
66 84
44 96
18 17
58 37
93 98
4 93
90 71
71 48
7 18
82 96
66 53
93 71
59 75
58 12
44 18
69 34
57 79
58 23
25 80
46 1
41 97
57 94
74 81
93 89
67 63
20 86
24 17
96 45
64 90
80 18
11 86
50 13
94 5
37 73
85 98
2 17
60 81
77 83
66 32
53 68
80 31
71 34
86 89
2 94
56 19
11 62
34 24
10 65
10 77
73 69
2 49
48 70
33 52
84 61
80 37
17 74
54 97
88 49
10 58
18 58
85 32
10 30
65 10
21 24
79 68
91 54
75 35
94 32
75 52
82 34
95 7
52 24
95 53
78 15
58 49
84 41
90 2
11 15
12 90
94 49
18 45
89 51
15 36
63 15
82 9
11 56
51 50
14 80
96 38
88 98
58 10
71 91
24 66
94 70
92 84
15 91
8 16
8 67
98 83
27 5
17 75
86 40
87 32
67 58
56 78
92 66
22 26
61 4
67 42
89 59
55 11
35 71
24 90
20 33
67 80
20 78
64 65
72 81
14 84
51 84
79 30
94 80
65 23
59 67
83 56
41 57
21 96
62 47
57 30
6 56
40 10
52 5
89 3
70 8
85 89
32 44
31 68
36 84
85 73
79 93
7 15
85 11
81 61
9 30
61 65
38 85
52 16
71 3
92 93
41 92
6 3
22 18
29 84
72 4
41 40
7 21
32 20
46 83
31 26
3 94
48 54
0 91
70 39
25 39
38 70
52 14
66 45
42 96
49 75
71 22
66 15
92 70
96 43
70 96
42 64
32 45
66 82
52 40
24 81
72 97
89 31
5 70
63 46
29 45
74 10
58 46
43 77
40 52
47 40
82 73
13 14
28 46
34 32
57 34
47 1
32 34
40 75
56 68
5 73
64 43
77 73
79 16
27 50
40 46
81 28
48 34
30 69
27 25
43 24
39 4
36 11
66 21
7 81
69 5
66 41
68 16
3 28
4 74
33 98
92 18
89 98
20 87
97 12
30 87
24 13
64 14
80 98
1 41
6 69
14 22
86 47
86 76
86 27
53 51
33 29
4 22
65 72
36 13
74 21
37 14
67 70
86 38
77 21
2 43
73 58
57 62
74 3
17 61
11 13
55 57
32 88
18 47
71 57
11 79
76 53
10 19
59 56
57 73
0 82
79 77
30 79
79 85
24 55
93 18
38 55
85 8
0 5
5 74
47 41
0 55
82 15
28 70
32 8
82 4
41 36
42 33
10 18
9 20
22 96
45 74
40 55
42 35
29 68
69 16
27 95
23 86
49 12
81 31
84 64
64 92
8 9
18 23
87 97
30 78
69 30
2 86
24 94
34 3
52 17
74 60
38 96
64 59
17 38
79 49
13 71
14 88
64 58
74 89
13 50
45 52
31 63
83 41
37 92
7 67
3 31
98 70
86 64
38 36
26 32
75 73
65 57
47 45
91 98
89 95
14 40
78 7
52 63
43 93
16 43
28 3
70 93
38 67
51 3
78 14
12 17
92 79
19 13
51 19
61 76
90 48
82 80
35 9
23 4
63 92
36 38
97 18
68 45
30 76
76 55
26 72
71 49
11 38
15 92
52 0
82 49
6 64
33 47
49 69
84 58
33 21
82 47
9 11
87 54
13 73
59 3
28 78
72 39
90 18
56 24
83 45
66 70
64 84
50 41
81 51
94 45
29 43
35 8
15 52
41 96
52 28
42 50
21 43
9 71
68 91
49 81
66 43
91 44
23 32
9 41
77 64
56 34
82 46
30 90
73 75
88 86
81 75
90 30
10 17
11 0
67 0
49 49
55 31
46 95
38 89
24 32
38 84
26 29
61 10
72 62
44 85
42 23
73 50
67 29
78 25
10 78
33 6
69 53
7 26
24 30
70 3
44 23
2 92
26 98
34 2
54 65
67 72
60 70
62 53
32 73
6 29
86 58
36 46
15 15
65 5
68 80
71 47
45 35
9 35
78 44
61 46
15 11
7 6
6 26
93 19
16 16
6 75
1 97
47 29
92 44
70 76
77 74
51 53
94 87
89 75
2 61
50 50
50 46
15 45
27 70
61 51
77 96
93 15
23 31
21 45
63 13
71 55
63 12
76 24
54 4
90 66
98 89
23 58
27 88
51 35
3 78
73 65
97 6
90 51
71 14
49 26
93 66
44 55
60 36
5 29
36 30
30 46
87 44
92 62
54 26
92 8
17 67
18 39
48 59
31 65
41 30
94 30
89 36
84 83
17 44
97 47
63 89
45 1
25 75
68 28
2 73
64 2
71 67
36 62
3 42
58 7
98 87
15 98
54 96
91 78
30 4
52 88
96 49
85 39
98 95
93 95
61 56
75 54
91 70
88 32
7 8
46 91
45 89
58 90
30 93
21 7
45 50
0 97
15 19
60 37
15 63
85 26
78 34
66 25
60 73
7 52
15 8
94 46
91 51
3 70
2 67
97 21
48 28
2 4
72 54
21 94
77 59
63 32
32 54
23 25
22 13
21 72
77 22
29 32
7 49
74 58
45 92
65 11
83 85
51 28
6 19
40 44
13 24
81 56
22 10
21 79
75 20
71 81
77 88
52 34
6 53
93 17
85 76
39 49
19 20
47 30
83 67
90 53
26 35
12 48
62 12
4 21
68 97
38 22
4 72
72 0
66 38
22 36
44 64
32 25
41 54
71 11
67 0
67 81
91 46
12 5
69 41
82 24
18 29
43 58
20 12
75 15
75 90
68 79
34 56
36 32
63 64
18 19
22 28
75 83
4 55
6 86
57 52
90 25
61 50
63 72
47 71
27 39
15 55
53 14
77 84
54 68
46 54
20 27
25 8
94 3
74 30
98 11
34 89
17 51
79 28
31 28
69 54
11 10
83 5
20 52
22 22
77 57
39 62
52 91
20 37
52 33
7 44
45 24
13 33
67 59
70 22
13 4
93 58
74 4
45 57
64 70
16 60
70 0
10 56
26 8
12 0
55 43
49 89
46 96
23 6
2 96
64 61
56 85
75 51
77 75
84 43
31 29
83 89
78 32
67 19
9 74
28 27
21 82
80 6
53 66
88 42
80 29
55 7
36 71
87 12
62 44
63 85
92 50
2 63
53 65
46 73
34 16
23 22
96 4
64 75
72 56
10 59
53 22
2 18
91 57
23 1
81 58
16 46
21 80
80 55
43 63
13 17
77 82
10 97
83 93
14 32
96 42
89 80
18 31
97 82
98 63
40 41
62 15
73 10
15 53
95 56
97 14
22 78
89 6
2 28
42 44
1 69
92 15
86 77
81 25
12 11
75 75
95 17
5 15
22 12
77 58
58 74
33 74
39 85
22 51
33 2
69 12
21 57
73 50
68 89
21 13
45 59
26 71
89 88
26 16
15 5
47 24
78 13
69 95
75 12
23 75
72 70
35 84
98 75
44 20
85 7
25 95
52 61
50 87
39 58
48 14
78 48
79 48
33 45
84 67
15 23
68 12
92 46
37 47
75 91
13 38
49 79
78 22
52 19
27 56
44 98
25 52
91 62
16 9
45 45
83 42
11 3
9 22
37 85
80 33
96 90
94 11
86 80
19 45
66 79
24 59
31 86
16 68
50 35
59 10
71 33
10 46
19 84
94 54
86 98
77 68
71 64
89 35
1 18
98 23
85 40
35 60
94 47
18 8
22 86
29 48
96 14
25 59
31 66
33 78
63 37
95 80
80 38
70 89
92 39
10 22
53 77
76 62
76 3
13 8
34 80
47 28
6 51
96 19
75 80
92 24
69 9
76 84
20 39
36 93
87 46
57 81
65 69
71 5
56 35
5 83
3 74
70 13
29 4
70 59
52 75
26 37
22 48
34 88
25 88
32 69
11 93
33 49
60 25
88 84
87 3
88 2
9 85
90 19
63 70
90 12
35 33
88 19
32 40
38 21
50 68
98 24
55 75
49 7
27 54
70 49
27 61
17 79
98 10
87 0
17 23
10 84
77 8
47 6
15 14
11 18
84 97
16 55
86 25
84 82
90 31
81 52
33 26
28 7
82 37
44 42
55 87
62 38
38 31
83 52
24 70
79 86
38 35
26 41
21 51
2 51
9 64
32 87
95 98
4 70
81 50
18 88
96 41
78 68
11 80
66 2
29 35
19 16
7 92
75 96
26 2
14 96
85 34
48 38
89 2
39 61
65 52
0 95
25 91
23 3
87 6
25 68
55 25
83 74
14 5
85 21
22 77
85 74
69 98
35 37
0 15
87 7
79 67
19 65
71 46
54 76
12 56
44 1
82 12
24 54
76 72
73 14
65 21
33 77
44 72
14 53
63 50
68 96
90 62
85 57
64 50
49 44
20 73
46 32
51 72
32 94
71 36
71 65
71 66
73 17
36 47
81 24
82 86
79 59
80 14
34 8
8 66
0 81
92 89
22 0
94 66
56 20
36 50
19 47
20 6
24 16
92 21
62 59
73 11
52 23
82 70
72 17
72 68
69 44
49 13
1 53
1 72
8 85
11 2
17 3
17 82
72 35
54 51
91 79
73 0
90 83
61 86
76 13
56 44
43 28
82 18
93 97
33 25
45 3
43 57
7 84
20 93
20 0
48 68
59 50
94 59
53 98
29 1
77 35
95 21
38 58
95 4
75 59
25 58
41 31
3 92
96 83
27 71
5 80
11 11
32 4
78 12
67 33
29 79
74 7
34 10
37 39
96 48
36 35
13 94
91 7
75 19
26 39
7 57
63 43
19 81
50 84
2 50
94 7
28 33
84 16
63 69
26 63
75 38
23 89
19 42
15 87
7 46
11 61
80 71
11 98
62 86
95 46
75 68
2 41
81 2
97 54
28 55
94 67
73 51
77 89
27 4
52 72
31 3
29 66
92 68
61 57
3 25
60 50
75 76
91 56
61 43
24 56
19 41
67 69
17 88
56 36
55 95
71 56
6 63
80 36
82 74
24 35
50 82
16 30
50 90
90 8
43 6
15 54
57 63
5 30
64 35
71 78
48 45
35 43
91 5
41 18
75 65
94 93
33 73
57 38
89 64
84 59
42 26
50 91
51 29
92 48
40 16
49 61
40 60
42 17
69 91
71 72
16 22
68 2
2 22
48 10
51 74
85 91
43 90
1 37
9 21
58 22
38 74
96 50
80 4
27 57
6 74
23 17
88 13
88 88
78 89
77 16
29 52
28 85
76 9
54 55
42 70
27 21
31 85
44 49
4 53
14 92
33 3
90 9
58 2
53 78
96 51
60 65
16 24
13 83
97 25
67 27
62 97
64 38
31 69
40 89
60 90
28 54
36 97
88 3
97 9
49 25
38 49
74 91
86 6
58 75
8 78
68 48
44 76
30 95
95 59
75 27
34 20
67 11
4 57
12 41
60 3
33 14
82 33
89 12
37 5
43 47
23 88
88 66
64 86
44 80
30 68
57 1
81 69
95 44
29 25
89 42
90 60
35 48
59 78
2 71
42 63
34 87
59 92
39 40
47 50
17 42
40 40
67 3
98 86
83 61
23 9
42 51
32 97
33 30
8 5
93 37
19 64
28 12
29 29
88 6
91 47
92 23
77 0
78 63
33 86
66 64
3 82
37 7
92 55
13 47
89 41
83 73
38 13
22 29
43 18
6 66
62 94
1 78
65 86
51 66
21 98
61 71
96 5
91 92
40 74
60 2
5 43
15 20
57 21
86 4
57 44
43 33
21 29
45 40
0 29
17 25
43 67
39 32
49 40
85 45
10 95
82 71
36 34
73 91
76 87
78 47
31 93
24 84
39 69
3 40
91 80
22 53
10 12
9 5
36 41
52 58
89 44
37 67
59 95
34 28
45 13
42 95
44 77
13 5
92 67
43 10
23 90
50 30
57 2
94 14
31 77
52 30
35 25
66 36
26 3
20 22
39 91
24 97
54 49
74 83
94 35
85 96
44 54
37 53
63 76
7 51
57 71
94 95
36 80
95 40
93 16
44 46
64 19
24 73
10 0
5 51
3 26
61 36
81 92
90 17
63 98
32 95
3 58
41 35
29 37
79 63
0 35
81 70
27 64
98 2
65 96
66 63
92 71
70 7
62 49
28 5
31 21
15 96
53 67
50 67
56 16
47 13
71 50
41 93
93 65
16 18
80 20
9 79
12 28
21 78
39 34
65 50
53 40
80 63
18 1
12 9
57 29
55 63
11 8
13 82
91 25
37 64
20 50
62 95
91 16
61 44
55 19
18 12
24 63
81 68
18 16
26 68
11 57
5 69
95 90
55 55
45 28
76 35
27 60
85 80
48 47
7 4
34 14
88 16
77 30
57 50
89 11
66 87
74 40
64 89
5 52
83 68
13 87
56 65
12 18
72 10
48 51
60 58
36 31
22 40
19 97
88 56
33 32
33 93
26 25
31 43
64 7
21 49
87 2
60 67
52 21
95 92
78 82
49 6
95 9
68 48
82 35
20 53
49 79
58 79
26 5
5 19
5 89
12 70
13 27
93 43
87 53
90 26
43 20
22 5
42 88
51 91
67 32
48 35
64 98
58 69
18 49
14 35
11 36
74 74
58 94
40 18
87 27
96 37
93 92
34 17
11 55
74 70
9 84
72 51
53 18
87 87
5 3
11 20
64 72
80 34
65 0
29 86
73 35
73 24
15 80
12 47
62 98
69 10
47 53
13 15
91 37
10 40
56 45
52 49
92 81
91 55
83 96
95 72
7 69
55 66
66 92
29 44
29 85
76 85
14 73
91 38
61 69
47 33
97 71
69 49
91 59
55 10
0 39
87 77
19 54
82 31
80 3
36 94
12 4
12 64
5 57
81 31
46 62
79 34
42 58
2 77
18 59
9 65
58 9
50 53
30 74
1 6
14 11
29 57
31 8
88 95
95 54
81 77
34 4
19 5
34 25
66 12
82 57
68 84
0 80
57 60
30 1
66 17
61 37
16 19
61 42
37 95
70 28
47 58
55 97
41 12
0 44
47 0
67 87
1 56
55 65
96 92
71 77
41 6
40 7
70 48
53 95
94 88
74 57
13 40
98 7
67 31
61 21
92 98
14 16
20 54
54 7
45 2
98 85
93 68
90 79
47 83
26 88
84 40
66 83
15 35
70 50
91 89
54 20
47 48
44 30
96 95
67 37
78 60
34 90
22 42
34 12
91 9
1 39
64 57
84 38
56 84
29 95
63 58
9 4
74 96
23 52
29 13
97 80
27 92
74 42
48 53
82 7
89 74
15 17
78 64
87 4
74 66
11 95
38 12
78 18
49 46
81 62
80 56
19 86
47 36
88 12
3 83
50 85
91 96
50 81
87 8
77 53
77 63
38 52
74 23
63 38
85 92
45 65
6 15
45 55
39 66
39 39
85 25
7 16
23 23
8 73
48 36
82 0
69 72
96 98
33 22
73 28
87 66
72 52
23 12
98 16
4 25
58 17
22 75
85 14
37 61
47 25
93 24
55 50
0 36
48 6
57 55
64 18
18 63
88 39
42 97
27 74
92 75
3 46
33 36
76 45
90 38
79 8
77 52
28 29
15 47
50 31
28 31
44 40
17 16
58 56
43 96
82 32
30 62
67 62
25 66
8 20
6 7
24 33
32 33
12 97
57 48
90 56
58 53
47 7
79 97
74 6
81 45
44 38
63 84
38 77
38 90
56 70
41 28
55 72
35 50
56 90
86 34
12 24
73 3
3 6
7 83
3 72
12 46
31 37
89 39
57 53
82 64
34 74
45 5
33 90
95 23
27 17
86 89
9 42
77 1
11 26
11 50
49 45
16 98
33 91
1 23
82 21
92 10
65 41
61 2
76 42
3 21
95 57
63 60
87 78
55 68
68 40
77 47
13 98
95 16
38 62
30 98
42 25
32 38
41 7
47 78
5 4
90 96
33 92
10 14
12 92
16 87
91 36
25 33
73 62
39 10
70 11
35 40
28 61
25 64
60 49
25 4
56 5
8 72
16 54
97 24
91 18
67 88
65 8
58 91
19 76
56 72
5 46
77 38
31 36
35 75
13 1
86 39
16 52
23 65
76 51
49 32
77 43
33 84
47 39
54 73
40 90
21 81
31 62
81 73
51 82
74 73
64 80
3 96
37 41
82 65
92 85
35 1
77 41
41 38
29 67
34 40
75 60
1 5
3 64
82 95
0 94
69 42
32 83
17 64
72 67
34 76
8 26
19 31
31 27
98 15
77 55
30 49
96 78
12 83
87 42
55 76
48 33
80 51
80 69
24 25
66 80
41 11
78 55
96 1
23 95
87 36
43 75
28 77
92 49
83 57
67 82
54 87
35 90
54 41
28 23
72 77
52 78
16 53
25 74
56 14
68 44
7 75
39 3
61 90
63 77
55 18
65 38
92 12
41 69
40 36
7 45
47 51
86 74
84 14
7 38
53 48
39 68
72 9
53 1
10 16
21 50
35 12
41 22
17 15
42 57
52 69
48 13
80 97
19 29
6 54
41 63
14 55
50 40
66 0
26 57
77 6
59 70
48 4
88 46
89 45
34 46
23 48
82 44
87 81
19 32
53 3
69 36
80 86
93 93
18 25
24 10
51 46
64 96
46 26
40 67
0 73
4 26
74 39
23 81
69 35
59 90
79 37
38 14
38 39
26 26
45 25
8 29
43 95
61 77
53 20
44 89
13 78
20 19
35 3
65 71
32 65
61 72
20 72
42 90
66 48
24 60
80 15
46 22
88 83
0 60
82 8
88 48
1 31
37 97
62 64
2 97
31 45
63 74
60 86
58 18
85 30
53 94
54 25
50 39
90 29
74 19
22 91
95 58
56 22
88 59
86 14
69 50
45 12
85 52
15 43
31 22
53 72
58 14
30 91
33 44
26 36
70 84
59 44
94 75
85 50
54 69
39 9
18 82
20 56
27 33
24 83
92 82
36 59
32 43
17 14
84 63
94 58
83 3
53 54
60 22
39 22
65 83
96 12
8 12
94 20
94 36
46 72
18 65
40 63
47 97
65 43
24 57
76 10
39 6
12 12
67 30
59 40
48 0
78 19
24 20
89 92
93 91
65 39
37 72
82 66
6 16
6 44
6 42
52 89
15 94
72 18
62 32
39 45
65 27
14 91
21 11
31 96
75 44
32 84
91 3
50 37
19 66
37 54
26 81
24 14
67 8
66 61
6 22
4 50
69 60
4 16
91 35
78 71
79 43
39 47
78 45
51 7
20 23
69 6
2 98
12 94
51 18
55 49
19 11
40 32
59 12
48 5
46 41
61 80
49 51
20 38
82 6
93 48
54 90
13 90
6 6
65 29
80 42
87 75
28 63
11 7
4 4
42 72
20 45
29 22
54 18
3 60
3 68
20 14
80 39
24 1
75 89
36 90
60 5
78 51
78 33
42 46
82 20
47 14
62 13
77 17
83 4
81 48
37 70
88 82
6 65
62 33
21 41
11 25
82 87
30 66
62 41
98 52
2 78
44 63
98 31
11 85
69 1
89 83
1 21
82 26
90 41
57 9
22 89
67 28
22 72
26 69
62 96
26 28
90 14
48 80
66 97
4 8
40 53
34 73
35 31
35 24
63 44
52 68
36 91
14 28
98 45
2 74
64 49
80 46
51 20
17 19
73 39
40 57
71 10
52 6
42 92
78 5
86 10
38 56
52 70
89 32
34 37
61 70
59 46
28 36
16 6
61 64
17 63
82 59
40 9
22 3
70 48
53 63
50 15
23 96
3 63
52 59
86 66
28 84
32 74
46 98
86 24
3 9
89 29
13 91
35 47
38 2
55 78
59 76
60 69
54 22
87 41
91 21
56 51
2 39
17 41
0 79
54 89
8 69
34 39
87 14
70 72
66 11
94 86
51 15
32 39
21 14
88 24
13 81
72 48
58 39
71 8
34 72
1 77
63 51
56 46
65 2
83 19
31 5
23 20
68 25
39 65
74 43
2 54
9 72
22 9
85 36
1 4
93 79
9 0
35 17
57 95
10 83
62 58
27 2
12 1
50 25
96 79
88 50
63 20
38 47
54 15
35 83
98 3
58 26
70 79
66 16
37 75
50 45
61 25
41 17
79 41
55 80
85 82
3 67
34 86
44 78
35 26
2 52
85 84
6 23
4 14
36 14
65 32
69 57
46 97
45 78
86 96
13 96
80 32
18 32
18 48
14 58
63 86
74 71
17 49
59 62
73 81
56 18
1 27
22 70
77 20
42 66
98 84
63 79
79 18
98 80
66 26
48 17
79 62
23 33
55 59
39 23
22 4
91 24
82 68
74 16
41 16
55 14
43 74
4 46
53 55
7 74
95 95
96 21
27 49
8 45
51 9
82 25
52 53
33 9
68 6
78 6
94 22
94 69
96 52
23 26
25 26
65 88
50 74
10 3
95 6
53 47
40 24
49 41
47 37
19 83
45 70
60 85
53 46
62 55
97 49
35 98
72 34
77 60
2 53
66 62
16 44
50 47
86 78
60 79
31 33
91 76
42 24
57 16
74 61
28 24
33 33
5 94
89 71
54 21
9 83
18 13
16 74
15 76
95 8
48 71
9 63
31 88
47 44
86 28
14 0
37 79
87 68
26 70
45 26
23 36
88 65
3 23
46 2
69 26
79 26
83 63
71 22
76 48
69 43
84 54
76 34
93 88
6 55
15 39
30 20
28 96
11 24
94 94
91 12
58 13
8 19
48 39
85 1
81 20
93 32
43 12
81 53
61 84
35 52
27 38
36 23
9 95
41 70
55 40
31 87
68 50
16 15
56 66
9 87
14 81
84 13
89 19
98 66
90 24
32 90
41 29
38 25
19 23
68 72
72 24
92 77
81 4
93 7
42 21
51 55
77 10
15 58
85 54
27 44
1 79
59 26
40 27
28 56
47 15
54 2
81 38
22 73
89 7
54 78
40 47
60 45
57 61
51 65
90 4
78 56
19 49
32 28
94 1
63 71
70 32
27 45
43 70
78 61
21 44
34 21
89 60
35 49
9 29
75 10
42 16
68 88
44 68
14 42
37 87
36 69
40 95
92 83
5 8
19 22
2 83
91 39
13 18
16 3
64 20
85 83
39 42
80 64
80 17
43 89
18 35
87 24
21 3
97 30
68 7
58 35
19 91
45 46
67 36
73 4
22 60
70 12
82 13
52 3
5 53
23 54
32 78
78 39
51 47
16 61
53 7
69 78
16 48
65 58
42 12
40 22
25 3
10 20
38 93
0 83
61 49
25 29
9 12
46 36
97 38
8 18
86 88
80 93
91 65
7 13
12 14
62 21
47 62
77 71
69 90
59 15
79 79
41 74
79 53
14 30
31 4
36 70
43 21
69 51
15 93
19 12
12 42
52 66
65 82
12 10
70 9
37 59
4 79
31 89
29 20
83 60
15 49
54 59
42 82
71 13
8 22
68 37
43 65
87 22
39 29
45 38
72 25
46 20
26 13
35 13
21 25
34 5
66 60
3 66
41 5
91 67
27 47
13 13
52 50
13 93
10 45
88 8
5 82
73 16
10 52
86 90
64 8
31 55
26 60
51 1
33 15
58 65
2 93
70 98
74 87
49 33
21 73
78 4
13 57
61 28
62 22
28 83
63 68
30 85
65 33
40 96
56 2
6 83
97 8
59 66
87 73
29 36
41 24
4 59
18 84
49 70
76 6
24 44
34 33
88 1
32 5
66 42
45 75
2 14
91 66
50 2
92 14
63 14
25 23
76 64
10 6
37 36
5 6
92 90
60 10
47 27
36 95
61 24
36 78
7 88
27 6
43 18
93 78
9 7
1 60
23 2
15 34
5 26
85 38
94 73
88 92
13 70
23 38
13 80
10 39
5 23
16 38
73 72
57 88
11 63
65 97
73 41
68 26
75 72
0 16
24 53
60 51
56 94
38 72
48 55
43 51
40 65
98 1
0 61
72 60
67 1
74 84
95 47
3 41
49 16
73 22
95 91
93 82
60 7
93 73
10 64
53 71
0 34
71 68
9 58
72 59
48 9
80 48
79 20
74 75
20 49
35 11
47 69
18 30
45 6
73 38
12 27
47 31
71 44
35 72
19 30
76 22
74 38
56 15
38 61
79 51
1 3
95 66
75 7
23 30
55 82
86 75
29 72
51 34
22 59
90 82
96 68
48 22
45 22
41 47
49 82
87 21
18 73
86 32
81 6
38 26
67 76
57 43
87 86
4 52
38 71
53 30
21 12
1 98
37 33
45 95
35 74
76 50
11 65
16 11
4 17
92 56
47 43
4 28
95 5
87 25
53 5
78 46
53 82
48 25
98 47
3 77
81 49
97 89
93 46
90 32
26 95
40 84
77 87
60 21
20 84
94 55
59 35
71 70
37 96
91 91
84 78
34 6
69 55
54 98
60 16
23 10
74 41
76 46
25 2
18 37
89 79
48 95
8 82
90 94
50 88
74 36
34 58
94 62
84 3
83 20
73 73
47 10
11 42
98 88
57 87
22 49
13 6
22 44
57 37
34 34
55 22
46 79
20 92
33 96
8 87
47 68
2 16
47 55
25 14
61 75
25 17
21 93
1 30
34 78
32 9
47 47
10 62
38 24
96 82
46 81
41 77
32 35
71 20
83 14
79 14
84 5
49 55
44 10
64 37
77 85
4 73
28 92
43 46
29 11
79 54
73 94
35 61
78 88
46 86
89 68
33 24
25 84
52 1
62 75
24 78
19 4
53 45
74 12
52 90
11 19
3 29
3 97
76 39
57 92
76 95
81 27
93 75
26 34
92 61
50 34
59 74
5 85
14 56
28 72
87 57
29 50
46 78
34 23
15 61
57 64
20 48
46 82
23 69
76 93
14 72
73 87
77 42
10 66
73 1
69 58
12 62
0 74
89 70
20 8
96 91
79 31
86 72
28 95
47 54
51 89
9 98
94 84
72 6
42 40
97 37
90 50
63 56
27 63
87 50
86 16
66 20
65 7
42 47
91 74
29 23
10 44
4 76
58 34
96 13
68 34
55 36
80 60
72 84
76 66
71 90
19 48
93 41
33 80
37 91
44 95
34 38
44 71
81 85
28 80
23 78
71 35
63 31
25 38
34 55
17 50
6 27
81 7
74 90
39 36
29 65
35 89
38 48
12 22
61 54
56 62
26 91
72 79
98 9
64 0
80 35
36 8
17 48
66 89
12 15
44 19
22 90
46 89
1 45
15 9
7 34
60 15
80 95
14 34
39 96
28 20
70 38
55 58
94 71
47 70
44 81
79 15
60 77
42 52
38 5
71 51
6 5
50 71
40 91
10 54
30 26
56 25
92 43
88 57
19 53
36 53
55 73
31 92
2 48
94 65
65 63
26 4
76 71
73 83
74 50
69 40
0 89
29 81
1 15
90 95
50 69
62 66
68 90
60 13
11 40
6 30
57 83
63 5
83 11
6 84
25 34
66 39
87 48
57 14
77 45
75 45
14 86
77 90
6 70
82 2
89 8
82 94
78 17
32 6
76 76
53 87
14 18
4 13
22 41
61 22
60 91
18 91
33 7
46 39
95 87
58 47
50 32
52 55
69 25
17 5
34 44
18 85
13 16
94 23
79 82
34 83
28 68
20 21
6 89
72 96
93 53
34 50
87 83
6 39
2 11
35 38
46 69
94 79
4 67
30 27
94 61
83 35
62 92
27 24
54 46
76 25
14 46
49 98
96 88
30 65
3 16
8 28
38 4
80 94
93 45
93 9
69 20
1 81
8 98
28 17
5 14
87 59
53 11
24 64
87 45
7 27
45 64
20 18
55 34
14 43
92 45
93 81
96 47
64 10
57 20
27 97
42 36
49 3
18 9
56 63
64 93
79 57
80 22
51 87
64 9
59 38
35 29
92 13
22 23
93 61
32 22
84 29
21 33
7 28
78 43
48 26
66 44
22 43
83 44
70 5
22 57
69 82
9 18
86 49
86 85
77 26
59 85
22 85
12 38
48 15
36 86
70 10
83 58
41 65
67 78
6 41
78 40
95 81
37 15
83 29
42 76
90 42
4 83
56 37
5 87
28 65
28 79
93 6
82 97
46 31
34 75
74 15
13 10
74 18
93 59
0 45
43 39
39 55
62 84
81 86
79 95
1 71
56 24
38 97
21 97
33 16
5 16
52 54
92 87
82 54
64 79
73 29
81 88
35 77
33 12
68 4
84 91
23 70
93 21
86 1
82 88
88 76
97 26
5 65
94 41
64 97
28 30
70 23
92 20
68 95
32 85
38 23
42 19
81 33
67 91
79 12
33 85
28 2
34 98
84 66
1 20
13 79
82 5
36 7
0 18
17 30
51 8
9 24
93 49
65 36
48 48
79 73
10 9
65 46
57 47
55 62
41 49
14 47
28 38
97 32
12 79
94 10
70 54
25 19
34 30
55 96
77 27
78 94
88 18
61 27
95 39
96 66
43 5
40 61
2 8
28 64
21 83
41 68
26 10
12 54
7 94
64 23
52 67
56 91
25 69
33 89
70 21
45 66
97 2
83 70
52 7
58 16
39 50
36 55
60 83
63 10
97 44
49 43
2 20
78 75
34 81
23 41
25 5
39 24
95 88
60 60
19 28
2 81
15 28
33 39
93 33
56 55
40 19
81 14
10 81
90 88
70 25
60 39
54 72
53 2
19 3
60 6
44 4
47 49
26 17
71 75
78 30
22 17
82 42
93 5
11 44
29 18
36 77
15 82
85 79
73 21
74 49
41 50
45 81
72 71
77 3
55 30
63 78
62 68
37 14
55 1
75 43
98 67
56 21
64 39
63 52
36 26
9 80
53 38
4 97
17 20
10 75
2 55
37 31
46 44
68 36
54 81
26 9
51 73
50 23
65 78
1 61
60 4
17 8
68 53
48 96
36 87
82 93
59 32
31 90
6 95
54 77
87 40
77 24
69 94
54 85
8 86
12 71
41 95
25 61
50 7
93 18
96 67
67 5
40 93
91 23
48 56
8 41
10 55
14 14
38 64
66 88
66 46
9 16
45 41
61 59
23 93
39 54
66 1
11 22
17 46
58 80
92 11
54 95
93 0
86 63
95 79
52 46
64 26
42 65
25 73
45 18
36 39
10 51
40 49
34 29
13 12
57 23
95 67
88 74
29 12
41 61
44 21
92 1
33 17
50 97
86 94
18 66
53 4
56 0
50 55
60 38
56 61
91 42
44 28
82 48
49 24
43 25
48 97
57 59
86 79
70 65
15 95
23 27
80 76
49 83
39 25
10 61
54 45
76 57
85 15
30 52
14 87
70 6
34 45
96 73
95 41
76 44
69 17
79 71
92 22
44 97
50 43
8 83
15 86
87 10
90 77
91 53
63 45
84 89
90 7
83 97
39 13
56 43
3 56
4 78
90 89
68 43
92 54
90 49
2 64
57 57
85 90
35 41
11 48
51 76
2 29
93 72
84 56
74 22
25 24
97 11
3 14
45 97
58 78
16 49
1 90
94 81
46 50
24 26
65 77
80 8
52 20
72 2
75 25
60 66
35 51
33 58
45 31
58 70
30 51
90 97
10 63
36 75
58 76
66 9
55 56
13 45
40 20
22 21
46 61
91 41
28 15
44 47
22 33
75 67
19 36
95 69
78 80
0 41
74 35
33 35
52 27
24 36
2 79
79 6
25 43
13 20
17 76
5 25
66 19
22 8
8 48
93 94
6 59
77 2
11 59
4 15
39 11
70 51
54 66
58 1
95 97
96 69
79 58
20 25
21 18
82 3
90 68
87 1
23 56
46 9
20 40
92 88
0 56
78 77
83 23
26 56
56 81
57 69
56 17
32 67
76 29
85 35
83 62
28 11
23 82
7 73
89 40
55 15
98 13
52 51
62 10
32 48
55 45
91 85
4 6
53 75
31 73
93 67
23 63
3 27
19 52
63 61
1 10
81 46
11 16
12 82
54 52
27 34
49 88
41 52
64 66
89 30
13 72
64 71
15 4
23 92
43 85
57 22
55 38
40 12
91 83
40 72
48 66
50 79
33 27
24 61
58 81
67 26
16 89
51 16
89 48
21 38
86 43
23 79
94 38
77 32
77 36
9 77
50 42
66 65
94 33
14 41
28 93
63 94
22 38
93 13
54 24
59 86
46 71
31 23
19 7
11 35
22 19
24 89
22 35
6 4
42 27
29 75
9 28
49 29
9 1
47 9
62 39
23 85
30 94
70 43
45 90
78 78
60 23
22 47
67 34
68 58
46 77
60 94
13 75
51 32
14 44
98 37
40 48
11 4
60 43
41 48
70 16
82 85
59 84
5 86
32 26
44 69
48 42
17 62
25 28
16 81
61 16
46 58
47 52
6 8
94 89
12 72
54 14
91 43
79 17
28 87
21 91
37 60
95 43
42 8
48 2
74 13
28 45
16 83
37 11
41 37
78 29
98 22
37 13
49 62
45 32
11 53
48 12
66 98
61 98
5 40
47 42
78 23
12 7
57 66
96 29
82 52
11 43
45 42
8 51
75 33
74 14
20 80
73 55
0 98
37 35
73 84
13 35
11 41
12 88
37 68
98 8
76 75
50 73
40 50
22 15
77 86
19 38
84 4
16 67
64 6
7 40
9 86
32 2
96 74
81 47
20 74
81 26
20 94
17 31
54 48
62 90
71 63
93 63
35 4
33 20
86 37
62 46
81 0
88 80
89 76
58 51
4 54
33 28
41 9
81 63
69 33
39 20
71 97
83 76
80 50
36 9
92 25
60 54
16 94
39 46
29 54
2 27
90 43
73 18
65 98
44 9
10 47
10 10
77 25
64 54
74 95
82 40
29 14
67 21
8 49
81 3
16 5
15 40
78 58
75 11
17 32
83 77
62 62
38 95
59 42
21 76
30 70
14 48
33 19
97 48
98 5
33 37
91 13
29 16
97 22
30 50
4 92
78 35
10 2
8 6
34 9
0 1
77 81
7 3
29 94
18 38
39 5
76 52
41 91
50 54
2 66
30 2
10 86
93 12
75 17
18 24
42 9
62 74
64 69
89 17
13 86
71 32
40 29
34 47
1 7
81 98
72 22
15 56
54 10
30 44
53 19
8 75
29 31
79 46
80 27
8 81
36 25
46 46
85 51
56 87
68 23
48 40
2 95
25 53
18 74
17 58
61 63
60 84
27 23
65 16
46 13
22 76
43 9
13 48
17 81
93 64
4 88
68 19
27 72
97 69
41 76
31 34
85 5
84 30
1 63
85 13
55 23
72 47
89 47
71 28
16 37
26 97
71 73
63 49
33 66
7 70
91 14
9 73
90 16
40 86
24 72
15 48
16 45
22 97
59 23
47 46
55 79
55 2
29 70
45 30
68 77
13 53
70 68
84 11
59 19
84 28
69 79
94 0
9 81
41 25
42 11
52 86
68 18
25 16
22 87
39 12
76 82
94 37
10 73
11 5
2 10
66 10
74 92
36 89
59 37
21 56
63 21
27 41
25 35
17 36
32 66
16 90
1 76
17 9
16 40
36 36
69 62
53 57
33 82
22 27
81 82
60 35
55 47
81 13
85 37
95 14
25 32
24 24
93 25
81 65
90 64
9 61
92 65
74 31
89 49
69 92
32 30
79 32
60 55
84 57
59 14
23 59
11 46
37 58
96 46
3 84
37 42
73 23
46 19
79 44
1 2
14 45
63 97
95 35
11 6
69 83
17 89
4 5
75 66
73 40
10 68
45 27
60 18
83 7
97 31
63 65
29 93
12 98
56 96
82 63
51 88
45 23
63 75
55 74
16 47
30 73
42 89
53 58
47 34
37 25
5 49
80 67
19 33
89 33
90 37
51 92
87 38
61 61
78 41
75 85
95 38
80 9
53 73
21 5
1 47
78 53
30 37
23 21
35 15
17 11
83 43
38 53
93 56
84 36
96 54
16 78
52 4
3 57
85 75
84 84
44 24
78 38
42 67
65 9
39 33
90 58
49 42
75 61
93 22
55 6
67 49
60 33
13 92
3 80
34 49
69 96
93 20
20 34
83 38
35 82
39 52
1 55
37 69
85 29
53 0
31 57
15 37
48 60
86 15
26 7
89 27
16 8
98 69
76 12
32 75
89 66
6 82
21 55
88 33
37 50
41 58
37 12
4 20
46 45
92 42
52 73
85 95
89 38
86 56
27 14
93 38
58 19
22 94
84 8
81 41
20 47
32 93
51 2
23 49
80 26
63 3
19 87
77 39
71 58
40 79
7 98
18 64
76 21
53 92
6 88
56 53
19 46
80 45
72 85
12 53
68 41
8 38
44 65
59 22
25 60
7 93
72 14
43 66
15 42
2 58
11 14
23 83
72 33
25 45
7 43
8 89
64 83
43 55
20 77
39 84
35 18
38 15
36 40
58 41
47 98
14 21
78 59
81 59
46 0
98 90
95 19
57 89
17 12
88 77
14 70
21 84
17 47
33 31
11 12
66 14
51 56
15 3
28 35
7 64
49 80
42 37
54 74
73 54
4 69
98 18
57 35
50 72
59 52
55 8
48 72
56 79
91 32
96 40
98 20
83 9
29 39
60 26
70 83
60 78
68 70
36 92
79 29
96 87
62 93
56 10
48 30
6 87
96 45
76 61
29 2
3 98
62 26
37 32
58 36
70 42
67 84
83 24
46 37
4 95
33 83
75 78
70 55
3 51
5 64
13 37
53 56
66 85
60 34
64 28
1 40
96 72
97 58
5 90
2 6
43 26
36 72
46 47
22 7
93 35
93 77
48 27
39 57
46 53
38 98
59 17
6 37
79 74
31 31
12 6
80 54
45 91
9 78
35 6
44 36
77 19
89 5
20 28
4 66
80 2
0 12
74 26
35 91
75 32
54 13
11 1
13 84
28 49
54 93
4 68
43 94
36 81
88 87
37 46
33 72
41 10
93 83
74 54
54 56
70 70
76 7
63 83
32 89
50 89
68 92
25 20
82 92
71 29
78 87
8 88
8 21
66 69
19 10
1 87
51 17
75 62
22 31
74 40
69 24
33 95
82 75
2 56
11 49
82 23
95 15
34 93
57 98
76 49
42 45
96 18
21 0
6 81
65 37
90 59
32 37
57 11
2 60
95 18
76 15
97 74
39 82
87 95
86 65
0 96
3 17
15 77
49 50
8 64
15 26
31 67
54 47
13 0
32 98
47 22
85 43
30 5
94 98
68 55
55 91
95 52
25 97
49 38
84 12
66 22
49 27
80 43
79 47
62 34
65 4
51 67
94 77
36 56
10 71
78 50
10 26
5 22
1 73
43 88
24 41
88 43
22 88
57 90
18 43
15 90
46 24
28 37
48 98
5 39
26 9
80 66
54 57
92 2
75 77
86 12
88 44
19 63
29 59
58 24
63 93
39 72
88 93
84 27
67 55
96 78
66 8
14 37
24 40
91 64
50 9
19 79
15 18
31 95
53 53
87 31
40 62
40 15
35 86
48 83
93 46
78 8
21 67
60 57
25 55
72 13
58 72
29 83
78 36
86 42
76 60
45 58
86 7
76 1
1 83
16 42
5 67
72 58
18 18
32 47
67 61
55 48
74 48
59 59
16 23
68 93
7 79
44 66
93 74
28 60
89 52
64 5
23 19
7 65
75 57
84 76
24 52
61 15
4 27
17 98
28 16
20 44
10 8
7 53
77 34
57 10
97 16
76 43
1 96
77 54
78 16
61 38
13 2
36 73
25 6
32 68
85 66
31 79
65 48
39 53
58 77
98 58
70 19
16 77
25 26
50 14
71 93
41 44
20 11
34 19
62 27
20 24
76 8
47 60
20 9
12 19
24 21
56 49
17 45
82 41
9 15
33 40
50 33
26 23
35 70
54 3
32 79
18 41
51 45
18 76
82 10
29 7
60 64
93 54
58 11
25 7
52 57
43 27
70 73
69 89
93 57
32 72
53 97
80 65
55 24
7 72
74 65
22 56
80 89
87 43
48 67
32 24
82 60
16 93
39 97
81 84
81 44
0 75
94 97
24 95
54 88
35 62
21 15
9 57
78 67
36 43
7 80
10 11
38 7
67 45
84 53
13 42
81 93
56 30
33 50
4 49
3 93
22 82
47 66
7 66
62 70
80 23
27 35
13 46
38 76
7 82
59 45
61 73
83 79
70 27
91 87
22 83
65 44
38 50
73 66
29 26
72 65
74 94
37 71
59 39
7 48
37 84
18 15
63 73
67 43
33 60
41 53
76 2
83 37
27 13
64 88
72 73
83 87
82 84
21 28
56 80
21 32
27 55
57 72
24 87
65 20
7 86
64 22
5 84
68 78
14 54
53 91
95 82
3 5
10 96
59 4
47 64
85 28
19 15
28 8
98 82
68 21
51 68
38 73
44 25
98 17
17 35
15 88
78 62
55 71
16 36
26 82
86 91
60 71
54 63
25 72
81 32
46 40
56 19
52 2
25 30
29 49
22 84
49 48
58 71
6 91
11 23
82 19
79 22
55 12
56 40
21 86
97 91
43 91
85 72
14 98
30 3
36 42
72 28
52 36
33 75
64 74
2 31
78 76
60 9
87 76
96 64
86 73
77 95
71 59
62 89
92 92
97 1
30 36
94 21
82 27
26 31
17 17
28 18
64 33
21 77
7 17
27 18
79 84
72 50
29 56
68 39
76 4
62 18
23 13
47 8
78 98
47 61
61 5
55 94
21 52
81 67
37 66
85 6
86 54
58 44
52 56
55 94
52 47
67 77
57 67
75 24
51 51
31 82
50 29
69 4
82 55
34 57
66 81
6 12
23 57
35 87
82 27
94 24
55 69
18 52
62 20
37 44
68 10
60 40
94 6
60 27
69 14
98 6
36 42
37 66
71 76
42 29
72 69
73 19
82 78
98 27
75 41
94 56
26 33
84 79
55 5
88 36
60 52
14 49
44 22
58 44
76 26
87 56
57 19
67 83
51 52
31 32
61 79
52 47
90 65
11 39
19 1
25 85
77 61
41 8
60 9
94 83
25 40
41 20
91 28
92 94
49 36
48 82
17 39
95 42
14 17
17 90
76 90
25 40
49 64
1 80
91 77
86 36
42 56
77 40
22 67
66 66
7 7
65 61
63 35
73 26
43 87
18 33
63 90
47 80
70 95
67 83
78 28
92 74
5 79
36 96
65 95
92 59
33 46
50 28
83 88
90 65
86 31
87 5
93 10
34 15
92 31
45 67
29 60
42 56
59 18
96 59
14 95
23 76
90 54
62 35
57 28
51 51
77 48
45 53
54 58
59 64
10 79
34 91
7 58
93 76
53 24
29 21
90 27
68 98
64 95
92 91
33 57
20 17
87 79
40 8
57 39
28 26
62 18
37 10
37 94
35 87
0 38
80 87
92 80
52 56
69 0
79 50
82 39
22 67
33 13
73 36
73 57
90 44
24 77
24 68
44 22
43 87
36 37
50 36
48 50
46 90
46 90
72 72
74 27
57 28
94 43
62 20
25 51
18 14
33 38
83 69
89 13
83 88
10 41
80 7
51 90
87 37
65 90
30 80
40 17
65 65
26 6
91 15
65 53
50 36
57 49
98 68
15 30
26 90
16 13
64 46
68 29
69 77
81 29
84 25
40 13
59 18
71 4
47 23
85 87
43 97
4 91
38 33
10 7
72 23
50 51
48 44
84 10
18 86
86 60
65 80
20 70
18 46
60 40
49 28
35 78
37 86
84 17
6 52
88 34
75 63
86 2
83 86
4 29
90 23
53 88
29 56
39 30
1 80
46 12
49 35
70 92
76 4
14 78
27 1
25 9
42 86
10 15
66 81
72 1
5 55
24 42
71 19
59 43
80 19
61 53
54 44
37 38
21 75
21 77
25 63
78 28
16 13
77 67
85 87
77 61
63 90
70 71
33 75
41 27
13 22
91 52
53 15
49 65
57 31
71 18
40 13
15 79
12 3
57 58
7 87
86 2
86 73
20 91
36 42
62 20
21 6
21 21
94 21
33 13
64 46
7 42
56 48
78 27
53 60
7 23
83 66
40 45
3 4
89 72
71 15
73 19
42 22
7 50
15 0
35 85
5 18
3 87
88 14
38 63
86 73
22 80
14 79
98 91
31 56
75 79
21 74
59 47
38 54
93 80
14 17
56 48
60 48
28 88
4 29
54 86
62 43
8 70
21 54
68 0
59 94
17 65
61 53
54 58
56 48
67 50
6 24
72 11
66 59
92 92
68 10
93 80
92 94
50 8
10 79
27 93
30 25
7 50
82 55
7 42
53 39
5 55
23 57
74 28
70 47
17 17
28 43
85 55
96 8
10 35
88 62
1 54
55 20
37 23
26 83
80 28
94 24
80 7
53 89
35 23
57 41
58 38
49 2
8 11
79 55
63 90
13 77
93 31
34 66
72 75
1 43
4 58
41 8
1 84
32 31
17 21
77 94
85 48
95 0
12 8
11 33
59 53
91 27
20 82
81 29
33 11
31 70
55 67
84 25
29 61
62 36
43 97
83 27
80 85
91 8
25 40
26 58
24 42
18 52
21 10
91 11
70 92
16 85
43 73
32 71
62 89
43 30
39 67
21 74
48 1
28 53
42 86
34 15
57 41
25 62
63 67
32 55
67 41
42 28
77 37
66 59
45 96
45 96
35 73
53 43
40 83
3 4
20 85
26 90
91 17
10 5
52 71
75 29
26 30
32 96
22 92
82 45
65 84
36 42
65 18
51 62
38 87
92 80
95 70
1 12
11 96
79 78
50 98
2 31
80 58
21 21
68 29
2 32
28 18
18 14
33 5
80 70
45 39
52 56
91 75
5 17
38 63
58 20
50 29
61 53
11 96
1 84
49 2
37 94
1 43
66 37
56 52
86 54
61 11
83 86
96 17
75 24
68 69
75 41
72 64
17 21
98 6
63 54
51 5
51 4
60 52
7 7
86 60
61 53
49 87
69 22
34 27
47 77
33 38
50 4
7 14
57 39
62 65
50 48
7 7
71 19
61 13
94 31
98 0
90 5
42 20
96 8
46 12
50 51
46 94
77 13
50 29
96 15
57 19
2 88
85 60
65 61
26 24
63 91
77 15
91 52
74 82
54 17
28 47
80 58
3 32
4 51
48 81
52 85
62 43
58 20
5 55
69 4
16 91
10 79
12 26
57 8
21 27
25 85
2 7
15 0
27 3
10 42
20 82
80 28
74 67
65 65
87 13
31 98
35 23
59 97
35 73
53 86
94 43
32 70
28 26
6 47
18 86
26 96
46 70
37 30
92 97
35 63
25 12
69 93
44 70
35 78
45 67
48 1
39 95
57 19
51 85
41 67
10 5
26 30
62 50
67 10
86 13
51 75
40 66
86 51
84 79
12 26
32 96
40 17
32 96
87 5
45 77
85 87
83 86
34 71
22 80
59 11
95 24
59 13
71 98
48 65
52 52
58 28
72 75
20 5
48 50
62 43
33 56
62 35
70 67
30 80
74 5
90 57
22 92
72 21
17 90
44 87
40 6
70 90
65 18
87 13
26 61
20 82
29 61
92 91
13 77
35 63
96 64
14 78
25 81
9 56
96 44
45 53
65 84
16 13
89 61
47 23
91 27
6 24
7 12
20 85
30 36
59 24
68 38
22 11
86 81
80 70
53 15
41 26
52 47
36 37
72 36
57 96
12 40
44 94
92 97
95 24
53 74
14 49
93 76
42 6
80 68
73 26
86 36
27 15
93 62
46 87
96 59
33 46
14 79
35 87
26 24
36 24
70 94
78 95
96 15
93 76
15 79
5 88
6 52
17 33
24 76
78 95
26 67
38 87
25 81
7 47
52 36
70 20
41 67
39 35
4 58
59 13
30 25
95 24
93 8
53 76
85 61
67 10
85 81
90 5
90 5
19 55
53 61
70 47
51 57
9 62
45 39
10 15
39 27
73 19
5 42
88 55
39 67
69 22
51 39
71 31
72 72
17 90
94 31
19 14
37 29
41 34
60 47
43 45
51 4
83 94
68 10
53 69
75 23
91 75
2 88
19 14
86 51
71 98
59 18
78 93
86 81
60 48
25 12
30 8
95 42
46 70
19 18
51 77
47 77
48 41
86 11
42 6
8 65
64 27
91 11
57 49
92 91
69 4
2 23
53 25
91 93
49 8
31 48
56 11
51 98
44 87
90 6
96 8
31 38
19 18
23 40
52 47
21 52
83 28
80 28
77 95
17 53
60 9
21 46
73 57
78 42
37 86
89 77
52 52
36 96
95 73
21 77
56 60
54 11
26 58
83 28
17 53
96 44
32 10
32 3
67 97
2 23
61 79
31 56
64 15
86 83
3 86
73 52
1 38
36 61
63 35
48 81
59 2
29 60
2 21
83 54
66 33
40 59
38 83
15 78
86 30
94 31
52 85
19 55
55 20
85 58
0 90
77 67
61 13
69 0
59 73
25 31
31 78
41 20
72 20
17 77
92 92
98 27
43 45
73 26
92 41
37 38
78 84
54 80
54 11
54 80
92 37
23 40
19 18
83 54
26 67
70 90
77 40
74 27
92 74
15 78
51 85
42 28
34 27
13 22
14 20
46 55
44 70
96 59
38 41
94 6
44 39
89 61
48 82
7 17
57 97
89 77
74 53
92 74
10 5
27 94
0 38
37 38
90 69
65 80
17 65
21 39
72 28
91 17
90 6
69 65
60 40
64 15
98 91
30 22
33 56
48 65
30 25
72 50
68 69
98 30
39 35
70 95
10 42
46 94
49 96
55 69
44 91
58 54
92 94
78 26
53 43
22 74
17 33
95 22
77 37
11 33
34 51
7 71
68 29
83 69
46 75
88 34
51 75
30 22
94 4
73 82
61 5
33 5
51 52
45 80
90 39
44 91
21 58
25 31
96 81
41 32
56 11
38 83
84 10
52 56
63 90
39 31
34 71
70 95
50 44
51 85
94 6
18 46
97 39
60 44
23 76
22 92
17 77
51 39
64 1
40 45
50 8
1 38
95 0
30 75
37 66
34 91
37 45
61 83
52 87
63 42
65 65
31 70
57 67
57 31
68 69
44 94
39 31
53 24
76 63
14 13
10 7
92 35
48 44
22 69
18 53
91 77
26 67
46 70
8 65
91 15
92 35
67 97
93 10
57 97
70 67
90 6
68 1
30 75
50 28
49 4
21 46
14 27
94 56
53 76
41 88
87 13
52 87
59 97
8 11
75 18
67 9
37 86
65 95
95 24
21 27
40 13
4 7
7 14
65 34
97 1
63 54
33 56
95 34
87 74
7 71
72 72
60 47
46 87
65 34
77 40
21 27
79 13
87 76
37 43
24 76
66 76
51 90
53 39
0 2
69 56
59 53
84 17
19 1
54 44
7 63
45 48
97 29
21 58
45 53
97 5
73 20
64 27
21 6
56 11
72 21
90 69
74 82
95 83
3 87
43 30
40 59
3 86
19 35
30 30
74 5
86 54
84 24
58 28
47 95
85 61
64 33
65 90
59 2
85 55
31 38
36 61
24 76
89 96
51 57
80 53
70 20
47 23
25 82
53 88
40 6
17 10
47 72
45 96
72 11
81 16
12 49
27 20
84 6
64 95
9 56
36 37
53 24
65 53
45 67
85 55
51 39
26 31
87 33
32 71
16 17
41 32
95 22
77 94
33 57
27 1
39 30
72 20
47 77
56 60
70 94
98 68
6 17
94 83
41 27
71 60
43 87
30 3
57 39
11 39
67 97
57 8
26 24
89 77
16 73
69 11
79 55
95 83
75 41
58 27
56 77
62 35
41 86
24 45
2 7
67 50
68 0
39 30
35 78
38 59
37 66
45 67
92 16
17 77
36 61
30 30
31 48
60 52
50 0
7 42
9 40
79 50
44 87
81 29
88 55
51 5
53 39
45 36
12 40
58 44
28 76
86 51
12 49
86 31
42 68
28 21
75 23
34 51
50 4
25 62
58 20
8 74
1 54
37 29
58 54
15 79
46 90