77 57
74 15
83 78
59 66
43 76
97 0
75 61
69 20
6 91
56 69
85 72
28 4
33 2
89 8
93 12
18 76
3 40
13 46
94 76
78 86
63 60
74 84
81 43
4 5
95 14
86 75
80 63
68 34
90 14
80 47
58 21
98 37
58 47
77 7
25 19
85 78
95 17
68 33
84 9
30 2
97 71
35 94
58 18
70 69
81 96
33 17
48 14
94 95
86 12
36 50
41 48
84 63
9 77
9 72
4 76
71 14
85 53
92 36
84 60
68 81
7 93
81 63
47 42
77 75
15 41
48 27
43 47
50 97
11 36
64 9
23 79
77 59
60 1
3 83
63 8
32 47
15 8
73 16
13 33
88 60
54 57
71 72
94 92
69 25
68 4
91 61
62 90
57 1
84 66
21 7
35 22
76 47
55 19
11 44
64 48
73 93
72 61
40 26
36 7
44 10
17 45
92 98
55 93
2 86
97 17
89 25
80 78
13 48
44 63
19 91
59 6
29 54
27 45
64 23
70 13
85 84
47 5
24 48
23 2
31 94
47 26
64 84
93 73
27 56
85 14
44 97
92 17
80 57
11 25
66 22
72 51
76 62
18 30
8 67
5 93
98 17
86 78
89 82
3 53
57 94
40 82
32 79
76 89
35 44
23 25
67 11
19 41
81 32
80 36
76 76
24 43
21 98
38 77
71 51
97 8
25 67
94 94
27 74
21 28
84 7
42 10
68 44
80 62
57 89
43 42
9 21
6 9
18 63
90 8
65 9
37 91
63 59
27 72
95 66
84 77
86 96
92 65
20 48
83 79
57 36
34 21
90 37
51 36
67 22
89 18
8 72
76 64
79 63
34 89
83 73
66 62
0 1
42 40
85 57
66 70
5 80
74 66
24 64
33 44
16 60
60 25
87 15
88 98
94 62
39 33
38 4
85 28
90 12
92 46
51 2
3 78
37 69
4 16
31 30
0 97
76 93
75 85
96 95
38 74
43 22
73 59
4 93
81 57
98 75
52 23
0 40
62 70
37 7
5 73
37 14
19 21
42 67
91 29
87 83
25 60
0 39
7 65
94 86
57 16
67 59
9 69
11 58
32 9
56 92
64 47
91 79
X
29 8
22 81
85 86
57 18
2 5
12 47
88 12
67 70
52 40
24 80
92 52
78 34
63 52
80 83
33 16
72 70
42 88
3 96
X
35 38
86 32
59 92
7 53
86 24
94 22
9 18
6 53
59 25
70 8
59 3
10 22
21 68
17 84
54 49
13 18
50 40
64 83
75 45
34 90
75 82
16 11
75 30
88 5
65 76
93 16
51 93
33 79
66 20
80 76
81 98
91 35
32 7
X
37 13
96 12
92 71
4 54
77 16
65 49
58 73
2 55
63 78
13 53
35 60
23 35
7 86
25 58
68 93
82 9
12 76
11 21
60 31
66 44
85 24
70 38
52 91
12 4
73 73
X
69 2
68 77
85 10
62 77
46 49
55 24
19 12
50 65
13 71
76 61
41 41
11 23
94 44
79 34
44 72
91 91
41 35
43 26
61 12
61 56
19 30
39 44
2 71
75 12
27 34
20 32
23 8
47 57
29 11
32 83
X
48 15
50 90
14 43
92 96
54 26
80 32
20 42
61 63
56 3
60 81
47 10
59 7
59 60
8 43
92 90
X
94 91
93 35
69 17
18 17
12 62
9 86
91 16
89 19
21 33
76 41
85 97
95 69
93 64
12 16
32 67
60 74
0 16
95 21
20 18
48 33
84 3
59 90
36 71
82 26
72 18
42 95
25 53
17 28
67 47
92 3
66 92
7 20
55 22
21 45
21 22
29 44
66 27
82 18
80 52
29 48
94 66
50 53
42 87
55 30
62 49
41 98
15 16
95 23
95 87
71 97
7 73
70 28
82 38
77 84
5 52
35 3
37 48
54 43
32 69
41 37
22 98
68 43
94 73
65 8
55 47
56 88
8 38
51 55
16 77
82 24
15 5
93 24
32 56
17 46
23 39
92 87
78 33
57 2
83 7
10 21
50 13
38 39
63 89
63 36
53 20
45 34
20 34
54 10
53 73
23 38
26 2
24 62
75 49
48 2
6 66
17 48
69 48
23 50
55 74
21 81
92 75
17 42
2 48
84 91
46 82
26 55
81 18
23 52
48 22
64 71
22 5
17 63
41 9
36 86
61 94
46 56
10 73
21 26
57 23
16 53
24 4
98 84
18 64
32 95
0 94
83 56
62 27
83 93
49 69
28 44
67 60
80 77
77 34
96 97
40 76
89 42
35 17
91 1
22 15
7 46
40 30
23 48
91 57
1 44
98 89
62 32
54 68
34 20
60 6
88 61
11 50
89 32
4 57
18 9
97 21
19 94
94 9
73 83
70 51
82 7
34 47
27 38
29 37
84 59
64 72
89 80
47 43
17 7
22 79
41 29
80 97
31 93
44 52
10 18
20 87
66 8
43 50
60 34
84 88
29 80
78 17
7 41
79 14
1 15
0 71
68 28
71 43
36 70
77 68
40 11
53 1
61 65
1 16
56 4
12 2
48 10
83 35
13 83
85 85
38 76
11 55
16 42
97 15
81 38
40 74
28 85
10 83
21 94
57 65
74 91
47 82
23 87
69 19
62 85
70 2
10 98
26 64
47 35
68 25
65 27
23 61
78 53
91 76
26 56
72 15
55 8
96 23
33 52
43 66
90 26
75 42
65 36
67 87
61 76
0 96
9 51
48 25
33 4
11 85
18 11
38 51
45 73
36 43
17 19
22 51
13 70
89 79
65 51
60 69
36 36
34 44
69 89
55 95
64 75
40 51
22 58
5 65
36 73
52 46
62 67
66 16
1 4
86 76
29 74
75 19
85 51
77 60
11 19
98 22
4 12
4 6
51 66
61 27
13 35
55 65
89 36
70 41
59 10
56 41
58 19
31 37
11 26
57 81
51 76
49 38
27 36
83 65
23 6
8 56
10 56
93 21
57 90
88 68
47 49
98 11
1 20
85 39
5 70
44 69
96 40
19 66
47 40
1 42
98 56
59 9
92 79
30 5
28 8
16 38
2 60
15 42
94 98
84 85
81 35
47 31
88 47
22 68
17 64
21 41
31 54
97 16
95 74
18 58
36 9
15 13
41 45
23 41
55 62
13 43
47 27
66 9
91 2
68 42
1 83
40 85
30 65
62 44
63 77
34 46
27 35
32 75
77 50
24 11
39 7
69 51
0 73
70 70
41 24
90 45
27 17
69 43
7 72
33 81
26 80
65 15
34 30
50 42
11 81
81 69
91 90
3 42
23 36
80 51
19 45
11 27
58 94
91 12
98 25
41 59
30 6
23 53
47 28
8 73
64 52
96 69
31 28
25 61
15 18
88 35
95 38
48 56
72 10
72 6
90 19
51 91
23 9
90 49
46 65
36 14
19 2
41 55
51 88
20 76
43 24
10 57
89 64
45 95
78 18
21 44
81 73
70 50
22 83
87 11
65 91
29 84
4 88
61 71
73 21
71 81
31 67
49 53
53 53
67 63
46 96
42 36
13 82
82 88
66 14
45 3
13 93
6 83
43 39
34 28
60 77
35 11
88 26
53 58
23 73
76 55
32 27
10 4
86 74
49 79
47 65
42 31
51 40
97 18
6 22
10 10
25 34
82 15
77 46
47 33
61 84
62 37
63 53
13 78
7 40
89 30
91 45
76 48
57 66
80 86
52 67
14 16
58 26
57 10
65 12
60 42
17 37
77 49
9 13
75 58
1 6
69 98
74 69
21 31
13 17
41 79
83 2
18 48
0 72
87 97
31 57
61 6
9 57
16 62
63 0
21 56
90 76
X
15 21
41 36
17 75
97 11
73 66
X
90 97
43 64
74 93
29 78
3 6
36 32
40 61
90 55
92 18
12 1
29 26
29 55
97 14
23 24
13 37
55 60
89 53
60 11
90 32
68 70
83 15
2 12
71 96
83 45
80 73
79 35
65 0
17 30
62 12
38 22
7 69
57 40
83 11
66 60
78 25
65 33
90 48
52 34
60 28
50 81
25 25
87 0
67 40
19 10
50 33
32 97
26 66
4 84
4 94
58 76
16 74
64 39
28 39
7 28
75 71
82 34
31 22
50 96
48 98
67 42
78 60
41 18
95 88
12 22
63 70
94 79
88 83
49 76
26 88
21 70
33 92
25 66
89 26
52 4
21 5
14 96
88 4
57 37
9 64
58 82
53 16
50 14
9 9
83 25
7 67
54 46
3 97
14 37
74 74
18 50
53 63
86 65
71 47
61 51
35 49
22 24
4 14
49 7
40 98
39 42
13 0
84 58
13 45
79 48
92 38
49 83
70 43
97 7
12 86
32 58
81 1
1 29
76 24
6 85
66 53
29 30
87 4
15 95
65 62
90 62
51 3
76 35
81 31
83 30
79 97
9 16
36 55
36 23
45 33
71 77
96 18
59 69
89 70
0 12
89 46
87 24
15 62
58 5
39 15
57 74
62 52
55 4
47 2
26 98
15 27
25 84
13 80
91 46
93 18
43 35
98 13
81 71
17 52
63 11
60 36
29 94
79 32
44 12
95 15
72 93
19 79
65 75
64 4
0 31
6 70
16 12
17 4
78 57
98 55
81 82
71 66
73 69
40 60
47 84
38 35
42 41
16 31
58 66
67 48
61 78
24 86
26 11
53 81
24 58
0 36
80 98
27 92
60 68
3 31
74 90
35 76
59 59
50 82
19 74
74 50
51 92
72 58
27 13
86 35
42 27
63 47
7 80
72 67
46 9
44 19
9 43
13 38
19 50
71 5
66 50
23 55
96 90
89 60
77 91
66 10
39 45
31 81
45 54
50 74
26 81
79 57
35 40
69 6
40 27
44 41
32 44
25 71
41 54
72 92
66 35
28 70
73 27
27 71
89 76
68 11
94 81
23 56
88 11
36 87
29 65
65 20
54 15
2 87
28 72
60 24
46 72
17 66
26 71
44 30
71 35
1 56
79 68
67 19
34 97
51 37
40 5
65 85
43 53
56 65
8 44
12 15
47 55
36 90
16 98
15 87
69 58
39 66
80 56
36 84
25 2
55 3
27 44
73 84
46 57
14 87
23 43
22 28
53 46
81 61
6 48
56 12
35 70
52 21
92 11
3 68
78 69
3 41
22 75
40 16
73 22
59 42
83 90
55 34
80 22
19 51
73 92
24 40
9 80
85 37
53 44
82 32
85 36
36 30
2 6
62 14
25 6
35 52
95 80
62 11
25 73
68 59
6 32
65 6
93 98
66 26
70 36
43 23
67 25
64 43
87 80
86 15
73 18
22 3
29 43
30 81
74 41
56 1
14 88
15 48
68 22
69 41
95 19
23 37
47 41
3 27
61 69
78 83
46 39
40 21
28 61
24 44
63 44
25 43
18 26
4 72
18 83
89 38
3 9
3 70
19 39
96 49
95 95
38 43
27 26
77 90
78 77
26 60
45 2
75 78
36 39
81 68
93 97
30 69
56 91
66 87
0 83
58 74
31 85
16 81
1 30
83 82
12 63
53 66
81 74
77 1
6 43
2 16
57 38
98 23
90 68
48 68
86 37
50 80
89 44
66 58
29 29
53 3
22 89
77 19
24 26
92 32
11 16
16 94
19 33
96 50
20 36
57 63
53 78
7 98
39 93
59 16
26 82
1 22
89 31
64 34
80 49
5 30
42 37
8 86
37 11
24 16
29 39
82 25
43 90
29 27
50 50
27 50
74 71
77 2
65 70
54 50
41 40
69 61
26 72
53 56
12 88
53 7
60 43
91 47
78 74
73 14
8 66
80 74
90 56
13 44
79 33
71 38
66 90
85 89
75 54
6 58
97 4
60 19
97 13
96 54
46 79
48 12
69 9
82 1
20 11
63 51
33 97
60 67
73 51
73 62
82 33
9 26
21 47
40 15
45 25
22 91
32 20
39 20
55 96
75 50
82 93
94 69
7 74
12 84
12 80
29 83
28 32
5 82
25 30
19 87
41 16
5 44
49 47
29 36
63 76
73 0
67 28
14 19
68 17
21 84
87 67
54 22
39 14
X
97 48
28 2
82 36
57 22
34 22
95 12
84 23
7 75
37 8
14 94
98 76
98 85
36 91
51 87
90 17
78 63
90 77
16 6
69 1
33 29
62 60
84 42
26 39
82 29
26 34
15 32
42 26
7 22
70 16
98 3
95 98
10 30
17 79
96 3
63 66
73 71
67 57
80 38
87 32
39 25
75 28
54 96
70 34
17 36
93 58
85 76
28 59
53 23
87 53
73 13
49 61
44 13
27 16
83 63
68 35
19 63
16 4
6 19
58 90
27 5
94 70
91 41
54 92
19 64
92 8
43 56
13 14
87 49
91 51
2 66
30 4
24 81
2 57
78 5
11 86
79 77
85 12
89 27
27 28
13 19
X
38 48
86 53
84 74
7 6
14 54
6 29
76 37
84 90
15 98
20 96
95 59
52 61
12 97
92 39
24 95
82 41
55 78
85 35
10 63
9 8
87 30
16 84
38 2
52 78
94 97
76 66
60 78
11 38
86 27
64 70
36 88
28 24
93 93
51 56
89 95
81 89
71 79
20 49
9 10
1 32
24 24
52 55
91 78
82 71
7 55
58 67
74 61
76 16
55 63
75 27
82 87
3 28
86 72
90 7
54 19
28 92
45 32
84 4
50 24
71 50
96 87
58 72
69 95
47 39
81 28
16 15
1 47
8 64
79 17
51 29
34 75
21 32
27 91
51 8
6 95
88 24
79 12
43 86
6 3
77 27
69 24
75 95
59 22
34 25
39 90
65 21
17 8
26 14
78 29
22 16
89 16
28 28
36 13
0 98
82 42
61 37
91 3
96 79
32 28
71 71
24 74
29 87
69 28
23 4
46 71
21 9
41 57
94 63
71 20
71 74
60 71
74 70
71 70
44 98
95 3
40 10
62 98
58 48
72 35
79 7
75 46
48 4
73 61
18 91
9 20
73 56
79 21
76 52
86 9
34 72
25 28
41 93
21 4
34 8
20 50
70 44
85 64
74 6
35 12
58 81
11 49
77 43
77 23
3 15
47 78
95 67
61 38
10 97
61 60
38 34
1 74
3 14
60 0
29 1
84 53
70 9
32 86
47 37
50 16
96 66
1 41
79 94
80 46
12 77
63 50
96 52
16 87
34 83
32 78
35 4
74 24
35 20
8 19
35 10
25 72
19 54
60 55
93 42
4 25
7 26
41 5
20 54
97 81
67 44
49 43
75 14
96 45
69 31
5 95
37 78
61 62
75 39
23 20
76 50
73 65
22 7
20 21
33 25
52 86
39 49
80 66
30 72
2 77
46 11
76 12
47 79
72 7
34 92
24 2
32 35
45 26
93 0
47 62
35 5
82 44
88 15
21 86
81 97
33 26
5 92
84 5
50 85
47 7
70 11
30 68
85 82
29 98
32 30
65 19
42 48
17 12
24 78
39 72
56 89
54 70
54 51
73 81
69 42
82 31
X
75 48
65 1
55 43
22 43
81 95
88 46
33 10
59 33
87 14
6 23
83 60
42 54
6 89
55 90
25 80
30 48
60 83
16 32
70 87
97 6
77 71
19 83
33 66
33 36
39 5
43 41
39 24
79 58
81 60
6 4
26 13
89 83
52 37
84 39
11 46
83 43
14 26
71 88
11 61
91 98
96 74
64 3
61 22
3 52
84 84
66 29
64 85
73 37
82 79
6 15
35 14
X
43 91
56 0
45 22
27 6
55 31
55 49
16 23
14 48
40 69
84 55
63 83
36 97
81 27
4 92
1 98
72 71
70 31
83 97
86 57
96 7
2 94
14 46
6 88
65 5
98 64
56 9
7 25
73 43
59 19
31 87
5 5
46 48
9 39
20 55
82 74
84 57
37 60
28 60
54 6
56 93
70 65
49 5
23 60
56 45
61 61
6 65
95 57
3 64
63 73
20 80
34 31
51 53
12 18
96 38
11 43
92 89
39 65
38 92
98 86
34 87
58 17
66 82
34 37
88 40
56 22
70 22
92 68
22 93
72 60
45 57
38 26
66 36
9 46
95 82
98 7
20 86
22 47
64 32
21 3
92 34
69 90
10 95
35 19
44 85
41 10
21 11
63 64
15 76
42 5
37 70
65 83
82 69
20 79
33 34
22 23
71 28
52 49
11 22
15 35
27 55
20 13
48 62
44 29
21 57
24 83
19 43
41 56
11 5
56 84
84 83
54 8
22 90
43 92
37 57
57 56
27 14
34 9
56 39
10 77
74 40
60 2
77 4
20 46
X
59 74
28 45
74 34
27 7
60 12
92 63
42 89
51 48
72 39
60 41
43 95
28 38
6 8
93 55
26 36
56 38
16 28
63 5
24 36
49 16
80 61
94 78
37 37
86 45
33 93
58 0
47 96
60 13
94 54
67 91
94 35
63 68
97 89
48 8
19 8
85 45
81 3
59 15
85 83
62 79
14 35
29 31
67 53
81 6
12 71
70 89
94 57
61 16
92 93
31 74
6 42
48 40
22 17
10 26
51 73
47 16
68 57
51 82
7 13
53 93
30 73
84 29
50 91
63 21
23 93
52 45
12 57
73 41
18 98
35 83
96 43
0 41
93 78
97 73
75 52
9 14
13 13
57 73
81 87
79 73
58 39
15 23
5 53
54 13
43 34
60 37
17 50
41 15
71 73
29 2
2 27
64 76
67 21
65 88
25 11
80 31
30 20
77 77
67 35
54 91
39 8
57 60
42 96
83 24
60 32
98 88
72 19
29 62
92 95
59 78
47 22
59 34
X
43 55
79 16
76 77
21 20
52 28
46 59
15 39
49 97
48 66
74 14
90 2
23 23
77 28
7 70
35 74
58 52
38 70
9 63
31 26
24 10
80 29
86 47
92 76
55 33
68 97
21 12
57 30
73 86
81 88
59 79
0 92
17 5
74 3
55 6
81 94
75 38
38 97
28 54
62 28
18 38
6 60
25 17
71 45
73 23
2 18
56 75
40 35
25 7
36 47
86 85
58 77
47 98
54 98
21 78
5 7
29 53
24 34
61 66
43 89
2 76
72 2
29 95
40 64
61 1
65 69
45 19
50 75
43 58
4 59
24 41
39 58
68 23
81 33
9 98
70 5
71 75
37 95
38 24
25 18
74 54
63 33
53 85
19 42
58 37
98 70
18 81
8 71
67 61
0 60
26 53
92 13
64 89
3 69
76 75
93 92
36 41
0 80
10 65
19 92
17 13
97 82
96 41
66 77
0 54
9 66
38 72
9 85
48 29
44 67
75 25
60 7
12 25
48 9
56 7
77 21
0 79
58 1
42 63
89 94
89 12
13 40
64 90
88 10
85 43
7 43
40 68
33 71
47 36
72 43
27 4
7 84
20 52
98 57
98 95
59 91
19 24
96 68
8 16
80 34
76 3
35 61
22 19
56 23
95 53
34 93
48 17
35 50
22 34
30 28
28 23
46 32
17 34
9 97
4 46
95 9
12 13
9 79
69 49
18 39
75 60
33 65
91 54
47 38
70 93
54 23
90 18
22 56
71 78
63 45
1 2
3 16
61 86
11 35
14 76
4 80
88 3
80 33
79 26
13 1
80 88
69 84
0 75
76 1
86 41
37 62
42 49
46 83
80 43
74 73
19 37
74 13
67 81
44 64
23 80
54 54
17 23
27 49
54 65
76 38
36 25
57 79
42 50
10 2
29 52
36 72
15 97
24 23
50 77
94 0
85 30
72 14
71 61
55 92
18 32
7 27
13 5
45 18
53 91
72 62
61 52
7 15
38 95
2 58
53 21
14 90
14 80
65 29
52 53
94 88
41 53
94 30
32 73
51 65
64 49
4 23
63 79
90 96
62 25
21 25
25 5
32 85
63 43
44 42
91 13
67 20
48 75
80 95
37 47
32 40
63 86
49 37
16 54
29 22
97 9
66 69
38 31
43 54
24 75
43 9
11 80
30 91
30 23
81 36
0 5
89 41
49 50
44 36
12 98
63 74
13 20
73 60
36 89
47 15
86 48
38 58
86 92
41 76
64 59
91 33
57 53
76 8
70 24
54 72
43 85
72 0
95 52
65 71
67 29
70 83
66 64
25 64
16 46
66 78
85 42
33 32
66 47
30 38
12 70
39 48
60 64
48 95
80 18
75 68
3 59
35 84
80 30
13 6
31 86
93 23
67 43
47 34
57 21
80 8
53 48
66 5
63 87
55 88
79 81
56 74
9 96
10 17
8 81
41 49
52 6
93 56
10 58
78 23
10 68
83 52
35 7
32 29
35 75
86 34
20 92
84 68
59 72
87 25
44 86
52 30
85 92
9 65
11 18
22 29
29 79
6 94
83 67
14 32
21 16
89 88
2 95
91 9
10 28
16 8
75 40
94 75
79 29
77 88
36 10
6 39
7 33
70 48
33 49
41 46
82 89
10 13
83 77
17 14
35 93
75 67
3 93
50 5
25 90
85 50
80 35
44 54
18 90
83 70
0 81
36 66
38 68
44 55
80 26
56 94
10 55
6 26
6 25
37 6
19 13
3 29
14 34
17 58
93 15
58 70
40 4
33 96
68 26
17 41
52 15
6 38
33 30
48 47
54 30
44 4
78 67
2 98
86 58
21 97
72 49
41 30
6 55
92 56
61 45
10 71
0 55
86 10
44 49
35 32
93 41
71 32
59 77
16 58
76 59
52 19
48 32
50 76
78 38
38 15
75 7
69 55
11 20
83 38
2 97
36 48
83 89
58 63
17 88
36 26
61 17
43 1
94 77
18 88
48 77
40 48
16 48
4 30
57 62
59 95
10 59
49 33
77 87
87 40
22 49
70 97
96 72
92 61
75 8
49 10
93 72
23 90
91 65
81 76
91 43
94 67
31 24
36 85
75 20
34 19
56 97
54 74
63 20
52 5
2 49
11 98
77 85
47 83
59 4
52 48
21 49
40 47
43 88
3 8
24 91
56 13
4 49
24 72
37 4
25 45
7 56
90 16
33 31
44 20
86 97
5 86
46 27
91 64
44 47
68 90
95 4
57 83
11 79
43 98
70 96
40 9
78 89
78 71
2 81
44 5
53 5
31 47
30 39
35 9
22 60
26 3
59 12
41 69
25 10
77 54
58 25
76 58
1 91
92 51
75 11
94 87
70 54
62 10
80 45
20 74
76 21
85 49
92 7
75 22
6 31
24 63
69 5
77 41
20 37
82 13
18 13
9 22
24 15
74 49
3 17
82 2
28 55
55 46
18 5
23 7
93 44
23 10
39 91
26 95
25 56
24 55
62 95
20 25
47 67
88 79
70 23
65 59
28 66
51 35
2 39
19 23
6 16
83 83
88 39
79 31
11 0
X
55 71
93 63
4 73
87 22
55 0
86 89
81 58
38 67
28 77
26 41
92 67
40 67
98 31
67 26
14 55
23 66
21 55
22 21
58 3
80 6
24 57
20 22
51 9
28 69
98 32
70 6
77 80
26 16
70 35
83 41
74 16
36 40
97 12
88 86
70 82
60 93
22 82
96 65
98 18
91 7
87 42
72 29
73 48
70 86
34 82
25 14
2 52
35 31
27 11
5 84
50 66
94 5
57 24
70 42
45 59
64 54
56 16
3 57
38 23
12 11
36 76
23 94
33 94
75 65
2 30
0 44
77 51
17 60
79 28
68 36
0 37
74 35
64 69
73 28
12 38
96 48
84 35
45 89
80 59
33 39
89 78
67 69
93 13
13 88
86 55
7 5
23 30
21 13
18 12
47 53
70 32
51 15
96 4
50 83
18 8
82 14
60 53
39 79
58 23
49 98
73 53
11 6
55 12
48 69
55 75
43 21
3 81
24 35
65 7
93 45
48 13
44 8
80 17
75 10
70 55
79 98
11 54
22 13
1 46
8 83
96 82
74 96
8 20
73 58
10 47
79 79
86 98
82 3
64 61
98 81
28 46
19 65
35 8
38 64
22 85
71 8
89 40
8 28
43 8
56 83
82 56
53 68
53 95
73 11
78 37
5 46
87 57
10 96
63 75
62 48
2 64
77 62
98 65
X
12 46
8 18
91 88
75 83
79 75
2 72
82 12
0 74
2 61
8 78
51 6
40 36
41 92
25 4
25 57
82 67
19 22
96 6
88 65
16 30
51 38
70 78
39 74
87 82
30 44
52 59
31 79
18 2
72 81
55 29
2 79
22 10
36 92
68 92
91 69
48 43
77 29
66 32
70 98
82 70
85 98
12 21
55 79
34 13
67 98
61 36
44 73
79 69
54 2
29 69
12 7
18 3
72 73
91 36
76 28
28 78
22 8
10 80
65 2
65 17
33 86
78 82
11 68
17 87
82 53
10 54
53 72
72 13
1 96
85 80
24 88
76 36
83 85
25 36
14 9
46 33
27 21
89 24
45 20
70 3
15 33
32 94
60 79
96 58
33 77
95 58
30 77
6 92
73 77
69 27
65 22
29 28
22 33
16 36
68 45
45 75
33 23
56 82
83 36
47 44
71 87
40 18
X
20 4
96 73
78 73
56 14
81 75
46 25
49 49
54 67
93 47
47 63
34 34
5 15
5 28
41 28
59 56
19 11
53 11
3 23
81 56
22 77
3 7
50 71
71 9
15 49
85 63
13 28
74 32
56 35
68 2
4 78
38 9
1 5
58 55
94 41
76 43
63 80
54 7
24 98
49 77
61 68
13 27
11 93
18 82
16 49
50 84
38 25
47 59
74 31
85 5
62 69
48 71
68 41
67 8
59 51
92 77
19 49
28 50
36 8
10 85
63 48
42 16
68 58
7 3
74 94
46 44
23 32
4 55
86 77
86 64
26 62
30 37
49 55
93 95
15 93
2 59
52 58
76 96
83 9
77 83
87 59
53 59
30 94
45 52
86 95
1 28
25 91
29 73
56 95
1 31
82 59
59 93
1 95
0 89
33 72
24 94
63 38
63 37
20 29
56 53
81 53
89 33
21 67
42 98
36 95
96 92
17 67
90 43
70 81
88 33
86 90
96 57
90 38
51 7
18 35
37 97
10 11
90 93
62 97
15 90
98 90
51 67
26 4
63 2
81 46
40 25
47 71
X
43 11
40 3
64 58
22 86
23 91
35 21
82 30
11 7
26 17
6 5
65 98
37 74
82 6
42 93
75 31
46 19
10 78
68 31
61 98
46 30
83 76
26 9
53 82
92 58
80 14
9 0
79 74
45 27
70 85
60 50
75 96
45 66
14 38
39 62
61 46
34 5
38 98
64 63
63 72
25 29
8 49
36 34
85 7
18 15
31 66
15 61
45 30
56 15
15 82
87 41
54 55
92 9
31 62
66 38
96 39
61 58
9 42
61 49
54 88
95 81
63 6
89 35
11 42
38 42
94 38
50 67
31 75
28 89
0 56
77 25
81 45
65 4
77 74
5 67
68 24
60 46
54 75
71 93
86 7
10 29
63 31
42 11
95 44
11 14
88 93
37 53
40 31
49 52
21 14
38 13
74 59
28 81
49 24
56 73
14 8
93 6
45 10
57 51
14 7
70 14
35 25
25 59
46 1
79 59
76 87
66 46
78 36
8 13
69 15
14 57
88 59
80 16
23 97
14 84
10 84
2 69
41 87
33 60
16 92
76 22
18 65
46 97
37 73
48 38
37 24
55 50
78 30
76 0
80 55
19 73
84 56
28 33
91 85
37 71
45 50
65 77
84 82
68 89
23 68
87 6
86 42
68 21
74 92
15 59
49 54
81 62
75 91
94 10
36 81
X
18 49
50 55
11 59
91 83
70 73
31 39
7 85
83 68
21 83
31 45
41 13
74 83
94 32
37 93
10 20
71 69
72 74
73 50
48 61
92 85
93 71
91 71
54 18
60 26
92 78
23 86
34 73
44 21
76 23
43 19
22 55
82 40
49 74
15 46
0 30
38 32
81 84
79 18
54 79
34 23
64 87
35 39
69 79
58 4
5 57
22 57
62 58
57 95
91 66
25 24
1 73
32 48
52 22
81 20
34 24
13 10
41 95
2 28
44 24
64 6
76 42
53 67
78 81
92 42
44 48
27 64
69 26
9 35
27 41
54 63
34 94
40 24
7 91
91 22
90 83
41 50
88 42
10 14
15 47
28 14
88 19
32 45
76 94
76 25
80 37
35 48
97 37
64 53
75 17
33 95
12 90
0 61
16 24
64 13
83 62
90 95
94 36
78 21
55 7
79 87
92 54
29 35
94 58
61 72
72 63
6 93
87 98
68 12
43 74
19 97
93 81
59 75
1 69
24 82
69 23
28 96
9 15
65 35
94 37
30 96
37 34
64 16
34 48
76 73
56 68
92 48
52 57
5 89
59 0
59 65
5 22
69 36
70 37
87 86
90 25
34 39
66 97
62 73
45 56
11 95
76 44
88 80
90 11
10 74
74 52
98 73
97 32
39 29
15 40
1 87
46 31
21 8
81 64
20 24
19 84
41 61
95 8
85 21
55 80
68 8
68 27
49 45
63 61
1 79
66 91
93 3
44 1
38 79
96 47
38 14
4 77
43 46
81 13
66 42
34 98
68 88
18 29
61 43
24 93
6 63
42 65
66 4
20 23
70 63
51 0
42 45
18 84
88 50
94 7
67 55
46 95
12 9
55 82
50 3
45 70
84 97
67 58
14 2
58 35
69 30
20 43
16 89
30 24
75 89
52 84
77 20
97 2
10 66
24 3
56 64
83 6
12 56
X
46 47
64 2
30 21
40 91
31 88
75 51
95 71
2 92
73 2
80 67
78 55
39 21
70 19
17 38
65 97
10 1
79 41
62 94
95 91
51 96
90 1
95 20
96 0
3 67
55 21
78 24
40 22
61 28
62 54
3 63
38 49
7 49
12 81
28 62
1 78
36 29
28 83
81 0
48 5
37 35
84 36
39 50
13 21
50 68
9 73
8 46
80 4
3 46
77 58
26 59
24 1
86 0
60 80
27 27
31 96
47 11
5 14
56 17
33 78
89 47
20 14
89 71
56 71
94 96
25 88
41 68
22 97
55 16
46 22
18 34
48 48
60 22
45 94
70 79
91 70
44 57
76 72
77 30
10 27
90 3
86 56
60 72
97 31
40 41
56 24
84 28
98 5
56 31
45 31
93 57
13 23
98 20
10 3
25 39
20 77
73 72
40 93
57 70
92 69
56 80
38 50
64 38
93 20
50 2
39 54
39 32
41 58
40 75
94 72
81 59
46 40
30 87
17 85
60 51
19 82
90 40
53 92
33 87
54 82
60 3
85 41
18 73
31 58
40 34
15 53
10 19
82 35
72 12
3 80
76 68
32 46
87 88
44 68
41 89
91 49
26 63
41 52
62 91
87 78
24 84
60 65
29 13
68 6
46 28
8 23
12 94
58 6
58 50
8 62
13 90
54 32
85 33
71 34
79 42
83 81
20 9
24 66
62 93
82 20
59 62
26 26
74 60
11 48
94 64
72 96
67 82
75 84
70 49
84 43
91 42
14 47
32 88
54 73
17 15
89 66
96 88
86 25
31 73
12 64
13 49
8 61
95 54
93 88
93 7
63 34
56 5
27 73
58 24
22 45
22 39
4 28
14 6
8 69
19 32
32 37
50 26
17 31
60 20
5 91
70 15
77 35
13 8
43 67
10 46
33 15
21 42
76 74
76 65
17 44
16 79
50 78
87 27
35 18
32 34
41 47
17 62
54 20
15 3
4 70
42 33
41 74
45 87
36 69
71 58
39 89
20 83
55 39
46 61
61 59
59 32
81 92
97 80
75 74
15 43
75 59
26 97
93 37
36 46
93 48
59 20
29 76
67 76
48 67
9 29
76 80
34 77
15 44
10 6
31 33
91 21
20 26
98 26
47 50
29 14
23 62
30 49
41 64
80 75
74 7
75 55
14 40
32 22
16 44
64 66
30 46
32 26
24 96
51 20
96 9
33 83
6 84
24 97
9 71
78 22
16 78
56 87
18 22
70 66
47 13
80 96
3 94
1 45
55 37
25 37
30 66
57 50
66 19
6 75
92 66
94 90
19 44
45 46
54 61
29 38
82 85
20 44
74 11
12 0
X
85 74
67 4
39 53
10 45
92 45
87 1
27 23
20 27
22 31
16 75
97 22
58 11
62 38
47 12
39 4
57 42
52 25
49 89
28 31
11 87
25 94
X
52 50
67 31
13 87
54 95
87 50
87 36
74 10
35 13
48 72
21 37
0 15
21 80
98 45
89 81
35 88
70 84
32 8
27 12
75 32
55 66
40 40
87 31
54 48
12 65
50 37
85 27
71 13
58 49
44 78
2 14
67 33
8 8
87 26
36 44
82 10
6 81
15 19
9 95
51 19
95 51
37 26
20 40
7 48
44 92
34 14
70 1
3 88
44 76
83 61
85 66
45 90
32 84
50 49
23 83
95 47
32 4
X
16 88
59 40
83 53
46 20
16 22
23 17
46 91
72 84
11 37
7 21
55 38
68 15
43 65
43 6
0 82
2 15
79 51
14 45
86 94
35 41
89 7
6 87
73 75
58 56
7 44
41 44
22 50
49 42
79 37
42 24
2 43
89 62
40 97
49 17
10 9
90 66
74 95
76 95
16 18
7 79
55 15
22 52
42 72
14 22
60 66
51 74
84 38
62 96
29 45
1 11
5 16
75 72
4 68
71 6
40 96
11 78
45 4
13 97
78 85
59 27
84 30
67 3
87 81
3 74
48 53
52 39
87 45
37 50
26 54
32 90
54 94
57 34
69 96
83 96
11 24
92 24
63 69
53 6
76 11
93 38
89 29
57 88
35 82
58 97
3 79
28 16
95 39
45 88
22 59
25 23
79 67
39 97
25 96
48 37
45 78
29 70
46 67
28 20
72 22
72 52
81 86
91 87
X
11 63
71 67
51 28
19 36
97 23
39 98
29 47
23 82
55 32
76 7
98 52
57 52
34 17
74 38
6 18
17 35
79 23
7 18
94 74
88 8
64 7
52 77
66 79
91 10
87 73
40 86
24 71
68 5
63 4
37 67
86 84
20 45
62 62
35 6
88 6
19 6
57 35
81 41
21 96
12 27
22 0
55 64
14 0
34 55
92 53
23 28
43 63
22 48
18 47
76 34
58 41
48 30
26 45
25 44
52 1
57 59
7 83
2 63
88 84
4 27
89 5
X
31 90
94 23
33 80
80 42
6 54
52 69
85 54
54 60
82 0
50 41
86 82
93 79
85 79
14 73
7 54
59 55
13 16
56 55
44 75
74 20
82 54
71 12
90 82
10 64
61 73
6 74
87 54
54 66
51 45
21 51
24 13
61 90
24 29
31 55
1 27
10 82
93 61
71 64
18 89
65 66
37 87
28 35
62 59
73 74
92 44
14 92
90 70
73 12
56 18
71 57
65 41
98 58
42 46
76 39
39 34
59 48
14 1
27 96
61 77
81 51
58 22
1 77
79 52
5 50
29 18
17 51
74 36
36 94
36 62
13 4
16 3
92 57
47 69
1 23
31 65
30 92
85 9
7 35
67 78
X
32 93
23 75
5 23
28 10
52 68
14 18
15 1
59 57
28 27
90 59
84 78
40 49
54 47
48 16
69 57
82 4
17 24
95 18
5 49
65 50
20 31
44 66
37 96
91 5
26 35
78 32
87 38
54 3
48 52
9 4
66 48
53 98
82 47
63 49
64 57
42 51
88 25
24 69
31 25
64 64
49 75
93 82
58 91
34 81
67 90
38 3
80 3
45 35
27 97
40 58
83 57
79 62
47 70
54 59
11 13
78 49
25 38
82 57
21 34
22 96
14 72
89 68
93 32
18 40
49 14
66 49
49 70
52 88
0 45
13 84
30 52
30 85
39 83
8 5
60 90
45 8
8 21
86 6
75 15
21 23
58 9
41 22
68 19
4 87
48 26
43 27
82 52
41 21
90 42
73 70
60 14
19 38
69 10
96 13
16 59
9 17
47 48
92 20
3 98
21 19
87 43
16 19
22 25
10 40
27 39
86 28
19 34
25 16
67 39
74 39
72 68
43 20
78 40
96 14
95 68
95 56
17 68
60 33
52 18
34 50
3 77
87 10
84 96
17 11
92 21
62 13
84 54
8 10
73 39
93 53
15 34
44 56
55 48
49 12
5 69
91 58
9 2
14 83
78 79
17 76
12 91
18 18
40 28
9 47
89 69
66 85
85 25
3 72
18 51
63 12
14 91
73 24
22 88
70 39
39 57
35 59
60 58
17 78
70 26
67 36
73 4
32 74
89 73
12 78
88 32
18 78
41 66
76 85
58 79
96 91
12 12
36 33
50 38
62 64
59 86
66 65
28 25
54 89
44 77
68 16
46 98
91 63
87 87
56 63
53 45
72 48
56 29
74 98
33 89
40 92
69 82
32 77
33 9
38 71
85 4
89 49
64 97
53 77
33 59
83 13
97 10
18 20
68 14
67 92
79 40
6 82
25 21
92 82
48 96
70 60
77 76
23 3
59 17
40 55
57 80
3 25
69 34
82 91
19 48
95 43
8 88
30 12
61 10
92 81
77 17
80 60
36 38
23 96
62 76
59 85
25 33
30 11
27 95
36 75
33 12
12 24
88 41
8 47
32 54
3 48
7 19
39 60
66 25
82 11
45 23
5 8
14 33
45 47
69 62
30 86
59 84
19 7
25 69
35 2
81 52
82 65
2 40
53 26
7 36
38 12
56 10
88 67
22 9
70 61
56 44
25 13
59 83
73 87
20 41
6 30
37 42
71 56
43 77
67 72
46 6
2 54
1 76
96 83
39 9
88 49
77 89
50 88
12 14
97 38
57 84
89 56
32 25
78 15
81 17
21 38
28 65
76 53
15 56
15 20
67 93
98 74
79 36
85 40
0 34
64 35
22 22
77 12
71 23
36 74
64 60
11 8
38 75
39 73
85 75
1 39
55 72
17 98
33 6
72 94
67 80
18 87
8 87
17 3
39 46
27 60
20 84
39 40
43 28
34 84
22 38
87 7
46 35
81 34
15 36
71 44
73 3
40 84
51 17
44 80
72 59
15 4
42 73
17 40
18 23
77 81
31 34
59 21
65 42
76 84
9 5
72 56
20 56
47 25
73 1
50 73
20 19
84 14
5 90
87 35
81 2
72 9
65 56
8 31
44 79
55 57
X
42 76
33 14
46 29
87 65
86 39
86 3
85 77
91 24
88 56
43 29
97 74
87 8
3 51
41 97
90 41
67 85
68 48
50 31
82 82
82 63
13 2
11 56
32 82
59 54
30 47
65 47
39 94
55 91
48 54
3 60
7 82
94 80
47 68
64 65
92 50
51 32
41 4
65 11
3 5
93 1
60 85
33 22
98 69
53 30
76 71
50 79
28 95
27 62
29 49
48 74
10 52
72 57
23 58
66 30
35 86
87 66
13 89
78 52
38 57
46 54
78 61
62 84
31 4
15 26
78 12
84 11
76 20
1 21
33 21
78 19
20 8
82 98
46 73
X
71 68
52 27
53 71
8 27
83 26
53 2
92 1
32 38
63 13
33 91
80 69
20 15
62 15
7 94
34 45
27 10
76 57
68 51
94 15
49 40
69 91
45 79
90 24
69 53
28 68
38 7
69 83
38 55
33 20
36 77
81 25
66 88
39 55
64 10
4 17
82 96
94 20
18 43
12 19
57 17
57 54
48 64
54 97
79 27
20 93
16 52
22 12
30 93
56 6
49 9
56 30
50 46
10 94
53 0
74 4
32 89
10 72
61 50
50 39
98 1
79 39
14 70
62 21
X
22 70
81 42
85 13
73 10
18 59
75 64
86 49
60 38
55 81
31 36
78 50
16 7
24 47
9 61
66 93
11 62
24 67
55 45
34 78
92 25
27 61
21 15
47 46
24 51
7 16
39 11
19 53
63 14
17 43
16 21
71 16
23 65
73 40
89 74
15 28
86 80
42 97
78 43
56 51
36 6
49 62
40 89
46 88
51 1
14 56
67 89
73 54
42 57
66 45
15 80
16 76
58 12
43 36
38 69
3 66
78 14
77 8
45 0
82 75
24 20
33 24
43 37
1 72
49 88
21 35
82 8
92 2
2 9
1 53
15 77
62 57
68 40
66 61
94 82
71 89
60 39
71 10
50 87
75 35
44 23
66 3
37 77
35 16
32 36
67 27
79 95
13 85
8 41
74 43
41 19
85 38
60 91
0 87
26 5
4 56
13 41
88 95
55 55
8 80
60 4
60 57
86 63
48 46
22 36
4 95
58 7
71 29
76 9
88 16
6 37
15 14
56 78
88 43
34 52
63 97
1 7
30 63
48 42
45 29
25 42
42 4
15 96
81 79
3 26
91 94
53 50
53 47
63 56
76 13
53 8
88 87
68 60
29 96
65 64
40 54
67 1
24 73
92 83
82 94
24 49
4 98
20 39
18 60
37 61
93 17
7 52
40 46
76 46
91 84
24 59
37 79
70 62
2 83
76 82
36 93
62 51
47 45
82 43
82 5
96 37
5 45
3 73
96 20
88 48
25 76
50 6
7 88
60 17
91 60
78 59
35 30
28 17
31 80
46 41
28 56
12 95
55 56
44 45
95 96
12 92
68 30
86 14
56 81
22 26
X
47 0
12 5
1 75
80 25
96 19
36 78
83 39
12 10
60 5
56 47
23 81
5 74
42 91
79 15
9 94
59 58
10 67
77 38
74 42
43 72
34 74
47 64
36 79
13 57
90 10
72 55
16 67
21 92
81 44
54 78
32 57
29 59
64 0
63 57
29 17
34 40
79 54
48 28
22 66
29 23
40 19
30 51
86 50
86 86
6 40
50 72
70 21
91 80
42 18
68 56
58 15
50 23
29 71
85 11
38 40
39 22
1 82
69 59
79 47
8 79
53 27
86 33
92 60
29 72
66 39
84 26
91 53
95 97
81 78
23 26
9 19
7 92
68 83
47 6
29 3
23 42
X
80 65
61 57
52 51
49 81
88 72
65 72
18 28
22 6
41 51
27 33
18 25
55 11
47 30
36 80
88 92
15 15
44 38
55 2
53 14
53 75
94 59
6 59
97 44
73 49
34 43
89 4
92 84
39 61
37 85
26 29
54 12
64 92
80 89
45 41
91 37
6 57
36 54
20 28
97 58
45 91
81 8
39 3
67 49
49 11
89 50
47 60
25 26
23 54
93 66
88 44
54 71
37 68
60 70
9 28
63 22
10 86
46 53
61 55
94 65
73 91
50 54
80 54
31 3
36 53
24 89
98 16
2 42
35 72
66 12
81 22
35 71
27 48
17 59
29 57
61 39
20 78
65 37
21 73
41 63
85 91
83 8
49 73
37 58
29 67
12 82
79 83
86 79
90 50
21 66
55 44
23 34
65 79
88 77
24 70
48 59
42 19
38 62
18 45
64 37
85 90
50 9
40 29
79 45
2 53
57 69
78 8
76 49
82 80
54 81
81 7
57 55
42 90
11 47
90 53
66 63
93 90
72 97
76 51
9 82
20 47
93 65
16 39
95 78
38 56
9 44
63 98
33 98
49 95
29 64
64 20
97 53
7 59
21 48
28 7
63 32
30 71
65 89
23 27
11 94
39 96
48 6
20 90
2 73
20 20
33 27
67 38
74 19
9 78
74 72
48 39
23 95
65 63
56 19
55 1
20 6
58 45
3 54
83 19
53 22
79 76
17 49
90 81
81 9
38 44
40 87
5 51
14 82
63 95
54 9
47 29
95 16
69 97
80 44
42 21
74 26
47 47
51 89
63 71
66 84
19 47
14 36
62 33
39 59
1 61
44 40
92 43
56 61
47 97
96 89
24 32
46 10
33 3
18 72
20 97
37 31
61 23
52 14
38 20
92 10
94 71
15 92
49 29
62 39
36 45
18 16
3 84
74 62
49 82
55 86
17 16
1 89
30 45
98 80
76 45
19 85
17 54
82 37
73 55
37 75
83 59
45 40
47 9
29 85
15 55
25 75
0 18
55 61
45 28
65 86
36 49
45 65
81 83
60 76
88 17
22 37
2 11
97 70
27 59
58 43
56 62
33 85
74 21
53 97
19 19
38 86
8 52
11 4
48 31
45 42
82 49
38 47
78 87
91 23
7 62
32 43
52 75
35 29
87 47
59 37
35 26
16 40
1 71
51 34
14 89
59 71
93 94
33 74
4 21
37 84
53 54
90 88
40 23
21 93
14 41
97 20
80 9
72 65
96 2
29 5
3 56
86 43
32 5
91 74
97 47
75 44
82 48
54 45
38 46
61 42
73 67
X
49 46
61 85
72 77
52 63
35 62
97 26
71 39
32 23
30 27
93 22
23 29
40 77
6 7
45 64
38 65
61 26
24 54
98 29
43 75
33 35
58 95
18 10
47 58
15 45
8 45
18 24
32 2
69 47
78 62
78 7
55 87
9 7
37 41
58 69
37 32
27 47
44 18
28 15
68 9
63 88
77 55
15 10
46 58
80 82
65 78
78 9
14 30
77 96
32 72
18 66
46 64
84 13
61 15
54 21
5 39
42 30
24 90
64 79
50 30
21 18
9 24
78 4
12 41
77 39
91 14
98 8
31 27
57 98
68 78
28 57
13 47
9 41
21 91
64 50
10 16
29 10
27 70
93 46
62 68
44 26
70 7
42 15
85 26
43 33
62 86
74 87
76 86
38 61
89 65
0 32
44 25
30 29
72 54
13 34
58 75
22 54
76 27
32 24
31 21
78 46
20 66
79 20
40 53
17 9
17 81
71 63
45 12
84 67
29 51
20 69
93 9
94 49
37 72
77 42
98 10
8 29
83 58
21 76
12 83
95 5
57 11
29 6
18 44
48 63
56 70
52 3
12 89
43 68
59 49
13 75
43 5
55 68
67 30
25 35
66 89
13 24
61 24
7 97
X
80 39
43 93
70 12
54 24
11 3
37 46
14 28
49 34
96 96
74 12
86 16
93 91
12 45
90 58
67 62
20 72
72 24
76 29
44 53
40 20
28 30
39 6
26 44
42 53
24 60
69 54
41 12
69 92
17 69
28 6
11 11
45 13
52 66
88 81
43 96
79 80
31 46
46 50
15 12
16 43
34 4
63 92
54 16
45 63
12 23
66 6
28 36
48 55
70 76
44 71
32 39
22 4
46 45
8 85
78 78
13 76
16 83
49 68
22 78
2 50
96 71
2 56
33 45
84 64
35 34
28 49
4 83
46 0
77 86
93 89
82 60
29 32
58 64
68 85
13 73
90 4
31 29
69 44
11 10
59 50
6 6
50 47
44 89
45 74
44 96
36 11
22 35
38 78
79 30
42 71
93 4
10 0
8 30
27 25
42 64
27 51
90 30
67 6
12 53
66 43
11 57
48 35
66 41
49 63
32 33
85 95
59 5
56 76
28 63
46 69
19 86
57 92
34 6
28 34
93 74
51 54
49 72
46 36
29 93
26 70
83 42
61 4
71 80
22 44
89 43
38 73
8 97
25 54
19 20
10 39
5 26
93 69
59 38
69 80
91 89
81 77
17 20
58 10
39 10
85 52
32 68
63 15
46 13
25 15
12 68
42 44
26 7
34 76
94 89
62 42
19 25
55 36
31 63
30 43
7 81
95 92
82 92
39 26
94 48
93 77
9 67
26 91
95 65
35 24
44 95
17 82
84 15
55 26
62 53
7 34
32 6
64 78
56 40
70 72
20 81
17 97
68 7
53 19
90 89
64 96
90 52
73 94
5 83
39 47
98 82
60 75
67 24
68 79
11 15
62 83
79 9
98 63
2 93
8 7
75 57
81 23
71 33
93 33
79 44
63 39
64 51
6 69
93 87
42 9
20 94
23 74
59 52
89 52
23 31
57 91
42 17
37 89
47 1
33 90
37 33
4 15
62 74
40 57
85 1
79 86
19 16
66 1
1 3
11 64
48 83
94 47
31 44
36 60
85 29
39 41
87 12
57 57
87 75
34 86
59 70
77 24
91 18
1 40
30 50
71 21
77 47
12 55
86 59
13 50
8 75
94 3
36 63
63 3
22 94
16 14
60 60
45 72
95 79
23 85
56 85
30 90
33 7
9 83
70 75
53 4
53 18
71 22
76 6
16 16
88 7
87 34
15 52
72 76
2 22
30 1
15 54
43 12
55 70
92 88
57 15
32 65
53 37
80 2
91 44
60 94
37 59
37 92
69 40
15 86
11 45
34 29
35 46
46 24
23 49
42 25
63 1
41 62
19 52
58 2
17 74
19 15
81 70
93 43
81 24
90 94
81 85
72 78
78 64
49 39
97 90
47 14
26 69
92 47
13 98
36 56
26 18
14 42
51 71
66 11
68 37
4 97
74 22
80 27
87 9
51 68
38 82
4 52
48 60
82 97
95 13
81 30
13 96
77 63
14 5
21 82
43 57
3 21
28 12
38 90
62 56
77 64
5 19
85 56
97 25
21 0
37 36
82 90
93 83
12 87
65 16
67 7
30 26
21 29
23 92
30 74
2 96
37 25
7 4
95 72
18 74
23 70
24 85
28 93
38 21
10 12
6 64
42 38
9 27
62 75
20 7
93 39
56 58
33 58
78 16
66 21
23 1
14 10
37 54
29 4
94 45
94 84
18 54
41 77
12 37
34 56
36 35
98 83
61 74
57 43
87 3
90 51
13 7
12 48
33 88
64 17
59 28
58 80
94 68
13 26
87 72
18 19
57 9
77 0
75 66
8 50
84 81
34 26
55 89
89 59
72 90
10 43
43 4
39 85
31 5
17 47
52 38
34 85
54 76
88 74
90 71
70 33
21 79
45 98
34 2
88 82
37 90
13 91
66 80
4 65
64 88
4 66
35 45
68 96
75 6
34 3
42 82
71 7
39 84
39 82
42 32
16 68
82 46
56 79
41 91
26 15
13 81
89 37
52 89
77 52
63 41
29 20
69 12
46 80
38 8
84 8
53 12
45 5
46 37
55 17
13 15
56 8
88 75
57 29
77 14
10 70
16 63
48 70
17 22
21 36
35 91
64 22
18 85
72 53
70 27
13 42
42 70
42 35
89 55
59 41
68 50
15 37
96 53
74 23
29 81
40 52
56 66
49 51
41 7
50 69
29 12
64 21
7 45
2 84
9 3
71 95
70 74
89 54
19 5
55 41
7 64
27 24
91 39
91 25
32 32
17 18
54 39
40 44
67 12
52 7
35 43
51 84
23 33
58 71
49 80
93 19
50 15
3 43
89 93
60 59
45 58
44 81
38 85
54 69
28 64
59 1
18 37
59 39
52 17
4 8
47 81
57 27
70 0
7 51
3 50
41 65
19 31
96 46
79 85
60 10
65 57
29 66
17 89
54 93
94 61
51 72
80 20
94 33
78 35
57 0
2 8
74 29
59 44
95 64
23 59
15 24
92 14
86 1
18 1
19 29
19 28
51 33
5 4
20 0
74 33
4 74
61 47
44 90
3 20
33 48
50 35
23 47
41 90
62 61
65 14
56 56
68 95
62 66
90 9
46 89
67 0
60 23
97 91
20 53
83 10
53 65
68 53
63 85
54 41
83 74
23 69
8 17
79 43
69 21
92 12
98 15
31 91
29 75
19 46
1 90
56 20
64 12
57 76
82 64
78 54
27 8
95 46
83 12
98 21
65 58
41 96
11 41
3 58
89 45
28 71
1 18
67 37
33 18
80 48
72 91
42 23
26 32
48 0
9 6
63 55
94 11
49 56
6 56
61 7
54 25
50 52
84 89
33 19
66 98
91 55
48 11
45 21
88 1
83 95
67 45
35 92
61 25
64 28
67 56
91 68
25 52
95 40
53 51
57 3
62 55
26 23
93 30
97 3
44 46
87 95
71 36
20 89
55 58
65 43
38 52
50 25
6 62
60 86
27 66
77 44
28 13
5 27
29 68
72 34
55 40
38 94
76 15
12 42
31 89
92 23
63 65
33 55
79 38
8 51
83 23
45 6
22 42
94 46
92 22
66 31
66 0
51 30
15 7
57 64
25 68
78 13
22 72
93 67
42 12
83 37
63 7
49 44
29 86
45 97
89 84
3 49
41 31
26 28
16 93
10 62
88 54
98 77
42 66
34 58
50 43
77 22
88 13
82 50
32 98
9 74
63 18
63 10
56 21
87 44
12 93
79 53
35 47
45 11
31 77
42 85
81 26
14 12
19 81
60 73
72 17
40 7
96 70
18 7
22 41
62 45
52 70
54 90
24 87
11 88
73 79
71 62
19 96
8 98
39 12
87 68
8 15
9 1
68 3
48 36
75 43
81 66
X
1 37
43 71
73 47
91 26
42 42
0 53
28 80
43 51
5 54
33 33
57 87
97 49
64 8
20 51
5 43
4 22
53 38
78 68
29 25
26 10
76 19
93 11
21 50
52 26
22 20
88 78
72 85
80 23
40 12
62 47
21 69
29 7
66 15
5 94
38 93
92 70
69 81
42 92
59 45
24 17
89 11
95 41
27 2
91 97
45 37
5 85
5 64
26 25
62 41
41 25
4 67
25 8
46 34
28 29
3 10
61 54
83 3
47 24
1 10
76 54
43 25
29 50
72 66
13 95
71 55
86 8
88 73
43 18
96 29
84 65
69 78
29 33
64 11
53 57
20 38
17 32
74 75
66 83
69 35
61 70
22 30
55 59
5 40
8 22
8 63
55 18
20 35
7 66
38 96
12 79
44 37
25 83
58 36
84 40
70 4
94 1
82 68
5 6
90 79
57 20
65 32
76 91
1 97
78 58
64 80
63 94
81 65
5 3
97 69
51 97
71 46
26 68
51 49
85 3
85 73
24 79
96 98
7 37
52 90
73 38
23 19
13 54
36 12
15 22
74 65
12 6
97 54
70 68
22 18
16 61
6 44
84 98
91 19
65 38
38 89
81 14
25 3
31 35
19 40
65 52
28 84
77 3
91 59
85 8
52 54
84 16
95 36
89 51
64 19
52 2
85 47
24 56
82 66
47 4
2 41
8 89
95 6
11 2
34 32
78 94
46 38
21 53
65 48
15 94
16 47
77 53
13 12
86 4
34 18
59 26
32 80
10 75
62 92
25 97
89 2
71 11
96 42
96 22
9 75
53 55
34 12
97 95
9 30
25 20
64 62
79 82
14 86
78 47
78 56
72 4
85 34
5 87
21 43
10 8
50 17
60 35
X
8 9
78 45
43 70
53 13
54 85
41 17
16 45
58 89
11 40
98 47
70 88
78 96
35 15
30 76
67 5
38 91
14 71
86 26
46 62
64 36
17 83
46 26
58 14
51 18
19 76
89 92
16 82
66 2
33 40
61 21
39 39
37 65
86 40
73 17
52 73
84 37
57 25
30 70
4 86
81 49
83 14
33 84
77 10
75 13
31 92
55 23
58 34
49 71
44 9
75 80
45 38
52 33
64 98
69 60
54 14
7 57
12 50
22 73
56 25
27 88
68 55
2 17
84 76
11 9
58 51
40 50
33 43
22 84
87 21
83 91
28 5
89 15
48 97
34 38
49 26
29 63
47 54
85 22
23 22
59 80
34 88
14 11
40 63
14 15
90 80
58 16
59 67
78 20
78 39
38 36
10 61
14 44
2 78
82 95
72 8
1 60
97 30
22 87
14 93
75 26
71 3
4 69
74 17
50 34
7 8
54 4
13 11
61 95
87 55
14 81
24 12
81 37
43 38
41 6
57 82
63 96
60 92
71 90
58 42
53 90
23 84
65 39
3 95
14 77
15 6
96 78
3 24
61 2
49 41
67 32
22 32
55 97
60 54
80 94
14 53
46 7
15 89
62 26
14 98
98 12
24 21
90 64
31 23
30 79
95 37
49 27
56 34
5 66
44 88
19 78
63 46
98 67
75 53
30 67
89 34
92 49
89 48
85 96
73 85
87 46
60 21
94 13
93 54
56 37
31 43
67 34
36 31
89 39
77 93
4 20
77 6
2 74
0 95
39 13
9 58
80 64
34 80
63 93
33 28
82 84
57 71
6 27
5 56
63 84
37 5
90 78
34 65
94 42
61 67
93 70
47 66
71 48
30 95
38 53
89 67
56 57
67 84
98 66
55 73
66 17
8 48
50 89
13 94
51 47
88 57
91 67
28 79
64 94
88 76
23 21
27 54
43 10
82 19
8 84
11 1
26 37
91 38
53 52
65 82
80 24
88 2
82 86
75 75
31 68
57 44
92 55
51 50
89 17
68 80
58 53
68 84
58 65
48 24
84 41
77 32
19 72
56 54
71 54
64 18
86 5
64 77
42 8
65 44
9 84
94 2
11 53
27 53
30 7
44 28
60 49
21 30
77 9
48 45
62 46
13 79
8 26
9 70
89 10
83 29
70 25
69 94
35 77
5 25
49 3
93 5
8 14
74 8
40 95
74 81
88 18
24 14
33 73
5 29
10 44
79 56
93 96
0 76
65 23
15 91
79 49
1 81
95 1
73 76
94 8
25 55
79 6
28 11
93 14
22 53
91 82
58 13
79 22
28 75
29 24
19 9
14 58
79 46
40 90
83 5
56 96
24 52
55 13
40 32
75 73
78 41
9 81
28 94
33 51
16 20
83 40
71 17
35 89
59 76
75 76
83 87
70 80
50 7
56 86
71 65
86 88
16 9
35 37
24 61
26 57
91 48
33 47
76 2
X
60 62
44 65
20 73
74 85
81 93
72 33
61 44
74 51
84 44
24 33
79 93
82 83
93 49
56 59
37 63
72 25
89 98
88 88
75 62
70 91
87 2
25 74
90 29
94 93
55 76
90 60
48 7
11 65
77 36
98 24
74 57
37 40
35 51
19 17
21 72
74 18
57 93
X
69 72
88 66
3 82
91 95
39 68
23 67
20 33
37 49
42 47
4 53
51 46
45 9
9 87
5 41
13 32
77 73
35 33
52 72
18 42
37 39
95 48
2 82
12 17
91 81
38 84
56 49
48 51
14 39
65 96
64 14
39 51
53 28
84 61
33 82
87 77
78 88
69 33
20 30
15 11
19 3
91 30
46 52
46 81
31 69
27 63
96 1
57 61
22 76
74 30
87 84
24 19
68 18
75 33
31 72
X
32 66
78 44
78 48
49 32
72 47
12 54
4 79
49 6
58 88
64 93
12 28
64 86
57 75
79 19
76 14
54 56
15 17
52 16
89 75
82 23
68 94
91 96
41 70
0 35
65 10
52 65
91 56
57 14
30 62
60 45
74 89
28 48
40 79
75 77
39 52
57 47
37 9
91 92
47 21
18 41
59 96
57 72
49 25
82 21
59 61
1 17
89 3
68 82
53 87
45 24
41 23
2 51
56 43
82 73
50 62
83 84
86 38
11 34
81 4
59 35
53 49
43 94
46 46
93 68
41 11
35 69
31 31
96 5
13 55
55 51
64 5
39 43
35 90
57 48
16 5
12 72
13 86
95 33
74 86
77 45
16 10
10 81
39 23
44 27
47 56
52 8
23 11
3 92
70 10
24 50
61 64
39 64
69 3
52 24
47 52
77 26
51 69
81 19
46 66
98 9
74 48
88 45
91 34
2 10
11 17
81 48
2 80
17 73
56 36
34 33
31 95
39 56
6 86
68 91
54 53
46 2
9 52
46 74
21 24
96 67
80 15
60 30
24 25
52 0
55 9
41 38
47 51
59 46
30 98
83 55
84 27
78 80
28 3
60 61
26 73
23 89
15 58
42 58
34 49
75 90
73 35
86 91
93 25
13 92
20 57
65 46
24 53
55 10
92 15
78 6
37 12
0 4
92 19
1 55
55 14
98 2
75 81
0 29
34 10
42 77
80 84
28 87
42 52
50 45
39 92
72 3
96 21
0 88
95 84
2 4
56 46
74 58
76 10
46 21
45 45
81 47
67 79
54 52
60 84
69 16
39 69
23 88
56 72
60 16
9 12
70 17
46 77
25 89
93 59
85 32
6 50
38 6
10 51
17 61
92 33
14 14
58 78
34 16
40 65
9 11
84 12
67 2
26 89
22 27
29 46
53 40
4 26
50 70
90 31
19 4
54 77
1 64
72 79
80 93
18 31
41 60
25 32
54 87
27 57
48 80
87 39
70 59
86 66
84 87
27 37
7 38
94 12
71 91
29 16
83 20
26 8
20 12
25 95
34 11
53 96
85 15
61 14
59 23
56 90
61 80
90 15
15 88
40 72
29 77
45 49
95 45
95 35
86 87
80 50
55 25
39 36
16 90
64 26
78 75
80 81
70 77
96 80
23 51
96 51
16 37
55 77
35 1
6 41
73 29
13 72
89 6
26 38
50 32
11 12
0 91
6 51
45 86
66 7
35 98
97 83
15 63
45 1
59 14
62 22
93 75
16 55
91 50
33 37
47 32
52 29
23 12
3 18
24 30
63 58
68 72
4 24
28 37
60 18
23 63
69 50
24 6
76 67
49 13
95 7
8 82
61 75
93 36
56 2
95 90
71 24
91 32
55 85
4 50
87 48
36 59
31 8
20 10
37 64
94 14
79 71
34 79
14 21
51 16
78 51
41 85
17 25
45 55
15 9
23 78
31 71
21 90
90 61
2 20
52 82
83 4
52 20
98 87
81 50
92 62
46 8
66 28
30 78
97 24
60 56
8 6
96 16
80 71
2 29
58 46
45 92
44 6
4 4
94 55
4 13
62 34
77 82
45 81
79 8
56 42
85 59
49 48
83 44
91 62
49 15
46 63
46 78
71 49
25 98
53 94
8 35
67 88
8 12
37 15
33 50
60 15
22 40
46 86
40 62
56 50
2 67
90 87
38 5
68 49
1 63
76 40
76 60
48 34
32 87
X
X
X
X
X
X
X
X
X
X
X
X
X
X
X
X
X
X
X
X
X
X
X
X
X
X
X
X
X
X
X
X
X
X
X
X
X
X
X
X
X
X
X
X
X
X
X
X
X
X
X
X
X
X
X
X
X
X
X
X
X
X
X
X
X
X
X
X
X
X
X
X
X
X
X
X
X
X
X
X
X
X
X
X
X
X
X
X
X
X
X
X
X
X
X
X
X
X
X
X
X
X
X
X
X
X
X
X
X
X
X
X
X
X
X
X
X
X
X
X
X
X
X
X
X
X
X
X
X
X
X
X
X
X
X
X
X
X
X
X
X
X
X
X
X
X
X
X
X
X
X
X
X
X
X
X
X
X
X
X
X
X
X
X
X
X
X
X
X
X
X
X
X
X
X
X
X
X
X
X
X
X
X
X
X
X
X
X
X
X
X
X
X
X
X
X
X
X
X
X
X
X
X
X
X
X
X
X
X
X
X
X
X
X
X
X
X
X
X
X
X
X
X
X
X
X
X
X
X
X
X
X
X
X
X
X
X
X
X
X
X
X
X
X
X
X
X
X
X
X
X
X
X
X
X
X
X
X
X
X
X
X
X
X
X
X
X
X
X
X
X
X
X
X
X
X
X
X
X
X
X
X
X
X
X
X
X
X
X
X
X
X
X
X
X
X
X
X
X
X
X
X
X
X
X
X
X
X
X
X
X
X
X
X
X
X
X
X
X
X
X
X
X
X
X
X
X
X
X
X
X
X
X
X
X
X
X
X
X
X
X
X
X
X
X
X
X
X
X
X
X
X
X
X
X
X
X
X
X
X
X
X
X
X
X
X
X
X
X
X
X
X
X
X
X
X
X
X
X
X
X
X
X
X
X
X
X
X
X
X
X
X
X
X
X
X
X
X
X
X
X
X
X
X
X
X
X
X
X
X
X
X
X
X
X
X
X
X
X
X
X
X
X
X
X
X
X
X
X
X
X
X
X
X
X
X
X
X
X
X
X
X
X
X
X
X
X
X
X
X
X
X
X
X
X
X
X
X
X
X
X
X
X
X
X
X
X
X
X
X
X
X
X
X
X
X
X
X
X
X
X
X
X
X
X
X
X
X
X
X
X
X
X
X
X
X
X
X
X
X
X
X
X
X
X
X
X
X
X
X
X
X
X
X
X
X
X
X
X
X
X
X
X
X
X
X
X
X
X
X
X
X
X
X
X
X
X
X
X
X
X
X
X
X
X
X
X
X
X
X
X
X
X
X
X
X
X
X
X
X
X
X
X
X
X
X
X
X
X
X
X
X
X
X
X
X
X
X
X
X
X
X
X
X
X
X
X
X
X
X
X
X
X
X
X
X
X
X
X
X
X
X
X
X
X
X
X
X
X
X
X
X
X
X
X
X
X
X
X
X
X
X
X
X
X
X
X
X
X
X
X
X
X
X
X
X
X
X
X
X
X
X
X
X
X
X
X
X
X
X
X
X
X
X
X
X
X
X
X
X
X
X
X
X
X
X
X
X
X
X
X
X
X
X
X
X
X
X
X
X
X
X
X
X
X
X
X
X
X
X
X
X
X
X
X
X
X
X
X
X
X
X
X
X
X
X
X
X
X
X
X
X
X
X
X
X
X
X
X
X
X
X
X
X
X
X
X
X
X
X
X
X
X
X
X
X
X
X
X
X
X
X
X
X
X
X
X
X
X
X
X
X
X
X
X
X
X
X
X
X
X
X
X
X
X
X
X
X
X
X
X
X
X
X
X
X
X
X
X
X
X
X
X
X
X
X
X
X
X
X
X
X
X
X
X
X
X
X
X
X
X
X
X
X
X
X
X
X
X
X
X
X
X
X
X
X
X
X
X
X
X
X
X
X
X
X
X
X
X
X
X
X
X
X
X
X
X
X
X
X
X
X
X
X
X
X
X
X
X
X
X
X
X
X
X
X
X
X
X
X
X
X
X
X
X
X
X
X
X
X
X
X
X
X
X
X
X
X
X
X
X
X
X
X
X
X
X
X
X
X
X
X
X
X
X
X
X
X
X
X
X
X
X
X
X
X
X
X
X
X
X
X
X
X
X
X
X
X
X
X
X
X
X
X
X
X
X
X
X
X
X
X
X
X
X
X
X
X
X
X
X
X
X
X
X
X
X
X
X
X
X
X
X
X
X
X
X
X
X
X
X
X
X
X
X
X
X
X
X
X
X
X
X
X
X
X
X
X
X
X
X
X
X
X
X
X
X
X
X
X
X
X
X
X
X
X
X
X
X
X
X
X
X
X
X
X
X
X
X
X
X
X
X
X
X
X
X
X
X
X
X
X
X
X
X
X
X
X
X
X
X
X
X
X
X
X
X
X
X
X
X
X
X
X
X
X
X
X
X
X
X
X
X
X
X
X
X
X
X
X
X
X
X
X
X
X
X
X
X
X
X
X
X
X
X
X
X
X
X
X
X
X
X
X
X
X
X
X
X
X
X
X
X
X
X
X
X
X
X
X
X
X
X
X
X
X
X
X
X
X
X
X
X
X
X
X
X
X
X
X
X
X
X
X
X
X
X
X
X
X
X
X
X
X
X
X
X
X
X
X
X
X
X
X
X
X
X
X
X
X
X
X
X
X
X
X
X
X
X
X
X
X
X
X
X
X
X
X
X
X
X
X
X
X
X
X
X
X
X
X
X
X
X
X
X
X
X
X
X
X
X
X
X
X
X
X
X
X
X
X
X
X
X
X
X
X
X