92 33
13 57
81 13
57 75
83 63
74 33
19 23
80 76
69 6
78 57
66 6
13 95
39 44
17 28
21 69
1 44
42 50
57 73
95 74
50 5
26 63
21 33
47 34
42 64
62 44
15 44
78 94
94 15
28 28
84 56
48 30
32 94
45 23
16 15
16 48
10 67
94 81
68 81
59 20
35 74
63 10
21 57
28 75
5 5
95 35
14 87
41 22
31 21
46 56
41 65
30 90
11 21
56 51
49 10
90 81
97 30
93 33
67 44
48 10
52 5
73 18
43 65
71 28
32 6
12 37
20 49
16 54
31 66
73 79
0 94
65 17
16 18
37 90
68 31
40 50
23 86
12 48
11 25
60 32
74 30
32 24
68 92
49 43
78 71
8 45
38 95
43 93
6 41
11 54
36 78
81 48
1 20
72 7
85 13
33 85
50 16
10 52
63 4
9 1
6 22
76 42
64 79
35 38
3 97
60 79
80 62
48 74
46 7
51 84
24 24
80 66
12 79
70 59
75 55
21 81
47 15
62 86
75 39
60 81
93 5
4 54
18 84
21 86
56 92
76 7
80 9
24 70
28 61
17 82
47 0
20 37
91 43
76 75
41 59
45 19
5 16
35 11
84 68
44 72
43 41
82 84
6 81
97 16
23 7
23 34
11 88
10 98
37 68
27 33
97 69
30 37
83 96
31 91
6 87
71 54
44 29
73 85
74 58
62 67
7 93
43 22
98 66
94 78
88 7
22 75
42 24
11 0
73 74
26 17
77 16
78 67
8 72
5 29
19 7
59 57
76 40
73 86
66 2
69 84
92 25
81 47
95 23
80 27
52 38
13 78
53 82
68 44
44 63
34 98
24 6
81 73
48 16
81 17
54 73
88 65
67 30
3 94
14 9
75 22
65 4
33 95
65 15
76 74
46 47
83 61
87 8
43 91
65 69
54 6
27 4
43 54
50 6
11 27
15 8
30 7
11 79
55 80
96 68
8 81
76 72
82 70
65 58
92 53
30 66
32 68
25 60
69 95
60 94
19 33
21 19
67 27
80 45
44 68
5 14
33 97
43 75
77 59
97 48
33 58
43 34
21 49
8 84
56 54
51 73
37 54
11 26
67 6
94 22
50 87
87 41
52 29
59 7
83 53
72 62
80 44
36 85
7 13
90 53
87 75
59 37
39 91
39 90
42 15
76 8
20 53
67 42
91 24
6 53
93 73
53 40
7 56
38 12
96 0
63 47
33 65
90 62
40 15
8 15
67 5
97 8
82 7
67 57
24 73
96 3
5 93
52 30
89 94
59 92
19 74
62 85
50 30
16 7
1 37
81 50
23 19
86 85
23 62
28 4
98 18
42 42
27 44
75 53
80 56
81 94
66 82
43 94
78 44
55 50
55 2
40 86
8 43
66 49
9 9
23 32
17 41
34 90
55 21
24 34
24 71
44 49
15 26
57 24
97 31
87 80
62 25
42 57
44 56
47 97
36 45
80 61
80 32
15 86
55 96
40 3
56 97
94 20
30 21
25 64
76 51
47 7
45 63
18 44
87 25
20 43
81 93
74 57
58 41
3 53
78 46
77 52
87 95
23 20
24 69
60 28
65 91
53 58
73 37
64 11
14 26
70 21
58 63
97 13
76 21
29 76
46 81
93 32
66 58
16 22
39 26
39 54
94 84
70 12
89 98
96 37
28 50
35 37
40 68
64 78
28 16
73 84
64 87
36 41
0 81
57 79
21 14
29 63
13 1
12 98
52 14
11 49
34 33
55 63
17 45
64 7
88 83
42 41
75 50
76 41
90 49
95 51
62 90
83 95
56 68
24 97
26 35
26 34
59 83
65 0
10 61
32 66
12 7
97 17
9 80
9 67
82 49
13 34
57 60
38 22
59 49
32 87
52 40
75 77
92 58
85 73
61 28
13 76
54 4
11 5
3 96
8 71
48 33
94 94
60 26
92 39
71 90
77 53
7 97
27 60
76 0
54 74
50 55
18 1
63 95
64 19
62 41
79 21
89 3
56 2
45 22
27 47
76 61
47 4
89 44
19 22
90 96
30 43
58 17
15 43
58 76
89 66
56 18
19 10
59 52
80 77
11 62
17 11
88 6
73 4
21 8
83 55
50 24
72 68
81 61
9 46
4 66
41 48
94 10
6 48
61 14
51 47
69 2
68 21
71 46
51 55
31 4
9 43
2 66
18 32
2 48
0 92
91 60
17 61
39 42
44 88
90 88
2 29
26 5
67 72
62 94
90 60
27 71
22 98
67 70
59 15
55 97
73 35
61 26
55 93
86 96
94 5
1 64
26 60
33 47
43 25
32 85
70 11
91 69
78 77
50 80
8 23
24 40
6 16
62 66
72 55
39 92
60 73
53 66
28 46
52 34
64 61
21 38
6 9
95 79
42 46
51 20
25 34
9 58
28 8
59 35
23 78
13 71
44 24
10 68
34 76
85 92
8 49
18 66
74 26
37 75
79 47
64 80
84 12
41 38
91 47
77 86
40 63
17 74
12 47
53 53
9 52
33 17
52 23
6 38
44 80
23 91
73 49
53 56
44 53
65 21
27 5
23 48
63 1
67 85
64 5
35 25
15 48
55 31
7 45
52 77
64 94
4 84
32 84
90 40
75 62
54 92
71 50
27 95
35 32
82 57
32 30
35 59
62 33
68 80
3 9
87 40
45 33
79 43
1 6
27 63
93 49
11 86
88 24
86 15
40 27
54 26
78 53
95 39
29 94
76 11
50 37
35 51
36 81
60 84
13 80
34 34
29 29
74 20
79 49
5 25
68 95
41 49
34 2
44 73
90 58
15 28
92 20
48 48
84 16
91 59
14 38
81 92
40 19
8 67
20 79
77 60
41 12
64 86
65 75
42 73
2 51
16 10
40 79
66 20
21 68
77 96
83 8
82 33
40 16
45 90
45 54
7 5
68 84
55 10
21 13
83 36
33 28
24 91
94 14
59 1
72 49
74 39
90 1
84 53
23 12
35 12
28 78
4 22
76 67
79 69
33 84
33 20
89 18
91 49
85 4
62 95
62 47
18 39
2 96
91 33
30 27
66 88
77 82
27 14
80 22
47 50
36 14
74 52
78 54
22 20
33 14
60 68
62 58
0 83
62 91
2 57
46 37
36 77
23 29
79 82
98 17
9 82
42 16
66 38
70 13
21 31
80 34
80 74
62 84
66 60
79 73
34 56
73 41
61 98
79 33
12 25
34 45
66 30
68 40
12 81
66 83
46 38
16 42
70 76
60 35
75 52
58 2
58 39
3 72
74 73
49 38
38 72
34 5
60 60
90 68
8 19
31 31
50 81
36 39
66 41
84 96
25 96
4 93
71 32
98 2
24 57
75 65
45 35
70 26
51 17
44 52
87 21
67 82
70 96
86 5
29 48
1 74
73 43
38 65
55 72
65 48
1 95
89 34
16 30
82 98
61 39
78 61
54 57
16 63
0 80
7 4
27 48
90 29
23 1
60 7
26 10
32 90
56 93
91 84
76 71
46 88
28 17
23 69
31 69
59 39
18 31
32 77
71 65
5 92
63 77
22 25
69 61
82 13
91 23
13 19
64 6
85 66
61 45
43 4
62 14
60 67
71 35
81 42
47 53
11 1
88 8
67 61
22 5
46 62
37 36
6 51
52 1
93 53
55 11
41 9
50 25
34 65
79 29
25 13
31 87
73 87
14 10
88 68
10 39
3 10
23 92
75 15
96 7
5 7
69 16
48 32
15 33
23 67
14 18
38 64
73 81
41 47
96 74
82 93
47 16
94 32
83 58
14 45
43 86
39 58
35 94
16 39
18 98
19 86
28 95
17 76
61 50
29 78
29 44
68 6
59 48
53 87
58 55
28 20
96 45
67 79
28 85
23 30
53 6
52 22
19 2
32 97
53 71
81 45
75 46
11 98
8 82
41 45
83 40
65 46
98 80
83 73
44 1
48 64
28 96
24 86
5 95
37 71
61 21
81 31
13 53
76 87
83 23
71 38
53 18
16 92
17 40
97 4
3 20
83 79
9 98
85 52
62 98
20 48
41 19
52 37
70 25
22 27
72 3
64 10
33 24
63 73
92 75
59 0
98 89
56 9
28 94
18 17
55 55
76 94
23 8
23 73
0 12
57 9
51 91
98 76
59 65
25 36
41 60
4 30
47 59
98 9
20 45
80 95
81 66
95 1
56 4
20 39
87 67
25 95
25 89
74 18
43 51
57 42
61 2
1 22
39 14
64 66
80 94
69 48
65 33
83 65
35 92
69 90
15 91
91 80
17 34
10 62
71 47
7 86
81 62
40 10
3 42
50 26
20 96
85 80
19 30
51 19
37 91
84 7
23 28
84 88
67 55
76 16
49 71
96 29
50 96
12 6
57 59
51 69
53 96
62 79
81 70
58 3
9 57
71 70
74 16
49 81
84 59
72 33
31 43
34 80
3 51
73 10
84 87
33 22
51 38
47 82
91 97
62 32
80 39
30 1
94 57
97 22
16 11
48 6
12 78
14 96
79 48
38 56
81 87
39 49
57 55
66 35
3 57
95 17
29 69
1 42
24 90
34 82
92 15
77 68
19 45
32 75
7 19
24 12
58 91
26 72
52 49
53 11
12 9
90 3
32 72
31 39
68 23
27 26
82 87
13 2
65 32
64 14
76 91
11 56
73 75
19 15
69 35
69 62
74 93
52 57
44 76
55 48
3 27
83 44
6 93
37 60
23 83
59 61
20 14
0 72
19 4
31 3
82 94
81 96
57 72
12 19
82 8
81 68
23 58
72 90
37 84
38 76
1 87
53 63
34 3
39 51
70 98
16 87
5 40
77 34
54 85
77 93
51 56
31 36
89 4
44 25
73 54
73 66
39 13
49 3
69 30
43 56
75 35
74 96
60 72
84 58
44 19
97 9
82 9
40 49
58 82
87 53
16 49
81 3
19 36
86 64
28 77
41 85
32 23
77 74
53 21
40 40
59 56
76 23
58 53
6 40
76 65
37 5
86 4
89 88
42 49
50 13
45 55
49 54
80 59
55 81
17 30
17 15
90 97
33 50
13 96
34 21
9 97
80 50
20 46
31 85
93 30
38 35
93 64
85 22
58 22
93 13
84 97
86 12
19 50
27 59
84 54
16 3
94 45
61 68
64 20
16 58
18 38
22 79
68 18
48 36
41 24
60 12
25 73
42 66
77 90
55 16
44 69
80 20
40 5
80 52
29 25
70 68
74 61
50 52
23 84
24 55
94 23
33 98
9 86
43 11
72 58
71 23
19 8
35 62
82 10
43 23
90 56
26 81
36 36
39 3
56 36
70 28
39 36
9 17
14 88
66 26
45 13
49 50
76 34
46 34
72 43
82 68
60 36
79 9
41 15
33 73
33 45
23 82
19 11
61 90
41 74
83 90
81 65
35 88
11 45
97 80
1 30
37 15
64 12
12 53
56 7
33 9
2 71
74 4
65 22
7 36
12 54
85 53
79 68
37 14
35 41
81 76
38 46
95 81
0 55
54 16
98 73
42 45
52 55
21 12
56 37
20 19
13 97
94 42
10 18
27 45
89 76
77 6
45 78
23 25
62 96
23 41
40 25
83 11
77 30
74 95
35 82
20 27
14 33
97 91
18 7
40 98
20 74
85 37
13 38
18 72
23 11
59 72
43 89
47 83
7 48
35 44
46 29
37 46
49 15
12 12
32 44
40 97
71 39
2 8
97 18
88 43
97 21
69 82
94 90
30 68
95 95
61 57
77 64
65 47
45 64
38 5
83 26
10 3
38 31
3 95
12 5
40 52
13 70
22 84
43 46
24 17
87 87
70 82
32 80
47 43
0 73
47 79
63 64
79 80
54 47
84 15
20 76
85 8
15 63
52 78
13 33
32 48
43 76
69 41
40 22
90 77
31 65
39 79
63 49
0 54
20 72
24 52
22 39
96 16
63 36
47 28
81 20
79 17
90 89
78 81
53 90
43 53
3 5
63 69
19 97
36 89
9 79
75 44
16 74
17 20
79 15
64 84
37 9
42 98
14 43
27 54
4 13
73 69
51 49
7 38
5 84
52 25
70 17
27 8
87 22
58 10
81 60
37 37
41 89
88 93
27 70
33 59
58 66
15 5
93 42
14 55
77 87
88 25
8 21
83 82
80 46
16 79
71 49
82 48
56 96
49 25
79 76
60 93
92 11
90 37
41 46
57 89
16 19
30 87
9 51
68 9
77 85
5 83
17 9
46 27
34 9
59 74
75 48
55 22
11 6
92 70
69 55
38 73
4 12
11 80
51 34
95 80
55 85
5 44
6 32
0 41
54 81
40 9
56 23
22 82
7 84
2 93
68 85
18 85
82 54
43 57
45 46
97 49
11 40
92 19
81 33
87 65
47 78
8 75
26 69
52 63
20 21
46 39
89 24
54 12
67 25
76 25
77 39
94 8
92 89
13 17
72 85
90 79
91 61
90 14
19 20
49 16
87 55
6 54
18 19
25 11
30 62
50 78
16 24
37 4
61 58
71 89
12 22
38 36
9 29
82 60
46 0
64 71
98 26
79 20
91 76
1 16
37 53
80 42
87 7
26 91
83 87
87 35
18 83
49 51
87 72
58 26
29 79
6 69
60 34
22 36
49 76
55 91
46 11
26 29
85 9
18 41
20 36
30 5
6 29
87 47
55 6
85 5
90 24
4 69
70 16
48 40
87 39
39 12
73 62
88 78
25 66
26 62
83 91
82 34
55 8
92 47
24 98
96 82
45 89
46 46
60 78
58 36
92 95
20 50
76 64
2 28
67 8
6 42
98 23
0 53
70 66
91 74
90 76
54 54
98 69
2 9
70 88
35 46
44 21
77 10
10 80
46 80
23 70
28 87
79 34
50 90
1 76
32 37
92 60
36 50
17 64
0 97
60 62
56 14
22 33
16 52
44 64
50 71
89 29
33 81
96 14
42 90
8 97
38 96
22 24
60 76
1 27
22 50
54 55
98 58
79 59
53 6
23 6
86 49
25 67
5 64
55 39
47 71
9 28
52 7
83 57
95 3
28 65
67 92
33 79
21 53
45 97
71 29
97 10
62 37
59 46
35 24
87 88
22 52
60 14
78 13
0 30
61 66
46 1
11 61
82 52
45 2
25 28
88 86
74 83
87 26
89 45
7 65
47 55
97 25
23 95
0 71
50 38
37 57
14 32
14 40
41 10
71 77
18 15
70 49
33 93
29 55
63 97
88 54
15 39
41 5
47 37
43 21
34 87
18 54
22 26
53 75
30 2
93 41
66 84
62 15
2 39
31 54
43 74
34 47
49 47
88 2
96 57
85 96
29 80
9 20
25 90
72 78
17 81
28 14
64 9
59 84
92 61
15 24
84 89
85 42
31 23
82 56
67 60
38 71
7 18
45 72
12 38
15 58
63 98
20 33
89 19
22 41
82 53
77 8
13 49
29 23
38 48
16 62
36 12
92 63
26 98
74 6
24 83
10 46
66 11
63 94
96 80
87 31
31 88
24 95
12 83
41 18
78 69
84 39
40 20
87 27
76 2
80 16
46 61
74 12
98 52
62 64
18 42
91 62
50 67
32 82
29 24
51 9
28 89
45 88
92 12
11 18
70 62
75 30
16 36
76 59
22 6
82 85
50 97
38 9
7 57
22 44
4 67
71 57
14 22
41 92
42 91
92 21
12 17
28 56
50 45
57 88
93 36
72 60
69 34
19 54
73 92
93 95
38 8
74 92
48 53
4 92
51 40
56 95
91 87
32 20
16 20
70 4
3 54
93 97
39 64
49 97
42 95
49 45
78 55
88 61
48 52
85 72
7 33
87 43
25 2
4 88
26 28
80 6
47 6
90 4
65 36
17 58
87 46
75 80
21 42
92 53
34 38
43 77
61 67
65 20
76 76
8 8
95 41
47 47
20 10
23 89
28 45
42 35
83 81
37 35
41 40
56 75
8 56
61 46
72 47
0 87
92 65
57 69
39 52
47 66
56 62
83 42
20 6
66 25
67 89
91 82
23 90
17 16
66 78
43 66
44 26
64 17
12 72
31 89
30 50
91 2
18 89
87 15
56 43
2 80
23 47
40 48
23 35
21 91
64 3
48 62
44 75
24 19
7 49
38 86
26 32
38 61
88 35
91 22
46 96
58 46
90 10
8 7
64 37
13 43
53 97
87 78
3 84
17 69
74 66
24 75
19 52
9 26
69 28
74 51
55 65
61 75
20 0
49 53
31 86
90 2
46 48
46 65
25 94
16 45
37 34
70 97
3 64
76 86
68 14
44 36
48 14
11 94
45 66
54 98
22 89
71 44
66 77
87 48
50 15
69 40
72 2
78 68
98 47
77 75
3 21
33 88
8 41
7 20
82 96
28 62
88 76
60 90
80 54
37 7
13 83
22 3
34 26
92 22
21 76
29 73
23 27
54 94
49 74
46 95
90 66
12 27
15 90
26 39
75 74
57 14
60 33
80 48
18 60
1 7
58 97
32 58
74 21
95 82
59 51
79 56
57 61
87 12
35 14
30 94
72 79
84 74
49 56
44 78
75 67
66 21
61 43
39 8
15 97
32 98
84 27
51 74
98 65
14 70
86 78
25 44
19 42
78 74
28 92
55 60
82 83
33 78
44 98
86 27
89 49
3 69
90 94
17 50
40 41
33 71
92 48
25 29
44 67
38 47
17 75
30 20
52 6
2 81
68 17
38 74
77 22
63 71
20 38
15 62
90 30
81 59
94 62
32 45
35 76
29 71
27 28
55 3
89 65
64 57
42 52
85 34
83 20
86 89
84 37
22 85
75 76
55 45
39 50
20 47
1 31
61 10
29 95
39 33
79 41
37 42
17 42
15 87
51 16
55 7
13 0
7 43
91 51
6 30
22 4
17 68
47 5
0 91
95 57
45 47
12 88
78 58
98 31
57 0
39 24
36 6
24 4
70 22
83 2
78 39
9 21
73 28
1 71
10 12
71 3
84 67
13 10
20 15
70 23
32 79
78 75
44 96
13 18
60 45
46 59
59 66
67 78
60 49
4 6
1 2
37 32
92 34
64 69
65 8
56 73
59 78
61 64
53 16
24 35
42 19
7 73
9 63
45 12
67 58
91 16
97 24
37 70
13 42
57 91
88 17
31 93
8 29
95 33
48 72
77 45
16 76
93 65
46 26
10 21
11 20
82 14
94 73
18 78
38 55
50 14
64 4
19 92
91 57
81 95
92 81
60 74
84 36
67 43
54 22
14 6
34 78
74 19
25 56
0 95
18 12
24 51
68 60
90 70
67 4
57 43
35 98
11 85
57 15
72 71
56 89
1 32
27 21
22 12
69 24
76 60
73 73
12 11
26 7
56 24
74 59
44 71
85 40
28 70
65 43
17 83
11 38
75 43
12 50
92 77
20 13
77 7
19 85
83 89
78 18
2 53
87 44
95 67
29 77
41 25
62 56
74 34
29 7
43 27
6 57
21 0
85 10
91 7
17 32
93 25
8 46
50 69
23 53
64 60
75 6
89 74
83 43
90 45
59 27
89 79
12 90
16 40
40 96
79 75
15 23
23 3
54 89
54 3
57 36
60 59
45 8
95 38
39 69
44 30
53 7
4 86
66 89
42 93
73 1
97 70
18 2
55 95
97 44
75 82
47 40
58 23
63 41
71 88
40 21
74 54
82 92
74 35
66 27
72 17
89 32
92 50
11 65
52 91
38 85
94 48
60 55
24 2
34 97
33 90
37 89
46 98
57 74
73 61
64 88
78 49
24 67
76 37
16 38
71 91
92 1
77 91
63 78
2 72
36 62
73 59
39 74
61 22
89 55
66 64
40 44
15 55
60 92
27 38
48 28
67 28
22 19
24 1
7 35
34 24
8 79
8 38
47 12
12 89
53 45
10 14
70 32
68 42
62 83
77 26
46 40
88 45
84 65
38 7
97 53
14 11
95 16
44 95
79 74
78 38
82 71
27 17
52 8
15 96
9 77
77 77
72 14
50 76
64 72
3 43
26 80
91 42
94 65
90 38
85 54
51 48
24 50
5 15
81 14
5 89
35 7
46 22
59 85
55 86
51 71
74 43
25 30
31 72
97 20
1 39
14 57
71 55
11 2
60 10
32 47
72 59
77 54
57 37
24 64
6 26
7 64
10 65
55 51
97 71
90 42
72 66
28 32
95 44
88 87
29 26
78 52
48 75
78 86
76 9
21 67
15 88
70 5
95 12
55 56
13 98
10 6
51 46
31 74
76 3
3 24
98 81
53 57
39 84
0 61
95 4
89 31
88 15
4 57
38 34
25 83
74 31
44 48
24 36
19 48
24 13
32 8
75 25
18 73
71 24
49 89
48 77
66 70
73 47
68 7
43 19
25 52
11 47
65 41
68 90
12 63
3 66
62 49
27 53
20 52
6 70
18 43
54 25
2 61
24 47
31 30
64 16
73 12
97 15
52 19
80 64
21 16
89 40
47 11
70 2
92 67
86 82
25 14
12 46
82 41
57 34
48 34
52 21
0 40
88 81
23 36
74 86
61 62
14 37
98 82
53 68
85 14
54 66
56 82
53 1
6 62
98 87
91 35
29 28
20 26
1 4
31 28
63 72
2 60
8 66
51 89
34 14
91 9
77 76
38 26
55 58
76 20
30 69
1 82
44 55
93 98
72 91
41 7
93 43
37 77
92 69
24 93
22 76
42 96
21 43
98 37
29 25
54 96
83 6
35 72
44 45
63 39
92 87
6 50
89 47
53 19
83 14
62 22
45 32
58 13
70 35
13 91
51 54
54 41
35 4
15 17
35 93
24 66
18 10
1 69
82 36
39 34
91 95
68 82
38 77
20 89
18 65
12 77
69 60
47 54
66 32
2 16
34 84
9 69
51 7
50 88
10 77
32 40
59 19
11 55
9 24
88 1
76 57
73 58
85 35
41 44
38 39
92 9
13 92
39 82
97 32
64 34
94 93
91 88
71 51
7 28
25 84
50 77
45 52
45 87
70 33
85 84
26 14
21 70
50 68
79 35
91 55
16 81
77 51
47 36
37 47
54 60
25 72
61 72
0 36
32 80
3 16
42 23
55 1
77 84
1 90
29 83
69 58
82 35
45 94
77 80
8 30
18 30
53 2
31 68
97 47
30 74
16 12
94 58
28 39
64 89
9 2
22 21
44 90
69 49
32 35
92 93
20 11
78 78
82 6
92 10
86 58
17 52
47 30
74 71
91 45
22 57
3 28
66 43
23 31
10 59
65 59
98 5
3 48
73 93
22 48
25 20
82 88
96 89
50 54
3 52
40 69
67 37
19 12
40 75
61 16
83 62
86 8
52 67
35 48
5 26
55 40
50 79
42 47
63 20
19 19
4 15
82 90
82 59
92 46
55 47
34 20
67 53
76 84
20 28
67 0
52 75
30 95
77 73
80 65
67 63
7 54
71 68
13 90
5 65
41 36
16 9
67 7
91 98
71 62
39 93
81 0
6 85
35 13
49 14
55 14
29 96
90 11
57 53
35 5
2 49
2 6
60 50
2 58
12 4
85 15
22 70
36 93
37 85
2 43
2 50
33 32
17 14
48 59
18 35
63 46
40 35
67 48
26 64
86 34
43 35
83 97
28 49
36 48
87 10
36 33
62 93
11 11
80 17
97 73
89 42
14 76
80 97
29 68
80 71
7 55
9 44
46 24
93 92
34 23
66 39
20 57
96 65
48 55
75 90
76 15
26 9
26 45
12 71
14 5
22 78
60 24
84 9
84 81
19 73
85 97
20 7
78 88
13 73
91 50
37 74
97 6
93 88
82 63
63 51
55 61
68 41
52 68
21 48
22 94
78 34
39 9
75 40
81 52
59 16
91 44
36 40
63 8
69 31
81 24
82 20
58 19
69 83
67 21
25 68
8 78
23 39
89 93
46 6
23 17
44 5
45 38
98 22
45 4
76 1
45 65
66 12
76 66
6 60
88 80
64 28
24 23
44 10
54 18
78 45
15 77
66 36
50 46
53 23
41 97
59 33
18 59
1 96
45 92
92 78
46 57
27 91
38 51
65 23
44 86
35 91
32 33
16 89
15 92
36 56
82 19
58 78
14 82
86 10
90 64
20 44
49 26
29 33
91 91
80 84
88 5
65 71
18 88
91 1
74 29
63 88
63 68
56 25
19 38
76 44
81 56
53 0
68 3
67 49
21 5
55 76
92 52
81 64
76 52
31 80
25 4
30 79
26 73
47 51
63 86
83 83
0 89
14 54
41 57
69 33
23 51
21 84
75 57
17 18
70 27
22 55
90 41
9 7
10 66
24 94
59 62
71 75
60 16
45 73
53 73
7 74
19 43
18 90
58 48
30 38
58 70
79 30
82 67
94 3
79 86
78 16
98 90
80 14
65 63
29 5
55 12
79 42
85 36
63 12
60 70
61 15
4 73
3 23
41 91
0 60
5 41
71 12
4 70
53 72
82 24
86 72
83 9
11 3
79 18
89 52
81 30
27 66
92 96
36 77
46 45
70 14
96 6
94 80
39 43
11 64
70 85
42 27
35 26
1 41
59 59
85 98
93 87
20 77
75 95
43 96
55 82
9 8
82 47
85 27
75 14
40 90
48 71
68 37
89 16
25 53
11 46
4 23
57 16
56 84
30 72
1 11
15 56
84 66
8 20
31 34
48 96
79 31
47 14
6 74
94 74
13 6
53 52
22 51
93 68
7 67
12 23
28 68
60 91
25 75
74 42
89 27
36 34
14 35
49 24
17 24
82 43
41 37
65 89
79 12
51 1
64 64
63 57
16 59
38 20
63 89
22 23
38 21
90 32
91 19
16 61
33 77
33 36
74 8
10 0
52 4
60 23
13 26
63 18
57 20
58 1
55 34
47 38
54 63
44 46
53 94
63 75
29 81
47 65
61 6
28 31
70 24
86 50
61 54
10 8
80 93
30 85
48 42
74 10
24 20
55 24
91 18
79 36
78 87
47 9
9 87
74 17
92 17
94 41
11 35
23 93
78 63
48 83
98 29
4 21
40 28
32 86
65 88
13 87
64 62
25 37
93 63
21 15
63 56
21 50
86 32
25 88
52 20
49 49
53 20
33 55
42 77
71 69
57 51
72 81
36 54
73 60
28 34
11 19
44 38
43 67
81 77
42 87
57 70
20 18
54 32
71 97
40 55
55 46
28 71
46 67
6 25
97 12
74 65
21 79
46 58
46 44
55 74
79 32
63 60
13 27
98 55
52 0
39 66
23 24
47 22
26 57
60 30
78 56
30 47
52 50
34 92
42 25
8 69
96 4
23 2
79 6
33 35
69 97
38 14
78 23
26 3
54 46
92 45
26 82
81 27
68 45
57 62
97 82
15 14
45 81
55 62
61 76
39 4
25 6
48 27
51 93
11 12
39 6
5 91
29 18
81 84
8 10
66 91
16 75
0 45
22 45
35 9
54 77
58 42
65 35
23 10
58 95
4 87
4 76
64 59
23 96
66 98
75 13
41 23
86 63
91 94
46 20
80 60
91 26
60 5
64 49
25 35
65 19
25 32
95 53
48 35
50 53
90 18
90 61
43 38
20 40
64 26
83 60
29 66
37 26
63 0
92 2
50 65
6 5
3 60
50 73
41 63
26 59
93 54
38 90
51 97
56 8
85 26
88 92
49 98
80 88
81 89
74 50
92 13
48 22
76 29
38 67
37 61
35 47
66 17
96 23
86 79
44 18
48 66
55 15
45 20
58 81
73 65
83 45
74 38
96 42
17 43
53 44
41 77
23 88
57 57
20 73
98 20
33 31
96 92
82 18
66 3
45 34
52 24
59 77
78 12
31 27
3 73
89 37
79 71
79 83
35 2
2 56
58 75
82 69
10 1
34 19
77 50
77 83
25 69
28 37
1 21
84 38
69 94
88 79
71 21
60 25
91 96
83 37
1 63
19 32
14 92
33 4
27 7
0 18
1 15
70 15
63 44
13 44
50 42
38 82
60 39
52 18
53 91
39 97
41 4
87 36
35 19
56 41
80 37
66 69
35 50
40 72
47 24
18 9
50 41
4 8
82 31
64 97
64 70
71 11
29 70
14 91
56 79
56 91
60 31
96 66
42 54
80 63
18 40
38 43
58 89
85 76
5 4
62 75
27 50
63 31
1 46
45 30
47 96
36 10
89 10
53 22
81 23
27 92
86 86
22 56
17 4
55 33
49 32
86 90
22 9
49 7
6 94
80 4
91 53
0 16
78 6
43 98
91 89
66 1
52 51
98 77
18 49
50 66
29 74
9 71
8 52
62 26
18 23
11 14
51 66
47 45
96 73
36 55
62 77
45 91
43 68
7 15
31 63
60 15
10 72
39 55
49 69
59 58
68 94
41 56
40 34
81 4
46 78
48 25
18 20
53 50
69 43
19 34
2 11
63 76
70 79
42 8
70 63
94 72
63 21
5 82
55 17
48 2
2 73
11 50
39 41
71 9
38 42
79 45
1 72
43 36
52 61
22 86
9 66
90 9
83 70
97 58
97 23
60 75
77 46
79 28
35 3
41 41
68 5
0 79
66 85
16 68
29 49
49 63
2 20
6 15
59 69
3 93
56 89
72 6
73 72
18 45
13 45
65 96
18 24
22 42
10 86
25 59
75 26
63 14
7 40
98 67
83 24
67 34
51 68
93 3
75 85
35 20
72 54
29 57
31 37
60 19
45 70
10 75
71 73
58 50
74 14
94 36
60 71
10 84
71 14
4 27
96 12
72 34
52 3
91 92
6 58
67 11
2 78
27 23
8 31
25 5
95 64
34 4
64 65
65 57
11 17
91 68
76 48
18 74
49 52
84 11
22 7
13 35
96 52
57 98
76 47
74 15
92 88
77 58
93 94
14 48
89 69
12 24
57 50
95 98
61 86
28 66
6 86
37 79
93 77
59 12
22 30
44 40
24 30
25 24
90 43
12 57
34 94
1 98
44 47
84 3
24 14
31 45
58 67
2 98
74 3
89 5
94 87
77 17
76 50
25 33
22 31
34 13
88 50
8 16
75 51
31 24
86 38
29 59
68 89
5 94
27 37
65 66
58 79
5 80
29 22
13 37
1 45
67 24
66 4
36 86
41 93
24 25
27 35
60 80
53 30
93 15
47 69
96 40
44 8
25 57
44 81
30 86
37 95
34 8
13 24
68 91
70 72
54 78
74 7
2 74
25 97
75 10
80 69
20 32
79 94
89 68
41 64
95 46
28 63
26 89
17 59
57 92
85 85
94 69
61 44
24 87
84 83
93 48
70 3
25 3
58 0
77 20
54 19
70 54
32 32
93 21
42 48
95 92
54 41
51 30
16 6
73 56
30 39
65 29
76 19
98 12
73 53
19 76
55 73
80 83
30 96
94 1
57 87
53 81
60 42
8 98
52 70
62 12
3 15
54 59
51 2
11 59
68 55
54 48
57 64
96 98
93 61
89 6
10 2
38 93
83 52
5 19
62 46
93 17
80 31
64 93
81 19
73 3
94 47
69 27
27 27
84 29
2 42
71 66
25 98
1 78
13 82
44 54
93 7
2 18
28 59
24 88
82 50
29 98
8 27
57 65
5 53
94 59
4 26
79 77
6 23
0 76
31 35
86 43
0 88
39 39
96 72
62 39
93 18
9 70
11 8
15 98
81 75
19 51
89 70
31 29
89 43
57 35
33 3
95 48
40 87
13 75
48 68
58 12
80 36
10 44
36 26
32 69
6 55
17 23
51 92
85 21
42 72
39 15
95 37
70 65
56 20
47 70
21 98
37 24
38 58
32 7
47 2
26 4
12 55
63 59
5 56
80 89
11 9
32 65
41 13
46 49
56 66
14 93
48 7
86 57
42 12
21 23
79 27
57 23
3 92
6 84
71 13
10 10
59 75
78 37
43 5
33 25
86 75
85 32
92 18
3 88
12 87
37 11
78 80
49 17
41 21
39 83
39 61
96 5
33 92
71 10
53 78
35 84
83 85
0 72
82 73
80 67
90 26
25 54
59 3
59 14
6 18
2 79
68 58
23 56
18 81
88 98
87 0
67 35
85 90
84 35
48 61
28 54
86 87
22 15
88 44
65 76
94 46
10 16
30 67
83 78
54 53
7 82
60 53
34 46
12 97
41 31
64 53
15 18
5 43
26 15
48 46
2 30
84 8
35 21
30 6
15 27
38 75
82 15
52 15
39 57
56 15
80 15
26 53
21 96
63 84
54 61
78 19
54 65
46 79
23 60
73 50
24 70
29 32
15 7
29 54
9 30
72 77
83 67
13 32
27 56
3 68
80 38
97 14
97 54
38 50
27 13
92 57
95 5
82 91
46 91
34 18
17 37
81 63
24 21
28 60
49 29
86 84
86 28
47 60
65 16
36 11
32 29
93 83
48 11
91 21
60 6
96 38
75 89
10 9
94 13
24 59
88 57
45 9
78 15
58 65
72 84
93 82
71 7
64 38
61 55
2 52
76 95
26 8
46 74
32 9
54 43
45 95
49 70
76 93
92 54
86 66
57 27
15 40
1 40
97 81
84 4
85 82
37 87
69 51
8 9
92 85
49 39
73 11
71 80
66 62
15 34
89 95
40 91
37 49
43 12
81 44
92 32
89 35
7 8
39 89
33 80
65 14
15 89
49 27
57 94
71 48
44 27
57 95
80 3
74 81
9 96
33 44
56 1
24 41
6 59
35 45
65 1
79 67
82 66
25 25
73 22
74 75
85 78
56 12
86 3
83 35
72 61
9 73
55 75
76 53
68 88
64 52
12 42
34 12
82 65
3 49
74 11
36 46
6 3
15 93
82 5
31 33
56 49
12 80
47 33
90 78
66 92
36 69
19 47
70 86
28 5
87 59
58 77
35 60
8 26
83 76
92 66
92 44
15 46
6 92
9 94
11 68
11 95
69 78
82 4
33 34
70 44
68 83
41 52
62 13
54 95
62 28
84 5
93 45
87 77
15 95
38 69
67 91
42 67
60 77
70 50
59 91
57 56
50 32
25 72
25 71
7 16
45 37
59 45
38 25
91 70
37 58
1 75
20 31
25 91
42 33
40 61
10 17
34 39
62 74
18 16
35 83
15 35
14 90
63 3
17 78
79 51
39 32
15 21
63 80
67 88
61 61
1 17
89 2
48 56
6 7
50 31
6 27
90 87
0 75
15 12
24 29
48 70
65 78
93 66
93 75
18 82
12 41
27 57
46 73
96 90
1 81
27 11
5 30
76 77
76 14
92 79
30 98
77 35
67 81
22 0
80 73
24 79
95 59
90 31
4 20
26 95
91 63
85 89
0 4
36 44
80 8
62 92
27 55
25 55
80 75
66 61
79 58
71 93
67 2
88 66
44 79
19 40
95 14
29 17
49 5
74 90
1 3
40 85
80 24
77 32
89 30
60 2
71 58
50 40
81 41
70 43
62 62
30 1
37 93
88 67
25 7
73 24
32 89
51 0
75 19
95 97
17 60
62 53
92 90
4 16
2 69
6 63
33 2
87 66
87 54
57 66
75 38
30 4
56 45
52 89
50 72
20 92
58 25
19 44
14 94
98 10
40 31
30 12
52 84
20 66
16 31
83 5
17 51
66 14
51 76
47 81
21 82
49 80
93 1
94 76
17 7
56 6
1 61
20 81
37 65
23 54
3 29
57 29
22 96
20 90
6 56
80 35
50 83
64 32
59 4
34 30
62 52
70 78
21 25
78 32
40 51
88 32
67 20
26 55
68 35
43 1
86 35
26 41
39 20
63 2
81 8
84 26
72 56
65 98
28 72
36 49
86 37
28 35
17 67
79 22
84 23
87 9
47 32
4 97
60 3
21 92
96 19
82 80
71 74
24 84
1 18
6 6
34 83
2 12
31 77
19 49
23 94
64 22
81 58
6 82
46 21
46 54
9 74
46 69
68 57
2 95
14 83
77 88
62 42
69 10
65 6
35 6
8 51
89 78
52 17
16 32
90 7
71 45
62 54
39 21
45 1
33 96
67 80
56 70
59 76
49 46
57 81
19 39
47 27
85 79
91 38
63 6
37 13
28 7
52 53
26 25
62 76
40 23
53 3
68 56
94 77
31 22
7 41
93 12
38 79
74 72
53 49
11 53
55 68
54 8
85 91
37 92
10 45
57 90
84 55
36 94
65 83
36 95
17 22
27 96
59 95
68 27
22 77
26 70
46 86
15 82
88 40
83 40
52 65
39 60
86 25
32 67
39 25
74 70
95 52
55 29
54 90
86 1
91 29
48 63
40 82
87 11
70 42
85 3
79 39
11 37
28 48
42 18
50 82
81 18
81 69
42 88
47 56
85 12
51 45
46 53
38 2
45 29
5 46
37 31
95 68
14 77
22 10
32 5
77 47
29 50
7 91
6 89
93 67
13 13
22 60
39 10
33 6
64 39
16 14
46 50
41 53
85 51
92 82
31 96
62 27
93 93
4 83
37 12
64 0
51 67
35 77
51 8
2 14
12 82
56 35
75 59
75 45
20 23
88 95
28 30
51 28
76 13
74 69
90 48
10 54
14 89
8 22
38 98
48 60
13 79
0 82
86 26
24 16
32 4
41 90
42 71
57 82
31 71
63 85
42 89
79 95
1 91
85 38
88 59
70 80
41 70
42 82
80 55
6 19
77 21
25 61
82 74
56 44
92 7
10 30
95 45
24 85
36 75
39 45
22 81
30 70
63 11
89 26
97 74
60 66
93 14
15 53
82 95
58 37
97 26
93 70
50 2
17 35
65 77
92 84
55 90
17 62
65 42
9 18
38 13
70 31
5 52
16 21
56 3
27 16
69 3
5 67
52 39
33 27
7 34
10 55
54 97
24 44
20 80
59 42
1 28
77 29
51 36
43 18
62 97
33 39
61 7
1 23
96 58
34 50
38 92
8 48
72 29
5 39
35 30
53 65
27 49
49 83
92 43
21 45
60 11
57 47
63 37
96 54
2 4
58 4
57 52
7 59
9 78
61 4
78 82
88 4
57 80
12 68
29 72
82 32
88 49
43 33
89 8
42 32
76 49
35 69
53 54
56 39
44 20
82 75
41 61
64 23
77 55
20 34
26 11
86 48
40 53
89 17
28 25
9 10
74 62
24 48
58 88
80 2
68 72
67 59
67 40
75 68
87 73
84 61
59 28
54 39
96 50
80 23
16 77
47 67
35 29
1 56
10 58
65 79
65 5
68 49
28 29
32 39
33 66
89 25
45 0
31 55
93 47
45 21
79 46
47 84
85 30
54 50
60 4
7 46
89 11
58 16
90 19
7 51
21 3
75 11
78 47
98 7
1 5
9 11
96 41
24 32
50 34
12 14
77 89
38 23
27 72
16 46
77 28
29 85
66 65
22 29
28 3
47 62
30 91
48 69
70 89
94 38
12 15
95 72
66 7
19 43
73 0
0 37
39 96
33 74
73 29
31 62
68 97
72 53
96 2
41 55
61 65
87 6
21 55
80 47
9 6
94 79
35 8
64 54
36 72
94 68
94 71
23 80
78 7
69 23
8 28
54 67
98 70
79 97
97 37
50 70
14 73
93 23
17 73
23 38
27 61
20 24
67 1
35 22
13 84
41 6
17 88
21 44
29 62
27 10
86 55
25 21
70 74
64 48
7 53
35 75
21 34
35 18
66 44
85 24
17 12
40 32
66 45
78 35
22 28
12 0
53 26
83 67
11 42
28 33
98 63
31 67
90 12
82 46
52 2
40 57
97 11
77 0
95 78
44 85
35 39
34 44
51 3
31 90
84 30
92 68
77 14
96 46
66 79
64 77
35 89
12 21
28 83
27 2
54 30
95 87
27 41
77 2
53 93
59 55
56 5
18 29
19 81
34 85
4 95
53 13
67 39
98 88
85 11
48 38
50 23
26 56
48 15
64 63
13 94
17 48
93 57
61 42
65 50
89 75
75 58
97 83
67 31
16 53
95 90
88 26
78 43
52 82
15 6
83 3
65 9
12 86
58 74
66 19
67 98
56 53
43 10
40 29
47 48
62 60
82 3
16 98
12 45
11 41
74 49
15 41
92 83
11 93
12 18
11 10
95 88
19 64
45 50
65 85
98 24
70 51
9 16
28 50
79 87
20 25
81 49
77 4
19 28
33 51
62 51
38 53
46 36
96 69
35 70
30 76
20 54
60 51
85 75
11 48
10 70
83 30
19 63
93 0
11 43
70 77
8 47
90 71
22 43
3 59
0 5
71 20
81 82
4 80
33 60
31 81
52 48
20 86
80 18
20 97
43 92
33 15
9 65
19 66
14 34
29 37
23 33
40 76
28 23
55 37
0 32
7 92
51 87
37 78
71 96
10 19
52 90
54 76
68 16
37 96
19 25
29 84
51 88
38 3
54 21
21 20
74 89
16 84
43 39
45 5
19 82
89 92
61 70
19 94
91 71
91 65
84 42
54 9
24 26
49 13
77 38
31 95
91 81
54 20
38 57
78 21
50 74
54 23
84 60
85 29
70 55
9 72
91 25
21 56
13 20
46 9
24 10
64 98
19 31
67 45
97 0
28 57
58 15
27 24
93 69
33 43
58 90
13 89
72 4
73 38
18 50
39 94
14 53
19 65
7 6
65 52
8 73
32 57
59 54
76 96
48 31
92 71
12 93
91 79
97 2
29 87
40 60
48 9
56 31
80 43
75 27
40 47
39 56
30 26
47 21
81 26
18 47
2 59
57 76
45 45
60 86
55 49
15 54
90 93
22 59
95 84
38 62
96 96
30 46
33 94
21 9
86 80
70 38
46 35
11 15
54 15
1 73
14 71
8 6
60 0
9 42
48 37
41 68
56 47
58 56
7 79
5 6
14 21
10 74
77 41
98 3
88 56
7 27
98 85
79 37
24 54
14 0
8 5
83 56
40 46
98 11
24 63
97 89
69 54
44 42
57 71
98 13
56 69
80 26
19 9
54 72
3 80
30 28
40 74
19 53
89 48
6 66
42 53
29 47
61 59
49 95
7 83
71 33
82 89
89 53
9 4
98 95
28 13
77 25
96 21
46 8
33 23
7 98
38 70
9 95
56 30
62 73
12 62
21 4
25 58
44 41
94 49
59 25
11 13
69 20
34 16
85 83
75 64
70 1
53 5
86 95
58 9
34 22
59 40
26 54
62 55
79 63
22 91
50 33
5 57
48 8
94 7
25 42
86 9
93 90
23 50
55 36
3 81
11 16
79 52
61 60
91 83
78 29
15 61
1 10
85 59
39 11
36 88
55 77
43 95
67 12
80 86
43 55
80 25
5 73
17 25
59 67
91 64
68 78
23 65
32 83
23 21
5 86
96 53
43 42
34 37
3 83
82 38
18 76
2 92
44 89
57 11
56 65
81 85
83 19
70 8
93 44
42 36
10 56
94 0
91 36
10 51
55 4
33 89
36 9
54 56
49 6
68 26
48 95
96 51
60 22
70 10
35 1
36 74
43 88
14 44
5 66
98 64
20 87
6 83
76 11
57 40
54 70
13 88
87 14
67 19
41 98
82 82
51 37
43 6
2 67
58 47
66 50
87 1
26 38
48 4
63 33
74 84
90 95
27 6
30 78
22 8
37 62
35 71
47 13
49 44
10 28
93 4
89 50
82 26
32 22
75 12
28 11
16 55
27 36
39 48
72 8
6 91
15 32
24 82
16 23
95 66
40 77
41 51
33 86
56 10
61 77
70 6
79 38
8 13
14 19
49 79
25 10
49 73
13 21
5 69
50 39
15 80
1 97
57 38
66 90
40 12
23 81
66 31
56 50
70 87
31 46
14 58
52 27
13 81
91 5
65 64
39 7
3 78
4 14
96 79
55 92
81 37
70 91
17 79
5 45
6 8
62 34
55 26
85 33
98 57
17 66
56 40
70 36
28 79
87 50
65 56
54 82
97 7
34 81
46 82
78 51
78 5
48 12
96 97
41 54
78 79
97 95
19 16
82 12
81 43
50 43
41 35
56 78
96 71
40 65
67 56
36 59
43 24
56 76
78 83
96 48
46 31
65 62
10 11
64 75
21 37
63 93
66 10
60 56
10 94
19 96
49 9
93 72
76 58
82 37
72 94
45 86
85 7
87 2
27 74
88 84
10 64
13 72
44 37
15 52
20 93
13 86
7 26
23 85
20 83
74 74
96 20
13 48
14 16
59 26
68 8
3 67
52 72
85 57
70 48
85 74
61 80
14 12
17 31
38 44
49 61
38 4
34 52
60 58
5 85
29 86
27 50
56 55
78 60
33 48
69 53
54 7
52 88
63 13
3 56
5 22
87 32
70 34
55 89
29 65
36 97
4 72
24 96
72 18
75 75
38 94
56 84
73 71
0 1
53 27
55 64
82 0
40 36
68 33
37 97
86 59
78 89
93 71
16 78
98 45
74 85
24 72
53 14
2 54
20 29
96 78
13 8
94 97
82 21
1 47
5 87
34 43
46 71
77 19
44 28
63 70
56 71
0 35
3 25
3 46
5 70
69 1
16 60
8 63
96 83
54 75
50 75
2 64
78 73
9 15
63 48
10 43
94 2
94 44
60 54
34 25
72 92
94 92
65 97
69 96
48 97
83 12
75 73
17 8
81 79
37 39
89 36
3 41
22 40
14 46
55 59
51 82
64 96
33 7
50 35
38 78
49 77
34 58
76 12
35 31
32 78
51 72
22 38
68 48
95 71
80 98
67 84
4 74
45 11
66 28
93 74
47 44
48 80
29 20
25 76
25 80
48 51
29 14
76 6
26 37
24 15
76 46
31 73
70 37
21 35
92 55
3 82
21 51
45 6
52 73
10 40
75 96
91 37
74 48
47 1
30 51
39 5
31 57
24 43
37 25
13 15
17 47
16 5
15 20
43 90
63 61
66 87
98 83
72 67
59 5
23 49
36 47
20 56
86 42
54 10
9 61
19 6
60 37
5 73
7 66
9 83
28 27
73 51
79 98
3 40
21 28
33 30
63 52
67 26
3 8
83 15
93 38
92 24
19 29
4 98
72 96
22 18
21 97
14 86
61 47
10 29
19 5
75 84
7 3
40 4
19 83
57 63
81 35
60 41
66 9
19 46
60 25
70 75
9 35
67 22
57 93
41 11
23 55
27 25
34 72
41 17
42 4
19 72
28 64
32 25
85 49
80 96
84 77
12 92
57 83
43 9
21 26
7 81
89 84
29 52
2 77
98 56
19 21
88 19
60 18
59 86
47 57
91 14
40 58
15 4
21 29
85 47
53 77
89 15
3 70
18 22
39 46
94 37
89 56
59 80
47 68
33 72
20 4
34 89
43 70
54 68
69 36
8 44
90 80
4 49
23 68
52 45
65 86
55 9
80 51
37 8
1 60
71 8
17 97
78 9
58 72
14 28
76 27
66 80
71 81
11 87
61 56
45 25
63 38
26 16
70 77
20 84
1 83
85 50
5 3
6 75
77 12
8 64
96 91
81 28
53 48
95 15
83 93
33 21
87 30
20 94
64 43
28 10
29 46
50 47
49 68
72 52
3 74
66 48
29 36
31 44
70 83
36 91
17 44
59 50
8 80
30 81
90 25
8 50
65 44
0 56
21 94
73 16
44 65
91 10
17 46
35 10
23 37
10 78
56 59
63 96
13 40
66 29
41 87
75 60
49 37
85 56
40 18
57 30
76 82
91 46
72 97
88 73
90 17
39 72
89 83
14 30
12 64
56 86
17 19
89 51
71 34
86 41
36 29
20 8
73 70
64 90
6 95
48 54
92 3
52 26
63 55
45 3
64 50
83 13
19 17
64 85
79 40
63 65
48 98
98 84
3 63
55 23
75 28
22 47
9 14
68 30
76 36
54 49
59 21
69 98
8 14
25 74
86 0
49 55
36 23
84 64
22 73
65 38
68 36
22 83
44 12
45 40
89 64
4 17
93 19
75 66
11 81
75 31
61 25
73 67
94 82
49 62
68 53
66 63
84 85
77 71
42 10
28 44
54 69
73 83
67 47
56 42
44 4
57 54
46 13
56 85
15 10
36 60
92 76
10 97
65 82
72 25
64 36
83 38
29 67
24 62
2 63
78 96
59 90
93 35
79 62
54 52
81 98
48 13
16 94
70 61
32 28
80 48
10 81
32 73
55 57
46 72
46 97
79 44
29 12
43 85
93 78
86 92
70 41
44 97
63 87
29 3
56 64
69 5
21 18
36 71
4 68
90 16
91 56
60 64
89 41
94 61
28 24
92 62
96 49
76 43
38 40
26 2
13 41
71 67
4 79
0 34
75 61
86 45
87 81
39 47
23 75
63 53
70 93
59 6
59 60
76 35
32 46
55 18
15 16
24 11
17 49
35 52
98 8
83 39
74 23
82 30
36 70
35 43
75 71
93 79
3 58
11 78
17 85
1 77
97 90
90 82
98 75
35 40
14 39
63 7
20 30
18 5
11 63
5 54
74 87
59 9
87 83
65 12
35 34
95 69
16 28
13 55
10 27
94 91
79 8
40 67
49 12
36 13
17 61
35 15
18 91
46 19
90 59
38 68
61 37
3 7
53 37
2 84
98 25
94 66
16 67
67 3
90 51
85 45
88 46
71 61
34 86
9 64
19 91
7 44
93 81
37 40
73 77
57 21
57 22
95 36
67 36
39 68
86 65
46 41
68 43
2 22
29 51
85 25
66 0
22 17
86 74
45 56
42 58
67 93
16 43
88 16
75 17
62 48
12 76
55 79
13 28
53 8
74 91
93 46
51 96
55 13
56 29
31 8
44 77
15 47
55 88
22 13
70 69
15 11
35 16
34 17
46 52
22 34
15 59
81 46
58 14
78 48
9 81
95 43
76 54
83 10
43 20
95 13
92 98
19 24
63 34
77 62
4 77
56 22
91 58
69 19
12 84
27 51
61 49
98 21
3 26
57 2
89 60
55 87
22 68
60 85
7 52
7 21
69 57
93 55
3 31
68 24
71 87
11 44
54 2
61 69
89 54
73 40
97 3
34 77
72 63
75 49
24 49
77 44
24 33
92 49
42 21
43 47
95 47
60 20
1 79
52 58
18 28
26 97
48 43
50 89
11 36
98 86
30 65
87 42
44 9
70 60
72 12
18 13
12 65
22 35
29 93
70 19
46 33
13 12
86 7
82 97
57 1
5 27
73 76
85 39
34 49
47 64
33 16
3 14
54 45
72 15
29 27
84 41
85 77
86 77
22 93
79 19
5 8
73 39
56 83
23 79
51 18
70 39
42 38
88 33
3 6
85 41
20 78
40 26
12 16
4 59
94 95
36 90
5 74
68 77
17 13
92 36
83 41
87 68
29 4
30 73
47 29
78 25
33 12
12 28
58 80
21 32
93 89
51 35
77 1
73 91
88 3
94 33
33 19
47 10
78 85
93 20
81 57
0 39
90 8
30 52
79 54
29 45
6 31
21 24
4 5
69 80
21 72
82 40
84 63
17 87
74 32
83 84
30 44
56 74
60 57
81 32
62 57
53 85
72 65
56 46
82 44
81 36
18 25
42 76
34 10
14 81
58 34
85 1
10 73
12 95
88 13
98 15
69 25
0 15
60 1
69 12
45 74
68 70
7 37
81 6
12 56
19 87
36 84
3 18
83 68
79 26
52 46
10 22
36 30
96 43
93 16
91 34
72 19
96 18
22 88
94 75
33 87
16 93
78 64
43 64
31 92
63 22
62 68
34 28
36 73
10 47
21 80
75 81
15 3
20 9
25 18
72 0
95 54
81 34
30 23
25 19
33 26
10 82
23 61
56 34
80 30
36 53
36 87
18 51
48 29
78 62
93 9
93 24
93 59
55 70
30 93
88 12
11 4
78 8
95 65
48 67
22 16
6 64
27 62
72 74
29 11
33 10
71 6
64 18
8 35
46 89
54 14
74 94
59 23
27 64
61 52
9 85
69 9
88 77
96 1
76 45
23 43
46 25
70 73
79 81
41 96
33 82
30 24
2 15
23 22
86 6
7 70
29 43
15 9
53 3
8 12
36 25
61 78
71 95
10 57
69 79
27 88
47 25
68 50
71 16
20 22
51 32
57 10
26 66
37 67
95 9
95 20
86 88
68 34
92 51
63 32
36 63
62 10
43 26
59 32
21 90
4 53
32 88
70 70
25 16
9 12
4 78
56 38
52 86
79 7
63 74
53 46
78 36
59 10
61 27
81 9
19 13
87 98
39 62
73 94
44 23
77 24
11 22
22 58
61 51
68 93
16 8
6 43
14 36
98 32
65 69
78 24
88 11
95 56
86 14
38 89
18 18
95 58
49 11
82 29
15 36
33 37
27 39
33 49
67 76
54 88
68 96
10 95
3 98
57 25
31 25
94 35
91 90
29 13
89 67
90 52
29 38
53 95
24 78
23 9
55 44
94 12
88 74
45 79
21 11
86 16
47 31
40 92
9 84
50 62
92 38
34 6
51 53
58 6
48 39
15 22
30 71
65 70
42 5
34 48
58 5
82 11
21 73
80 57
2 86
64 83
87 4
61 24
81 22
58 43
36 38
33 83
72 70
10 71
46 30
56 94
11 23
55 38
22 53
69 42
52 59
76 38
24 60
21 7
22 32
9 22
49 75
70 81
18 26
20 12
52 54
95 40
52 69
59 38
25 17
4 4
7 69
56 90
68 59
44 92
66 5
43 63
44 57
80 29
45 31
54 24
87 3
69 17
86 98
50 7
92 56
42 85
71 63
32 34
75 42
61 23
27 34
72 22
28 15
86 53
61 74
41 50
43 37
83 77
9 39
84 91
26 23
81 78
16 4
42 92
4 24
5 23
1 53
78 33
55 66
36 66
38 32
91 30
9 47
31 58
9 0
34 79
69 72
23 26
37 59
24 89
88 39
45 26
5 90
20 20
65 49
49 34
95 6
16 88
71 79
14 47
59 41
42 97
75 8
13 23
93 22
62 61
78 41
66 42
56 0
8 61
85 64
84 90
4 94
89 73
29 53
53 67
59 96
23 52
8 85
41 66
76 73
74 13
29 39
49 82
35 49
46 83
89 82
81 7
21 30
53 4
96 87
9 75
56 56
88 10
76 80
15 45
78 22
2 17
82 86
60 65
74 98
58 94
61 71
88 41
1 29
16 16
47 39
13 47
13 7
9 13
68 51
69 15
22 54
60 83
80 78
42 44
64 13
82 79
72 39
36 7
42 40
42 37
53 59
78 4
93 91
67 87
35 17
98 1
2 10
20 51
26 88
95 7
37 73
8 88
64 35
42 26
7 75
56 57
87 86
63 15
65 39
70 9
47 26
22 72
67 33
68 25
4 65
25 15
59 22
60 17
95 19
74 22
55 32
64 58
46 10
81 38
71 72
49 42
73 17
62 70
47 49
8 62
91 39
6 65
16 90
58 18
61 63
56 81
64 76
15 37
38 6
62 38
7 25
6 88
34 93
35 33
47 52
59 34
56 88
15 94
70 0
54 71
75 54
75 33
93 37
28 12
56 13
3 17
17 84
8 17
58 24
96 9
48 17
14 72
76 62
35 61
83 25
92 23
89 12
87 84
51 29
33 18
4 55
72 9
76 24
33 29
89 38
84 78
37 64
51 33
41 62
22 87
7 72
77 43
18 58
75 91
61 94
77 23
81 74
24 96
65 10
14 1
98 16
95 8
6 39
16 82
35 86
73 21
65 11
24 81
41 76
94 70
40 62
58 21
88 75
67 62
13 54
91 85
26 36
66 47
34 74
18 48
70 21
72 76
43 50
68 2
55 43
78 59
83 29
43 72
82 2
71 64
36 92
20 42
62 69
91 41
69 26
10 13
75 7
62 45
54 93
32 36
21 36
77 57
30 77
93 6
83 74
84 98
25 38
61 84
51 6
39 94
43 58
76 39
79 79
36 32
0 96
23 97
40 24
92 14
48 45
7 62
19 3
62 21
24 80
96 70
59 71
27 12
81 97
17 38
78 30
81 71
37 50
54 13
2 41
68 4
53 92
41 30
17 36
34 29
36 8
46 63
2 14
47 58
42 31
79 23
94 98
23 87
34 75
94 9
18 63
88 48
46 32
78 50
2 94
95 91
76 55
72 10
26 71
49 48
40 11
26 44
47 63
46 66
15 15
13 5
45 75
77 63
57 44
45 27
13 4
69 21
29 1
91 66
81 83
20 41
82 1
78 14
12 10
65 2
87 45
96 67
15 76
72 13
11 34
2 55
45 18
56 21
32 95
88 82
7 22
23 63
71 78
84 28
34 40
96 13
29 16
32 74
38 52
39 40
1 89
24 58
77 81
72 57
56 80
73 14
89 39
72 51
9 5
65 7
12 70
49 72
85 43
61 85
58 64
61 95
69 92
19 37
79 85
82 23
71 43
14 7
39 98
21 47
39 23
13 46
56 61
38 49
85 63
21 78
87 24
28 36
25 45
54 91
89 71
38 91
69 44
57 84
14 8
0 29
45 42
86 40
39 73
52 33
49 88
17 98
84 40
37 63
16 47
55 41
18 87
67 38
32 43
57 17
86 47
76 89
74 36
63 5
37 72
65 51
63 50
28 69
96 22
44 66
74 60
57 48
14 15
60 38
58 52
41 95
4 28
29 10
13 16
87 38
17 3
83 4
77 36
72 73
71 5
14 98
71 36
95 21
31 47
94 86
33 52
85 86
62 59
0 74
58 73
3 77
79 16
80 33
22 66
48 24
66 16
39 85
84 82
6 4
49 40
88 42
44 6
83 7
73 13
84 84
84 76
17 63
14 2
34 73
71 71
21 93
18 3
30 92
67 69
20 35
81 51
84 57
16 83
90 83
29 30
7 85
53 12
41 29
91 54
69 59
32 26
30 63
56 63
60 69
0 44
76 10
81 65
89 7
45 41
3 79
31 75
53 38
91 13
12 1
13 11
40 54
64 21
23 59
12 2
57 3
67 29
22 90
13 14
50 84
80 49
78 20
86 97
29 35
35 90
79 53
46 77
64 2
0 98
1 55
33 91
61 17
49 41
2 40
81 88
71 22
94 89
29 64
18 34
25 43
63 43
70 84
39 59
2 97
24 56
78 41
19 41
95 96
8 89
40 95
40 7
94 11
87 82
3 50
58 11
30 49
45 59
78 17
58 51
17 89
43 29
77 9
28 6
60 43
13 93
16 44
86 56
31 94
28 80
32 54
10 96
41 28
4 50
13 85
2 83
21 41
87 34
73 2
32 56
63 66
9 27
10 63
28 93
75 32
8 87
38 84
76 85
88 88
52 16
81 2
50 9
86 91
86 33
88 60
16 37
50 49
48 0
68 12
31 79
29 2
86 76
80 81
61 12
23 66
70 7
61 73
66 15
90 55
5 50
11 58
40 64
58 49
71 17
77 3
2 87
47 35
50 17
79 93
23 42
54 51
7 94
64 92
2 82
22 49
22 37
14 84
42 30
26 68
19 78
20 55
89 62
91 32
66 22
90 50
11 57
84 43
83 59
33 40
37 33
30 48
12 91
66 97
59 93
40 93
45 57
94 64
77 49
14 14
4 52
43 8
56 72
71 56
82 25
88 18
94 96
84 13
42 11
45 49
93 39
96 88
24 74
69 81
28 81
45 28
53 55
98 74
75 78
25 26
84 44
6 44
47 98
12 13
89 33
56 78
81 53
82 42
54 79
37 41
14 56
37 48
56 16
94 30
20 69
61 36
56 58
91 67
59 44
32 27
73 27
4 56
58 71
27 97
2 5
66 46
67 90
67 32
68 15
25 23
47 41
64 8
61 38
37 69
77 27
87 57
91 48
40 30
63 79
94 54
23 4
26 18
66 8
25 8
47 46
5 51
14 42
8 83
17 54
18 11
86 94
92 42
91 3
36 35
18 64
81 1
53 51
34 11
14 41
72 93
18 8
89 80
68 28
15 13
64 47
26 26
18 37
14 80
28 84
87 49
21 22
42 65
52 66
45 24
45 58
96 47
80 82
10 26
52 28
8 86
30 11
64 51
58 69
91 12
19 79
65 72
34 31
36 31
8 18
38 15
74 41
75 20
65 27
81 14
9 41
51 50
54 87
63 92
81 25
50 85
59 79
2 76
4 25
10 83
36 80
45 98
12 94
69 89
38 97
55 0
9 19
13 50
34 88
55 25
26 13
6 37
48 5
53 98
28 2
53 47
84 14
50 3
75 72
5 49
32 93
41 58
87 97
60 21
59 17
58 35
75 83
46 28
58 45
36 43
97 38
89 81
68 19
28 55
7 88
81 86
93 11
62 11
61 1
23 23
68 22
10 85
34 55
43 71
88 47
92 8
46 64
15 42
4 46
94 55
94 88
17 5
29 31
24 3
39 29
66 93
69 47
39 53
33 33
15 49
11 7
11 24
91 78
24 72
5 28
30 29
67 90
89 59
2 27
56 17
55 71
41 69
45 10
32 2
69 91
10 4
34 32
24 61
76 68
28 38
66 53
68 11
48 26
22 22
73 55
86 24
50 91
10 20
43 28
94 63
55 30
51 65
63 83
36 76
72 48
31 26
90 15
96 39
76 28
48 47
38 24
41 16
93 58
73 23
37 6
93 96
7 80
94 67
56 19
82 64
39 22
36 35
74 40
42 70
74 24
40 84
15 19
60 46
9 3
42 9
65 37
73 48
63 58
31 5
46 2
77 28
96 95
36 79
41 79
85 28
25 39
55 19
55 78
39 65
24 53
72 35
29 8
12 48
88 72
15 1
30 45
72 24
44 13
95 18
29 6
56 87
51 15
29 75
68 79
53 28
40 89
60 13
32 38
69 50
85 95
57 18
79 57
93 56
79 14
77 42
86 39
78 40
49 33
23 74
21 83
47 42
42 51
76 22
42 63
21 66
59 70
50 50
63 45
19 84
0 31
42 17
89 46
60 61
58 7
27 73
22 97
48 41
21 27
69 4
37 23
33 75
64 74
27 20
27 94
7 12
37 38
65 61
33 5
90 65
71 98
64 74
74 28
20 5
1 54
24 42
19 14
57 41
16 91
88 34
47 23
72 20
86 51
6 24
89 13
21 52
70 90
72 20
76 4
61 13
76 90
67 41
62 89
82 55
4 29
45 80
69 56
51 98
77 67
95 22
90 69
52 87
75 79
22 80
19 1
19 18
61 5
2 23
26 58
30 25
67 10
79 13
45 67
51 75
26 31
14 27
96 64
18 14
25 62
95 24
90 57
28 88
70 20
78 28
85 58
50 8
72 64
65 90
14 20
51 77
90 5
57 31
20 82
86 83
40 8
26 90
46 90
61 11
65 84
59 73
2 7
58 38
68 98
38 41
92 94
32 71
37 29
72 69
91 17
37 45
58 27
28 53
42 68
7 47
59 64
48 1
10 35
67 10
92 31
91 8
28 88
90 27
32 31
38 54
73 19
56 52
17 77
87 33
78 84
86 81
78 93
39 30
66 76
94 6
15 0
74 28
53 76
58 20
18 52
39 31
8 65
95 24
20 85
50 8
26 67
29 60
90 65
71 60
21 21
91 52
46 55
30 3
60 44
49 64
98 6
8 65
10 41
35 23
9 62
9 40
39 27
98 68
77 37
49 4
56 48
51 98
69 4
51 51
80 53
77 67
25 81
32 10
35 87
15 78
87 33
26 24
31 32
24 42
41 20
49 8
41 26
53 25
31 70
69 4
95 83
21 52
62 50
94 21
41 88
85 81
22 92
40 59
51 51
92 41
56 77
51 4
52 87
21 74
19 18
75 23
46 94
73 26
60 47
12 8
28 43
94 56
92 41
39 67
62 65
70 67
62 50
22 67
23 40
35 73
77 95
71 4
24 45
25 82
34 91
60 48
1 12
57 49
71 98
21 6
22 80
31 38
34 66
79 78
66 59
21 27
25 9
11 39
72 50
37 45
53 39
48 50
67 97
6 47
57 58
49 87
29 61
38 54
79 84
73 82
81 29
71 60
69 14
77 13
75 63
98 68
4 29
45 53
11 33
68 39
56 11
34 51
7 7
89 72
30 75
47 8
59 18
83 66
6 12
0 2
37 23
84 10
7 71
41 8
63 67
26 61
71 59
32 31
30 80
42 86
98 6
77 94
24 77
87 76
31 78
53 43
50 44
36 24
57 49
59 24
98 0
17 17
41 27
41 20
38 63
14 20
10 15
25 9
72 75
14 95
41 67
59 2
94 56
34 71
51 4
37 86
33 75
71 18
33 13
49 96
41 67
60 27
62 36
60 40
98 30
26 96
3 4
75 29
76 4
71 60
59 94
49 28
90 23
42 22
24 68
62 35
26 61
13 77
20 5
65 95
86 60
66 59
95 34
50 48
6 17
47 77
84 24
70 20
75 18
87 13
28 47
89 61
43 87
49 96
66 76
71 19
63 91
61 11
79 50
3 87
47 72
64 15
78 27
64 27
32 55
77 61
70 94
47 61
87 37
57 67
59 2
44 94
50 36
44 94
86 36
5 18
43 45
7 42
89 61
58 44
36 61
37 30
56 60
44 70
27 3
96 8
4 29
31 38
95 0
83 86
30 80
59 13
54 17
15 0
42 20
28 47
88 62
1 43
68 38
83 88
2 32
26 58
93 76
72 28
84 17
13 22
83 54
62 35
13 22
39 35
44 94
45 39
31 38
53 88
38 87
52 56
40 45
74 82
74 53
90 39
30 36
61 5
75 23
60 52
59 53
85 6
87 13
64 15
59 94
54 86
89 96
30 22
38 59
86 83
79 55
60 9
41 32
56 52
29 60
87 37
83 27
32 96
94 83
80 68
91 17
33 75
28 18
72 23
39 31
12 40
55 5
2 88
65 65
22 92
36 42
6 17
14 79
91 11
71 31
93 31
94 21
87 33
1 80
45 67
6 24
58 20
7 23
86 2
65 80
53 61
69 77
60 27
59 94
17 65
23 13
1 43
96 44
78 27
93 76
2 88
5 79
94 6
7 17
87 56
86 60
80 85
18 46
77 15
69 0
78 28
51 62
22 69
3 87
35 85
92 91
0 90
69 77
35 63
64 1
70 71
68 0
85 55
7 7
46 75
27 1
35 63
42 28
80 70
37 10
96 59
22 80
7 87
59 47
43 97
60 27
77 48
95 24
36 96
55 94
69 93
85 60
17 21
27 3
75 41
78 26
30 75
0 38
49 2
41 34
42 28
70 92
26 67
34 15
74 67
81 67
52 71
24 76
34 51
84 6
75 41
26 83
33 57
97 29
37 38
66 37
57 8
69 22
42 29
50 28
57 28
19 1
8 74
85 87
98 68
12 3
86 54
10 15
54 11
25 63
1 54
72 23
69 0
45 96
57 31
34 71
4 58
90 6
24 77
7 23
14 13
7 17
64 27
12 49
71 59
92 91
37 66
51 39
50 48
80 28
23 13
35 78
18 86
51 57
5 17
93 31
15 79
91 17
49 96
69 65
50 51
25 81
55 20
10 7
70 92
78 42
83 54
80 68
20 17
48 81
40 59
59 13
52 36
42 56
81 16
72 21
70 47
92 35
82 45
59 24
42 22
27 15
19 1
70 47
8 11
46 12
56 11
18 53
88 14
54 58
68 29
84 10
46 94
26 61
14 27
40 83
93 8
32 10
30 30
6 17
84 25
93 76
35 23
21 74
4 91
3 32
27 1
88 14
90 69
7 71
51 52
21 27
90 54
72 36
88 36
7 42
25 62
25 12
68 39
92 97
53 15
6 47
21 46
48 82
73 19
77 40
46 70
24 68
62 43
27 93
90 57
59 11
9 62
14 13
42 86
59 24
57 96
16 73
30 3
78 76
22 74
65 84
26 6
26 90
31 98
22 74
53 76
90 44
92 59
57 8
72 72
14 17
25 31
7 47
68 1
62 18
41 8
43 97
44 91
35 63
17 65
85 58
23 57
23 40
12 40
10 79
19 14
50 44
61 79
97 5
29 56
33 5
45 77
95 73
14 78
31 32
53 60
75 24
80 7
43 30
58 54
59 97
26 31
69 93
78 76
87 13
7 58
17 10
34 27
38 63
14 49
14 17
88 62
86 73
80 87
7 58
45 48
41 88
58 28
55 69
45 80
42 68
40 13
70 92
93 10
1 84
20 70
22 67
48 41
40 6
51 90
37 30
1 43
37 66
31 56
10 42
57 67
47 80
82 55
49 8
57 19
51 62
72 11
28 88
62 89
51 5
10 41
69 11
82 39
49 65
26 30
4 51
76 63
8 74
63 42
88 36
35 78
12 40
53 24
86 11
59 13
72 50
32 3
82 78
90 27
85 81
63 54
17 77
9 56
93 8
44 87
17 10
47 23
92 74
73 52
61 13
26 6
67 9
49 36
91 28
83 54
54 44
73 26
94 24
78 98
0 2
69 93
54 17
83 88
60 47
67 77
68 98
6 52
55 67
26 30
26 83
77 94
28 18
25 85
20 91
72 28
10 41
73 36
22 11
71 76
70 95
25 63
5 18
28 18
80 28
54 58
31 78
52 47
63 90
7 17
77 13
64 33
86 54
26 83
19 18
31 48
87 5
69 22
93 10
37 44
66 66
82 78
32 3
32 31
49 35
37 38
61 53
50 98
64 46
64 27
62 65
48 65
23 76
53 60
25 82
91 75
94 31
57 39
27 93
77 48
72 50
31 82
49 36
18 33
52 47
79 55
96 15
91 27
13 77
17 21
20 17
27 15
53 89
78 95
50 4
92 16
88 34
76 26
91 93
55 5
96 59
34 57
86 2
16 17
25 82
24 68
87 56
28 53
51 57
36 96
87 79
57 67
83 69
50 98
93 62
96 81
83 66
27 18
2 31
69 56
8 70
75 63
29 21
48 44
83 86
80 87
85 61
98 30
5 18
66 66
64 95
82 39
60 44
80 19
36 37
84 24
80 58
7 50
29 21
31 56
80 70
39 27
25 51
86 13
19 18
27 1
61 5
9 62
92 92
41 86
64 46
92 80
1 38
41 20
61 11
14 78
83 27
65 34
73 52
94 24
46 70
86 31
17 39
70 71
44 70
77 15
91 15
67 77
30 8
85 81
21 58
5 42
1 38
30 25
87 79
96 17
87 56
18 14
80 28
57 96
57 19
96 15
28 43
20 70
42 6
0 90
98 27
40 8
41 27
81 16
84 17
97 29
37 94
67 50
87 74
33 57
51 85
0 2
58 54
57 58
70 71
21 10
16 13
53 69
43 73
25 63
90 39
33 46
50 29
40 66
59 18
86 51
75 41
53 88
94 43
65 53
32 55
82 45
76 63
44 39
46 55
72 64
83 69
87 74
21 21
44 91
38 83
33 38
54 80
35 73
17 53
66 59
62 20
37 44
65 18
83 94
97 39
64 74
95 34
59 64
89 72
68 29
91 77
40 17
36 24
73 57
28 26
47 61
66 33
21 6
5 79
27 1
71 98
86 36
51 75
4 51
49 4
57 97
37 94
5 42
38 41
2 21
21 39
30 30
11 96
62 43
25 40
58 27
50 36
5 55
78 26
90 5
43 97
94 4
17 33
17 90
68 69
21 39
95 42
68 38
53 39
88 55
63 54
6 47
26 31
32 70
1 38
54 86
61 83
96 81
47 77
96 59
19 55
92 80
63 35
89 77
46 94
26 33
40 45
17 33
86 30
92 37
29 56
4 7
10 7
28 43
60 47
96 8
32 96
21 75
21 77
77 40
28 21
31 82
38 33
74 5
93 8
64 95
62 20
96 17
68 69
43 87
74 27
4 7
25 31
71 31
34 15
42 56
89 96
92 74
67 50
93 80
66 81
97 1
48 81
72 75
68 10
2 32
88 55
44 22
72 75
68 1
37 43
59 43
54 11
93 80
89 13
51 5
72 1
9 56
54 44
59 94
65 84
18 46
80 58
61 83
24 76
86 83
84 79
34 57
17 90
39 27
16 91
92 31
25 85
72 11
85 48
76 26
51 77
40 83
22 67
62 65
2 88
81 67
19 35
7 58
98 91
87 74
28 21
41 26
67 83
80 7
33 56
71 15
72 69
95 70
57 8
52 71
63 90
7 87
28 76
84 6
82 45
15 78
39 35
7 63
0 38
38 83
55 67
70 90
10 5
21 54
51 51
47 95
86 83
53 74
17 53
5 88
27 3
80 85
70 95
70 94
37 29
52 52
10 5
50 0
25 85
52 85
28 76
60 52
39 35
78 27
39 95
30 22
38 41
64 15
67 9
73 20
42 28
50 4
57 39
44 39
53 43
15 30
12 26
39 95
53 76
72 36
47 80
87 76
7 14
1 80
22 69
18 86
74 5
33 11
53 89
56 48
28 47
68 39
3 86
82 27
21 77
48 1
70 90
38 63
45 36
51 75
46 87
90 39
83 28
53 86
16 85
33 11
73 36
72 23