33 87
18 37
39 4
62 97
71 64
3 7
58 47
35 20
75 27
11 62
33 20
64 54
23 28
39 55
35 14
37 58
22 57
29 59
39 79
39 39
52 63
39 68
78 17
57 29
93 70
3 63
2 28
81 69
56 69
49 83
69 19
94 78
87 49
85 97
91 3
82 30
50 83
45 63
52 38
81 34
36 26
56 61
22 53
89 42
59 58
0 72
45 98
61 74
78 19
35 7
52 49
55 22
24 12
53 21
28 87
76 62
74 23
84 53
57 84
73 51
59 28
46 10
14 8
33 98
28 36
67 12
67 7
47 43
2 59
75 57
30 67
25 69
77 55
20 46
66 62
32 35
58 53
76 57
72 96
6 6
50 45
68 95
54 73
89 48
12 0
28 29
37 84
24 78
91 71
28 46
94 75
65 44
32 5
93 7
72 9
73 87
98 8
92 17
96 87
25 2
57 52
42 5
16 81
51 72
84 44
96 83
59 16
33 16
3 16
9 8
74 48
56 53
63 3
91 14
30 21
39 58
81 60
24 19
91 48
24 14
29 13
46 47
82 84
35 19
23 4
31 26
74 15
65 71
19 53
68 82
86 63
31 86
85 77
72 33
58 39
67 98
21 80
40 54
16 37
84 76
30 70
42 23
9 0
29 93
20 97
18 78
64 58
40 28
89 32
9 51
59 54
72 52
72 35
2 86
79 93
57 50
36 38
38 97
27 44
39 90
55 85
33 10
40 68
8 14
11 78
91 63
49 75
25 16
19 51
37 53
76 52
21 90
84 5
70 27
88 32
7 79
16 62
89 31
74 52
7 85
21 24
51 66
82 47
59 57
82 0
57 2
2 76
11 16
25 54
69 62
29 66
35 91
9 64
16 59
98 10
76 8
27 16
53 38
60 30
12 47
47 42
16 93
52 23
36 79
88 42
97 3
40 26
60 77
X
7 6
61 47
85 3
52 3
24 11
28 12
91 9
90 97
71 56
91 41
52 91
33 52
33 73
51 35
3 68
22 6
27 61
77 50
92 19
87 72
95 88
77 54
15 39
3 28
18 85
67 27
57 89
80 76
34 23
32 93
14 53
43 46
71 55
30 12
70 66
25 45
54 23
29 47
89 84
74 6
87 57
44 55
50 67
81 52
92 67
59 62
18 40
88 76
6 42
88 2
63 77
2 93
79 9
62 86
60 60
20 78
94 11
30 66
16 31
58 14
64 96
17 35
46 30
98 77
98 87
47 55
20 13
64 76
87 65
23 31
0 81
5 23
63 74
94 38
63 89
90 40
54 43
98 85
4 15
60 81
74 85
20 55
75 19
62 84
31 55
27 70
43 74
X
11 1
67 63
14 76
89 24
14 46
X
38 7
25 19
50 15
85 66
43 38
27 60
42 54
46 95
80 83
60 69
16 43
68 57
95 90
44 77
54 21
79 95
62 95
78 32
56 5
79 31
94 48
18 47
61 15
13 27
18 12
42 65
0 18
2 79
53 19
81 59
37 92
67 22
77 34
46 38
70 13
11 41
12 56
56 21
6 74
33 24
16 75
10 81
90 37
30 63
39 23
90 26
46 80
76 40
41 22
93 43
71 91
95 23
10 68
11 85
31 72
53 95
55 18
20 38
93 47
36 92
16 8
82 18
68 21
78 61
33 85
69 60
22 18
57 30
72 18
80 98
69 42
33 47
87 45
98 16
80 54
12 45
94 67
55 79
84 98
97 18
61 67
43 23
15 62
13 11
15 92
36 6
75 64
41 55
49 27
97 82
27 47
64 3
1 4
89 45
39 93
14 28
78 13
71 73
85 9
21 93
11 24
34 18
53 91
44 10
28 31
47 58
54 48
8 38
25 89
88 10
86 92
72 91
56 87
92 13
62 13
22 31
61 86
54 74
92 66
78 71
29 37
16 49
91 91
11 42
74 74
X
46 57
18 90
50 68
37 37
43 18
91 43
18 22
84 97
76 9
12 4
66 20
56 1
79 63
74 38
27 66
7 44
79 47
40 44
91 66
2 54
95 43
67 72
85 24
91 68
19 66
71 16
28 30
58 7
48 6
63 5
47 25
84 9
93 65
66 77
56 95
55 61
11 43
91 36
70 33
73 16
47 11
89 2
11 8
7 56
61 56
56 54
41 37
48 4
33 49
30 5
36 60
1 10
91 81
79 59
21 94
57 24
46 20
52 17
80 23
94 3
57 72
80 74
41 30
87 6
90 9
30 38
68 85
80 3
75 25
86 59
17 20
85 8
73 35
48 25
79 79
35 48
20 43
4 87
97 80
81 1
85 43
89 8
75 42
9 66
70 37
16 18
74 57
56 22
84 43
84 28
73 23
86 86
37 79
49 34
15 47
78 4
45 66
3 25
46 54
59 21
59 74
27 51
60 15
68 81
45 57
75 74
73 58
29 64
70 62
68 97
4 88
38 47
80 9
43 75
75 73
41 44
43 88
32 56
28 70
58 34
17 19
74 43
22 86
98 1
79 41
62 67
73 94
30 93
83 40
77 77
70 9
57 38
29 78
43 58
85 13
70 8
3 26
67 49
59 96
77 85
64 48
34 79
33 45
28 10
76 86
49 48
89 53
92 23
98 17
64 90
43 11
42 10
53 11
29 95
87 77
87 22
7 26
77 88
28 93
87 31
86 88
28 25
75 38
4 56
19 72
93 37
47 59
51 50
93 59
87 98
80 25
57 40
27 64
11 44
90 16
81 31
8 98
2 14
34 84
64 89
9 22
83 79
48 98
37 15
76 54
82 90
45 27
24 21
0 96
93 75
77 16
72 90
7 59
71 39
55 33
87 68
28 68
85 50
40 58
95 13
66 82
98 9
55 66
77 43
76 64
98 37
69 3
54 30
74 42
47 65
93 66
13 71
51 28
91 67
48 38
17 4
3 98
61 4
90 68
39 91
94 30
86 64
57 25
39 41
58 77
50 66
74 89
5 27
80 6
77 59
11 81
71 43
38 23
59 84
40 50
84 67
68 70
38 8
84 64
3 41
62 73
20 34
27 95
97 2
71 32
38 6
98 12
60 56
62 66
40 79
91 59
77 76
90 83
63 78
80 38
83 67
25 53
17 61
92 7
42 58
20 28
15 8
29 28
1 75
89 69
31 93
88 81
17 49
25 25
9 41
19 42
6 57
83 74
44 76
23 68
49 72
90 95
0 92
34 11
75 84
43 41
87 26
72 62
44 37
60 85
42 12
95 45
16 90
5 84
88 79
78 73
53 97
72 78
98 58
58 94
49 47
98 86
98 55
14 72
53 47
65 33
6 53
88 1
15 27
82 14
93 33
53 54
78 22
64 22
62 55
57 87
17 40
44 85
91 76
45 1
82 91
65 82
12 18
38 50
24 34
1 17
26 97
38 73
56 58
24 49
73 10
60 36
32 32
44 23
47 35
84 54
29 65
70 76
79 86
2 73
71 44
6 38
28 37
57 11
58 78
54 72
54 68
12 13
17 88
29 10
89 88
78 25
22 32
96 41
39 24
23 66
23 56
32 39
96 57
48 30
28 92
19 30
1 83
73 17
32 85
91 13
56 30
43 37
90 19
8 82
1 96
85 75
37 31
7 21
27 53
11 64
10 83
56 71
9 12
14 37
11 87
7 18
82 93
71 63
2 58
21 30
73 13
9 74
28 17
65 78
1 63
26 73
19 29
43 72
48 28
24 91
45 26
85 38
46 71
63 64
30 73
63 76
6 81
92 93
30 27
40 4
78 54
34 13
22 54
22 60
26 91
27 56
68 80
94 10
7 15
19 17
57 95
25 97
21 41
90 38
92 12
85 37
31 23
91 57
51 45
53 57
48 55
73 83
35 92
87 43
38 76
70 12
89 98
34 22
67 20
27 59
56 50
49 24
54 26
82 71
86 94
14 10
33 7
60 86
46 11
56 44
80 73
42 21
19 74
89 35
56 20
61 1
90 51
48 17
47 52
23 65
19 47
28 95
93 98
69 23
35 94
38 14
69 94
39 32
25 67
18 42
22 5
64 32
28 8
89 59
97 23
59 39
1 53
84 8
83 68
35 62
57 3
91 60
86 7
15 88
58 3
63 48
79 77
3 21
45 42
70 28
46 72
52 51
9 19
48 31
76 21
82 82
79 54
61 58
76 7
42 72
6 16
9 47
12 70
45 37
27 72
54 22
32 82
55 45
18 32
13 40
80 22
20 41
43 98
11 98
39 5
55 51
81 3
29 67
84 89
63 87
75 6
42 47
17 7
30 87
53 55
67 59
90 76
75 33
79 6
60 66
28 64
76 94
50 91
2 64
14 86
11 34
29 2
48 42
37 70
9 67
44 97
13 94
37 89
59 75
11 12
69 9
30 71
52 48
45 40
74 50
46 63
81 13
78 83
32 84
15 54
46 61
56 96
4 80
50 26
25 52
0 40
39 25
60 62
90 30
30 98
49 41
20 80
78 60
26 88
59 32
43 6
83 42
65 97
94 23
24 74
21 43
72 14
24 83
11 58
97 21
91 98
15 19
65 77
17 81
0 88
88 4
80 94
19 39
46 53
57 92
81 68
17 59
77 2
10 43
45 86
14 89
75 76
42 77
61 42
5 82
29 50
51 9
79 7
33 66
74 31
56 51
14 88
3 82
28 24
79 69
49 12
35 59
11 88
33 6
83 59
8 52
37 40
33 59
12 16
35 17
7 5
83 45
3 20
92 69
25 96
39 65
33 21
38 36
56 82
53 2
57 9
68 2
2 40
94 64
55 50
66 21
11 4
68 36
27 26
75 58
72 74
35 61
87 0
42 95
31 8
11 55
37 68
71 80
79 83
73 56
50 5
60 79
30 69
71 74
26 56
91 21
81 20
57 14
92 83
28 28
X
83 57
56 2
85 57
95 91
63 98
96 70
54 60
80 31
44 65
94 7
63 93
6 75
66 97
38 84
26 64
66 19
55 60
83 29
36 40
52 68
39 74
90 70
27 39
24 47
33 3
93 49
12 97
33 44
34 19
54 46
37 48
31 39
32 68
19 5
31 28
52 34
64 70
51 53
17 31
94 12
40 41
71 34
76 48
44 45
71 75
60 0
95 82
37 90
15 55
20 12
4 67
68 89
72 65
2 87
69 30
69 21
63 7
18 60
7 20
4 49
55 78
4 52
9 43
59 19
70 82
65 47
16 21
56 43
16 11
72 10
13 53
33 27
78 23
43 85
30 48
15 59
38 62
95 17
6 83
88 44
27 17
94 54
6 39
12 90
25 42
76 55
66 35
42 37
89 56
7 37
0 97
91 39
72 77
13 43
58 90
59 83
29 1
67 69
35 9
58 48
16 61
41 36
62 96
6 31
91 97
2 41
1 69
62 61
13 21
9 73
30 23
62 46
70 91
87 84
60 25
49 26
33 79
16 89
61 94
40 90
91 46
70 77
86 91
40 74
82 34
63 55
0 16
57 88
61 84
57 47
8 12
77 12
77 83
11 14
20 4
15 36
66 69
90 79
76 93
22 22
8 56
40 69
65 96
38 12
58 18
82 26
43 91
69 90
85 30
75 26
14 93
34 34
91 96
81 71
86 74
43 27
48 33
X
60 75
56 3
41 91
64 17
61 98
15 23
9 84
80 52
85 29
25 64
76 12
96 46
78 58
41 29
49 77
71 47
48 83
91 34
88 83
10 2
97 38
0 71
97 13
56 59
55 41
20 56
86 1
14 19
56 64
33 96
79 42
45 56
32 73
48 35
33 37
4 28
51 48
63 14
35 77
60 58
93 57
82 42
67 76
70 1
75 61
97 6
8 22
33 34
59 37
60 54
49 81
54 10
12 22
23 38
51 30
7 3
31 74
50 97
8 89
36 71
36 69
92 98
79 43
96 42
98 83
83 5
52 30
83 87
4 17
97 22
19 76
74 29
8 41
70 16
27 54
56 73
50 46
18 65
41 6
61 26
89 62
29 79
75 45
13 84
49 16
1 37
73 73
58 0
29 12
82 73
76 47
49 14
56 70
33 39
22 98
57 21
96 73
25 4
26 25
32 67
77 57
47 2
23 43
96 23
25 98
95 72
42 71
98 73
5 57
97 91
34 65
46 2
22 50
66 90
58 45
22 34
14 98
29 43
73 21
72 56
81 58
57 59
90 1
89 46
98 47
13 78
37 74
55 13
86 82
56 76
76 11
82 44
12 6
62 52
24 44
46 65
22 12
57 42
92 53
88 73
30 74
95 4
25 75
13 86
59 46
51 7
36 44
96 53
53 66
1 32
74 33
2 92
91 84
82 75
87 87
95 19
60 78
45 30
X
75 40
56 16
95 12
74 98
22 55
81 4
86 85
13 50
18 20
55 86
53 46
26 89
92 22
57 1
8 62
76 20
0 83
96 74
50 32
52 45
50 9
39 84
13 42
20 48
65 20
54 41
20 54
60 68
63 45
31 35
89 43
32 25
58 25
88 75
74 7
5 25
45 78
66 0
84 57
32 48
40 53
34 24
72 3
74 40
5 90
19 49
20 22
33 32
78 9
65 1
80 60
8 67
3 40
20 49
33 40
59 25
86 80
71 67
72 8
90 66
80 42
65 19
23 51
96 88
46 83
57 73
82 86
81 25
65 64
41 61
20 35
21 26
5 39
5 94
12 50
30 1
24 63
93 35
46 8
48 74
47 68
0 56
37 41
69 15
95 64
46 46
37 11
35 8
6 63
82 2
79 98
97 30
18 49
87 80
59 17
16 78
2 29
53 85
75 59
77 90
4 13
52 18
5 53
84 78
10 1
84 16
77 1
33 91
35 31
70 63
52 82
33 23
63 22
53 93
42 52
77 6
27 38
10 8
35 16
10 26
49 17
7 27
88 15
85 80
77 62
85 27
81 50
80 15
47 1
42 92
33 93
88 33
81 43
14 73
92 38
97 37
98 74
80 4
13 32
83 24
60 33
20 40
34 90
18 39
24 20
4 14
54 66
14 94
1 72
36 93
57 79
66 12
65 2
4 79
59 80
62 62
11 40
60 50
54 18
59 72
38 20
63 44
52 67
78 82
53 40
31 29
94 47
29 80
47 46
6 44
11 35
40 5
77 41
78 86
71 46
41 16
25 20
90 80
51 97
26 82
83 41
80 16
48 7
98 65
23 27
41 40
35 6
45 45
41 59
55 43
82 46
87 4
22 10
39 57
78 55
46 22
84 37
81 62
71 20
11 15
20 77
17 78
56 8
80 39
8 51
77 25
83 81
54 7
86 39
59 92
48 29
5 14
79 75
27 63
40 3
54 81
7 34
98 23
30 24
97 14
41 5
60 84
16 4
22 23
17 69
37 14
17 62
22 7
76 73
34 97
81 38
50 96
85 86
29 14
6 15
7 65
51 16
33 60
64 60
64 83
24 98
29 8
10 9
50 33
10 95
37 25
2 95
68 51
27 37
48 77
13 92
13 47
92 51
28 71
81 0
21 44
63 10
88 78
26 80
55 92
38 43
70 59
X
79 56
81 37
8 15
1 16
93 64
56 12
92 39
43 65
21 69
45 31
65 72
79 16
41 31
80 44
24 72
8 35
26 15
29 35
85 15
10 40
60 35
21 5
53 5
86 24
69 97
X
8 61
59 67
32 89
55 49
X
23 87
28 78
61 22
6 93
63 79
78 15
74 84
62 85
93 92
78 38
89 10
50 81
81 98
27 91
73 24
20 23
72 48
95 14
38 31
16 94
76 49
90 25
77 23
7 75
20 90
56 83
22 16
22 87
49 61
88 60
49 97
24 13
60 94
50 69
X
40 22
6 82
70 23
28 16
93 9
92 20
21 91
29 20
54 95
10 30
79 49
25 24
62 75
78 56
69 43
4 83
4 23
54 65
66 46
93 44
61 12
29 98
5 44
28 15
69 96
8 47
85 91
46 52
79 68
63 68
76 39
48 71
66 27
1 97
44 78
39 10
85 79
72 25
27 11
86 75
84 15
5 41
67 37
5 7
17 36
8 30
79 39
54 19
40 85
38 72
20 74
73 76
40 21
71 51
50 42
98 81
20 32
77 28
13 14
30 68
70 78
27 45
1 22
14 91
2 67
14 0
25 11
18 16
53 82
76 76
10 72
54 50
12 89
28 69
46 44
62 98
68 14
81 46
88 56
62 64
8 50
56 79
36 45
85 22
72 54
12 65
24 80
6 30
29 30
86 10
24 33
81 6
33 88
45 54
45 9
52 54
59 6
55 46
54 91
73 86
11 25
97 69
74 36
81 83
93 56
55 14
46 86
69 36
34 6
89 80
74 62
34 12
28 4
68 60
23 75
35 22
11 3
72 7
66 85
2 15
6 19
19 85
27 13
55 82
46 58
16 32
16 36
42 8
4 16
8 19
26 3
8 20
67 57
18 30
30 29
19 40
66 65
2 80
74 71
41 56
56 19
43 28
10 47
59 52
85 35
19 10
8 63
89 26
10 70
16 68
29 48
55 6
3 18
32 72
84 30
36 53
86 95
21 13
94 89
35 2
42 76
63 36
6 60
63 41
10 61
60 19
19 65
91 24
75 78
83 84
53 58
48 72
15 46
25 18
96 91
64 57
72 93
68 40
16 24
7 13
63 75
95 38
16 67
23 54
86 66
0 94
96 90
8 31
40 55
98 32
37 32
39 22
61 62
84 83
73 14
32 69
2 97
96 7
45 97
55 57
70 21
32 95
60 67
44 25
1 78
30 7
73 91
5 8
10 4
79 40
20 18
41 11
44 26
72 71
63 32
96 12
69 1
1 46
36 87
26 18
44 64
78 52
92 55
58 91
58 55
52 15
74 92
76 42
23 32
14 56
60 22
10 73
63 59
10 65
14 96
5 26
57 56
9 85
93 95
55 80
24 89
47 83
53 45
15 95
13 95
21 73
55 25
55 15
55 88
79 38
17 41
37 72
90 55
98 67
38 48
93 6
86 41
79 30
24 6
91 64
87 55
21 81
27 8
49 49
96 3
0 75
11 63
15 3
29 83
5 43
27 62
42 97
25 28
81 35
66 32
21 92
91 95
34 73
47 28
92 15
41 77
15 63
41 10
74 59
50 53
72 22
X
34 14
3 50
90 15
32 6
34 98
27 35
48 80
10 94
73 59
41 49
65 29
51 8
49 44
91 82
13 0
25 36
68 50
78 87
24 54
21 84
51 54
88 98
13 35
32 98
11 47
44 75
33 43
61 45
2 6
64 63
34 94
79 71
94 22
32 94
72 57
93 32
60 83
71 78
94 76
90 32
31 25
4 97
95 65
39 60
94 82
31 73
68 48
10 84
93 53
82 64
44 95
33 26
76 36
95 71
31 96
45 12
71 35
80 63
91 94
29 24
55 89
48 15
37 6
53 50
30 43
23 94
89 37
91 2
3 43
81 64
25 39
8 10
65 17
73 53
35 43
24 93
10 56
56 80
38 2
36 7
2 48
47 96
1 3
79 80
10 18
68 7
41 96
17 43
32 86
35 75
15 56
39 69
90 60
86 26
21 78
89 50
92 61
38 44
67 0
42 88
20 36
70 34
97 54
15 87
76 60
81 70
29 33
3 83
12 5
85 47
40 46
30 47
70 68
5 3
33 9
87 14
26 13
60 26
12 1
44 42
42 18
44 86
58 95
23 90
64 88
5 51
27 23
81 28
87 82
30 26
21 14
96 78
66 43
73 4
75 83
18 58
56 49
97 71
23 73
44 27
66 3
48 69
81 18
61 61
71 61
67 45
65 16
87 9
68 56
43 25
82 70
72 51
85 28
92 84
45 34
43 77
38 86
62 90
58 4
67 5
80 33
25 84
58 69
19 11
27 49
67 81
14 6
55 90
73 79
4 72
45 2
10 28
22 33
74 12
87 35
91 33
27 27
5 64
98 90
81 51
23 69
68 53
14 41
64 79
60 34
70 79
94 5
74 22
X
43 35
44 92
13 75
33 82
43 1
42 9
41 18
27 71
63 56
95 97
76 95
10 59
74 19
45 90
45 73
64 86
84 90
25 14
62 58
61 77
73 18
71 14
94 66
36 36
29 6
23 39
36 33
40 82
72 19
78 94
83 37
41 52
85 76
41 64
51 0
55 9
47 31
92 11
39 21
27 36
17 44
52 16
31 43
81 93
46 27
38 4
36 12
96 13
94 42
37 60
49 9
47 78
79 58
16 92
23 2
52 26
73 54
43 36
X
84 59
34 50
58 88
34 80
12 82
4 20
79 35
73 62
61 70
91 62
16 53
17 11
54 71
3 42
33 86
62 94
65 85
81 8
9 14
67 48
90 10
5 91
39 26
54 59
22 26
31 24
21 29
72 97
45 21
10 96
8 43
34 28
39 64
13 73
70 83
55 38
58 37
65 37
41 21
11 50
24 25
40 91
15 20
96 95
46 34
98 21
52 25
8 48
82 68
2 69
72 4
31 87
21 97
5 67
27 33
18 17
33 18
22 13
28 65
37 85
86 35
12 78
21 67
13 18
70 38
89 44
61 7
25 13
16 39
61 90
91 42
38 57
68 90
34 75
37 97
49 71
3 81
86 65
94 84
6 25
39 82
86 89
47 47
52 2
89 39
19 16
25 6
0 31
7 4
7 49
91 92
17 16
89 65
21 20
31 75
45 55
57 80
88 50
32 57
79 12
28 34
75 14
29 74
57 62
56 92
87 1
52 78
20 92
41 74
X
68 44
54 13
40 25
16 84
93 23
58 56
63 70
15 13
21 45
9 9
51 29
6 70
69 25
31 46
8 17
8 27
86 15
50 87
50 52
18 83
53 16
93 16
95 41
43 22
57 93
0 36
43 19
5 74
76 61
59 15
61 57
33 95
59 7
72 94
5 45
2 9
73 3
36 47
7 86
63 33
12 92
23 91
22 9
67 38
73 2
20 76
58 51
38 39
83 70
77 93
13 16
9 71
36 13
94 80
61 49
38 53
15 91
72 13
23 48
94 73
77 44
24 3
39 7
43 53
28 2
24 87
7 45
41 9
77 39
22 78
32 22
94 33
28 61
34 9
18 73
33 19
98 84
25 55
24 85
85 56
34 25
73 50
75 80
27 74
36 50
76 80
16 20
61 43
14 11
24 36
7 51
58 66
49 11
3 70
8 46
56 72
86 28
53 3
94 15
58 16
94 79
81 41
87 32
23 67
32 83
77 30
41 95
62 74
71 36
56 56
40 15
95 98
13 87
37 9
20 24
28 48
67 6
65 15
10 13
50 37
96 22
80 37
39 33
1 90
73 81
57 36
77 21
89 60
59 5
73 92
30 37
29 38
55 30
43 4
77 26
70 87
75 13
77 47
95 95
62 47
67 8
23 33
29 63
64 14
77 0
45 6
66 98
13 24
26 11
73 37
4 50
45 24
52 5
86 48
33 28
91 12
46 73
23 62
64 94
75 53
94 69
19 33
31 80
81 56
65 79
35 4
12 25
60 76
5 30
40 36
39 42
0 74
31 22
80 26
71 71
25 80
34 77
55 37
29 46
21 32
69 57
95 52
46 62
60 12
37 91
18 64
97 24
66 50
95 81
32 40
82 85
71 89
45 72
2 17
43 24
78 12
46 35
85 32
11 45
28 14
30 76
72 39
96 48
11 86
14 9
90 82
48 66
63 38
14 12
20 89
30 45
92 45
28 20
33 30
63 96
64 28
52 19
36 14
23 47
50 79
90 78
46 96
27 48
46 79
51 67
65 5
79 67
80 43
49 5
85 82
51 69
11 0
61 72
44 36
44 73
68 41
55 24
97 47
60 28
71 17
27 41
41 24
9 96
80 48
12 64
68 83
96 58
15 82
47 71
3 94
92 79
X
15 24
67 39
54 53
50 7
65 42
25 56
30 81
58 1
78 46
69 17
4 4
49 79
22 3
25 35
22 37
73 27
46 0
71 3
49 46
82 96
84 11
69 98
36 31
66 14
52 57
92 24
37 49
80 71
1 42
90 56
5 69
21 55
53 48
63 60
34 3
87 67
39 83
X
32 8
61 80
24 43
37 73
71 77
43 71
74 90
15 98
9 21
86 5
12 12
74 35
52 1
94 95
86 49
88 19
21 18
59 10
37 50
70 85
95 21
90 53
86 43
94 86
13 48
64 11
88 26
6 4
85 41
21 16
34 33
78 48
40 98
94 59
X
58 50
73 28
83 56
3 77
50 30
55 81
79 62
79 57
41 4
47 79
29 73
55 76
55 95
35 93
53 77
89 93
42 25
32 78
58 2
65 88
23 20
50 14
30 4
26 39
53 18
46 66
69 80
82 21
22 48
29 11
77 46
87 11
38 58
39 50
22 94
3 53
57 54
11 61
12 11
70 3
74 30
98 69
61 85
59 85
17 34
96 21
53 59
66 8
73 66
95 16
5 65
86 57
70 96
73 47
2 83
75 17
54 97
45 38
37 64
54 76
46 48
24 30
54 89
16 30
49 62
21 34
60 41
62 57
41 76
55 3
63 66
54 4
46 9
62 77
63 18
12 86
38 98
6 65
56 84
84 4
59 1
89 67
49 54
30 77
26 59
31 68
92 54
12 37
2 77
23 9
60 65
93 14
62 92
25 72
31 67
16 19
60 10
19 44
17 24
56 81
59 12
42 57
95 96
45 32
21 68
80 66
94 92
2 22
29 4
13 81
24 60
85 25
41 51
34 93
15 11
61 69
7 46
90 11
59 4
41 70
92 70
62 70
95 9
5 93
54 96
44 49
87 27
14 35
87 34
23 37
0 76
65 98
83 7
44 29
17 13
17 66
81 96
36 95
2 8
5 15
89 94
56 40
86 58
32 38
60 1
69 33
58 75
2 52
1 44
30 94
71 22
40 63
91 53
37 35
0 87
22 73
76 45
56 47
23 30
95 47
3 74
56 31
73 22
70 61
77 7
39 53
56 36
79 44
54 39
46 49
5 66
24 41
50 3
29 77
63 88
42 24
78 36
31 92
X
95 51
36 73
37 33
10 21
32 28
98 75
X
55 1
94 49
51 38
84 87
43 33
31 89
46 31
40 32
15 45
38 94
23 74
84 81
53 28
7 28
65 21
24 64
69 54
91 18
18 87
76 82
77 91
64 7
69 79
54 67
88 40
85 90
46 19
85 40
24 90
30 62
92 89
41 79
83 36
44 13
50 72
51 68
16 15
94 96
25 32
4 27
47 57
21 53
10 85
55 58
66 6
47 50
5 6
1 79
87 88
66 36
41 23
68 34
18 11
49 80
29 84
56 42
85 45
56 39
96 39
53 53
50 89
25 44
87 48
92 60
67 21
83 90
81 14
7 35
88 77
87 40
65 14
63 51
39 85
85 11
61 37
14 36
3 9
85 54
3 17
21 35
76 66
56 75
17 30
71 69
24 69
15 35
49 29
20 33
22 45
55 2
44 69
39 48
58 22
38 95
31 3
83 55
0 37
45 87
57 94
16 42
92 9
17 45
83 58
23 11
26 5
27 34
5 86
70 39
68 91
79 73
64 13
42 93
88 80
8 81
79 28
96 20
12 15
68 77
74 58
84 63
83 30
92 63
22 89
0 55
6 59
62 22
34 52
34 16
8 9
12 95
45 3
51 65
43 29
78 41
52 86
4 65
65 57
19 22
42 63
74 69
51 32
26 28
72 17
12 17
1 89
40 93
97 25
36 30
10 98
83 62
78 89
67 2
30 78
75 65
66 93
90 93
78 49
70 42
12 7
92 65
56 74
17 14
12 57
85 5
34 81
57 81
33 74
36 91
64 97
31 21
75 20
8 72
54 45
96 14
67 44
93 38
60 91
43 67
98 52
95 40
81 89
92 33
9 16
23 25
28 77
34 39
20 37
19 8
6 9
41 87
32 45
49 56
14 45
67 47
51 73
36 80
83 11
94 32
47 21
14 54
14 44
94 93
58 10
23 36
84 58
86 16
88 87
63 8
78 43
22 81
78 51
77 75
26 70
79 26
63 31
10 22
73 65
2 43
76 72
47 24
70 80
52 66
13 72
86 34
5 19
72 53
47 9
60 80
92 8
77 35
61 95
1 71
15 42
43 70
98 45
6 95
60 3
60 39
37 78
54 69
69 95
13 79
26 69
12 23
54 2
2 82
4 57
4 12
19 24
94 46
32 90
67 40
23 60
6 51
21 31
49 74
1 76
40 16
48 47
48 54
82 57
97 95
76 91
32 77
9 95
87 78
62 83
43 21
18 8
19 84
39 61
80 36
82 24
63 65
21 15
41 45
97 9
45 33
96 47
57 69
6 37
34 87
72 24
80 56
3 93
80 14
23 17
39 73
53 22
2 55
15 17
37 62
74 65
19 87
33 97
39 97
41 65
51 6
1 56
28 54
4 46
6 94
21 19
78 34
26 37
65 10
64 78
64 66
40 23
34 85
1 55
35 45
1 82
40 19
40 31
41 35
73 75
70 49
80 97
67 26
54 88
57 23
92 95
85 84
9 39
29 57
74 39
34 74
96 98
28 56
44 28
56 86
33 29
93 48
41 57
73 84
48 22
10 58
44 54
32 26
39 52
44 53
57 37
93 15
39 46
97 32
3 79
41 41
77 64
84 84
40 96
51 84
88 11
26 71
71 13
64 26
82 54
90 52
22 35
15 44
70 81
35 69
30 51
83 53
12 38
90 8
49 38
81 9
94 87
51 76
14 7
93 5
66 9
48 26
0 79
48 0
7 82
39 29
95 36
74 66
35 72
87 53
32 36
10 74
60 11
38 3
6 88
79 52
19 6
90 77
92 81
41 68
87 10
18 81
69 41
87 81
15 5
89 83
75 81
61 63
90 58
8 78
82 49
75 50
33 72
23 55
52 37
18 31
68 3
11 37
62 41
3 64
78 45
93 0
2 27
32 37
3 69
46 88
40 65
28 89
97 48
38 22
3 23
17 87
12 2
97 74
31 47
69 2
47 51
96 68
48 64
62 54
91 35
76 44
41 89
43 12
82 56
62 53
28 7
81 7
47 36
90 14
87 12
81 79
40 95
53 72
47 70
70 72
30 95
37 65
74 51
77 49
43 9
26 2
22 58
52 39
15 43
55 11
66 22
74 95
36 10
71 29
64 36
61 71
6 54
12 81
58 72
3 72
15 21
85 74
96 50
56 25
60 93
39 20
27 4
50 35
51 92
43 96
9 44
50 65
60 6
73 49
18 19
76 43
42 87
57 60
25 68
88 84
47 6
67 28
84 38
52 24
26 16
47 49
39 45
66 16
58 81
79 45
19 34
40 7
80 50
78 96
1 15
2 10
76 67
42 31
80 89
69 26
25 26
55 29
73 39
3 5
24 24
23 50
21 83
28 6
77 19
47 64
20 47
67 80
85 7
66 44
80 8
27 10
82 25
11 18
6 62
22 90
65 59
50 80
65 49
41 69
19 63
5 92
34 17
4 24
9 26
18 59
16 28
38 89
15 90
13 15
16 38
46 59
47 37
64 6
86 55
80 45
12 80
70 5
45 29
18 98
91 23
2 11
88 49
15 80
58 76
57 70
80 84
47 63
10 16
93 69
35 25
7 69
56 9
2 30
60 92
54 98
89 4
34 55
8 86
60 13
11 27
19 50
26 63
94 35
15 12
0 35
42 49
6 48
61 46
72 68
55 0
19 15
87 38
55 48
10 12
35 40
31 71
63 58
5 73
54 8
93 77
29 52
68 19
63 12
61 39
63 39
68 9
8 6
80 88
28 81
15 26
59 0
92 47
2 20
90 12
56 4
36 34
29 51
93 42
47 82
35 39
19 13
44 1
7 22
94 97
40 9
59 49
27 73
84 36
63 94
30 20
40 40
13 17
89 55
12 46
2 49
86 6
2 78
19 3
55 59
71 88
22 25
23 78
97 11
76 75
74 86
49 76
28 38
17 64
78 5
9 83
42 66
52 29
29 5
90 45
70 60
69 84
7 53
14 15
24 56
5 95
87 41
50 78
86 53
55 10
11 38
81 19
1 87
42 70
15 94
47 38
43 90
95 33
22 97
98 80
9 79
5 29
44 21
58 82
15 4
33 33
86 87
29 53
94 71
1 40
82 59
59 45
93 78
18 76
54 32
35 89
31 81
82 52
35 3
97 81
47 69
78 85
41 15
84 91
62 51
78 79
44 38
84 27
32 58
34 89
97 4
76 68
56 78
45 75
89 75
22 41
73 0
61 73
59 56
50 49
96 37
97 10
38 25
16 47
29 32
75 66
16 54
32 4
22 66
74 70
84 82
70 24
47 97
46 81
X
27 50
84 61
48 14
55 77
57 0
83 14
57 20
15 32
74 81
43 34
8 29
63 21
24 86
95 69
45 25
20 96
97 15
49 33
56 85
42 44
48 32
77 22
48 52
95 74
17 83
56 35
3 54
68 93
32 75
89 78
52 28
47 41
23 19
76 15
71 6
79 15
4 5
59 90
1 21
25 10
42 82
68 8
9 72
48 48
10 6
88 12
53 52
65 4
18 45
71 58
87 8
20 66
13 45
92 56
53 23
71 10
83 3
93 25
13 80
35 15
66 79
13 76
49 39
68 42
64 10
93 93
31 85
22 29
88 17
76 35
76 85
33 94
36 56
81 88
81 22
50 40
26 35
32 7
40 18
25 59
79 23
62 21
54 70
18 43
24 23
2 12
94 14
7 88
45 70
95 3
34 21
35 21
72 61
37 42
44 71
22 56
16 14
68 26
95 8
80 75
37 96
26 26
18 91
3 80
96 40
31 69
89 64
23 41
93 71
66 63
47 14
37 13
92 68
91 19
66 4
79 8
8 16
15 96
19 64
24 48
44 63
29 39
53 96
68 78
23 7
98 24
47 10
20 81
40 29
29 16
79 20
95 46
38 79
42 42
94 8
22 91
81 44
19 83
81 17
80 59
74 94
33 84
51 33
24 2
94 88
92 43
68 16
20 7
54 82
57 53
9 94
47 48
43 26
23 89
83 4
38 71
24 67
6 91
59 61
1 7
68 11
11 46
36 81
72 92
25 88
93 83
58 21
46 1
78 35
69 40
76 25
18 5
50 75
72 58
41 25
32 33
61 38
81 77
29 18
39 92
49 63
62 59
22 40
52 75
87 86
37 95
92 62
21 23
62 45
37 4
24 97
82 53
35 18
71 49
28 62
30 52
29 55
38 93
94 36
51 15
7 70
16 83
38 34
30 50
66 83
38 56
81 30
68 15
39 14
67 11
65 0
20 44
90 96
48 63
68 72
22 75
58 26
92 58
96 51
20 20
44 24
61 52
75 44
70 7
41 46
0 39
39 98
73 69
81 48
46 41
54 6
86 42
23 1
70 32
76 14
64 53
47 26
73 38
95 44
91 5
6 7
67 89
22 38
56 6
64 18
63 69
89 76
64 87
42 19
78 44
92 42
69 12
20 21
54 56
80 55
X
15 18
38 52
8 80
96 89
33 55
56 91
93 22
82 23
48 43
78 69
52 61
3 51
48 24
93 82
15 6
9 20
95 56
92 18
X
37 24
78 7
20 93
40 64
13 70
69 20
19 81
47 98
9 3
2 72
32 2
32 79
4 76
33 83
97 8
42 4
33 50
60 24
52 46
39 96
96 6
13 28
29 27
86 25
32 30
23 97
56 24
4 95
71 33
37 67
53 20
66 53
62 48
66 25
95 53
14 87
28 75
65 35
55 21
13 82
41 50
46 97
25 23
60 61
5 87
10 80
64 80
68 43
7 48
1 30
54 79
68 31
48 70
52 4
17 67
59 3
92 87
57 66
66 1
34 44
89 11
73 61
87 54
X
89 92
4 26
49 6
75 15
88 18
46 40
65 76
74 10
60 42
68 6
26 45
95 58
77 9
82 69
7 66
47 44
77 68
77 17
84 39
27 12
59 91
14 90
4 84
35 51
75 51
49 51
77 29
36 75
85 10
13 96
28 55
63 47
87 44
20 0
95 54
37 7
73 29
29 81
8 7
67 33
37 5
10 82
97 83
83 89
89 73
58 65
47 34
80 64
54 85
16 76
24 94
36 11
88 72
65 50
96 45
87 75
41 93
85 59
45 95
9 65
35 60
71 23
61 27
50 85
94 41
75 31
76 46
16 7
82 37
82 11
32 80
90 2
3 29
49 53
40 86
45 92
74 60
8 28
16 79
4 22
96 43
51 74
50 50
23 84
37 46
39 62
82 36
25 37
74 61
23 58
66 7
42 51
28 79
22 21
46 37
1 20
9 30
69 28
82 9
3 95
25 29
31 58
68 30
42 50
10 97
21 98
47 5
22 15
25 57
67 53
94 37
24 84
7 64
76 38
58 70
83 23
50 84
6 32
58 46
44 41
92 44
76 37
8 8
79 81
X
86 8
70 17
89 68
32 87
95 1
82 66
52 22
81 27
90 4
85 49
58 15
92 25
3 27
76 10
77 82
41 60
63 61
96 65
78 78
18 18
43 51
47 29
41 97
7 83
7 97
48 75
69 72
7 72
82 48
2 16
14 16
6 55
88 25
87 3
50 24
94 90
92 21
94 68
65 27
38 9
18 66
62 49
83 83
88 41
16 23
66 88
83 20
83 91
62 69
97 73
69 89
62 68
54 47
75 72
49 13
87 83
43 93
22 43
15 14
2 84
17 74
28 84
70 51
54 52
92 14
56 37
14 48
6 8
70 11
12 91
27 14
1 77
42 91
92 10
78 57
60 70
87 50
9 75
64 69
91 70
33 80
14 21
71 79
67 19
59 23
60 31
5 52
48 96
14 55
29 25
89 27
98 25
1 81
67 92
12 93
1 74
26 34
32 20
39 12
26 81
22 44
22 36
49 98
46 82
59 95
1 47
64 65
1 29
62 15
53 27
29 22
24 82
65 39
80 35
19 19
11 21
63 20
90 50
8 23
55 70
48 5
25 74
35 41
13 90
31 54
45 47
36 90
21 57
96 97
6 69
64 21
19 31
35 88
67 25
74 4
32 44
17 38
88 7
32 27
16 3
25 95
88 67
39 8
12 79
74 24
74 17
0 44
72 59
43 64
62 27
40 87
83 78
23 85
38 85
30 46
68 4
41 92
17 75
75 90
21 7
32 34
4 59
89 15
0 4
53 37
48 13
20 31
58 19
89 70
23 21
94 0
88 82
45 10
97 90
19 37
36 59
64 71
36 25
53 71
29 86
13 5
25 8
52 53
81 82
44 8
11 5
23 53
46 50
43 20
X
32 9
2 5
37 77
89 66
46 56
18 15
78 18
64 5
58 23
31 37
82 10
38 74
70 14
65 36
56 89
16 60
9 70
88 8
36 72
10 0
1 6
91 22
46 13
90 41
40 27
32 43
95 7
18 23
74 11
8 73
86 40
18 84
2 18
14 84
61 2
27 88
28 23
56 23
27 2
62 44
23 52
37 59
34 29
X
25 15
13 23
47 7
11 79
10 63
7 33
24 62
6 41
18 41
45 23
48 67
36 29
60 32
46 45
86 79
43 89
42 11
34 43
80 47
58 12
43 39
14 18
82 15
78 39
0 91
78 63
82 40
62 91
9 2
59 76
90 94
54 92
76 2
43 68
43 86
9 77
90 49
93 81
41 47
0 5
15 34
6 86
24 32
68 79
13 20
56 97
60 53
57 55
81 24
81 23
65 46
95 59
89 17
62 42
81 84
48 59
18 50
63 85
22 79
67 85
64 47
28 3
95 39
1 95
49 3
57 22
75 82
24 96
25 5
96 0
69 82
1 31
93 96
67 30
44 89
68 49
32 74
81 36
1 91
58 97
33 12
35 11
68 35
59 33
93 11
60 16
78 74
77 38
39 94
38 67
0 61
52 77
43 63
23 95
95 66
70 69
6 3
80 24
89 29
46 98
21 66
18 13
56 90
27 6
48 56
23 93
37 36
70 65
39 36
67 84
67 55
71 62
81 63
38 96
7 41
62 32
54 55
78 29
72 76
51 55
85 34
73 74
76 19
55 63
80 51
93 24
56 66
54 61
89 36
34 30
68 27
7 55
40 20
14 38
54 57
87 25
47 62
97 89
26 38
51 36
79 21
88 16
55 34
41 85
80 17
45 19
84 12
19 78
35 10
12 53
44 96
49 43
2 66
27 21
41 38
34 48
91 61
54 25
42 67
49 73
96 18
X
11 22
52 14
0 82
35 5
74 3
33 14
73 70
97 12
95 48
84 23
13 4
74 54
65 58
97 17
33 4
11 80
53 75
40 61
56 41
22 42
18 51
16 52
70 50
56 65
34 26
17 18
2 94
42 98
72 6
92 1
73 11
83 60
40 72
39 49
80 20
9 1
98 64
53 94
23 6
0 95
34 56
16 22
19 4
31 4
82 32
43 50
35 82
5 28
95 87
56 17
4 77
8 83
96 5
78 68
17 98
76 71
71 48
70 98
4 69
9 69
59 26
88 46
90 18
81 78
93 19
15 28
46 29
20 87
85 39
82 3
58 89
92 88
29 31
51 56
7 57
61 14
54 16
8 71
66 91
44 80
84 41
23 96
89 25
62 26
86 27
23 59
75 32
76 34
94 65
64 38
22 47
28 83
29 45
41 19
74 20
85 64
52 84
19 86
40 77
96 80
22 84
88 47
45 88
83 2
11 94
24 59
63 15
69 31
9 87
90 42
26 44
13 54
66 84
15 40
61 54
64 72
83 38
56 62
21 33
18 82
58 43
4 21
94 81
74 83
54 51
4 93
50 38
26 4
26 95
69 55
5 89
18 9
85 72
34 38
92 57
57 34
16 82
41 63
40 30
23 24
66 58
30 39
7 19
38 46
0 80
15 76
81 57
48 60
78 81
45 18
70 70
19 7
27 24
45 0
24 79
34 10
79 22
86 32
40 48
42 64
28 27
14 32
73 67
50 74
2 50
69 24
25 21
12 71
60 23
39 13
34 40
55 19
7 81
65 9
50 76
59 22
56 10
7 38
14 80
44 20
75 95
16 63
91 26
63 71
28 5
14 42
51 3
66 60
79 32
16 16
77 58
42 40
1 98
36 74
70 73
66 64
2 57
77 4
39 15
38 15
70 48
92 46
19 97
59 42
61 28
35 47
83 73
9 15
12 10
31 36
66 70
47 30
85 73
29 3
77 51
39 40
83 63
28 11
75 30
44 46
83 43
83 25
39 54
93 3
70 86
95 35
82 8
65 7
26 98
0 60
6 18
91 58
45 11
98 5
87 47
36 46
92 71
79 87
11 9
29 71
34 32
55 16
88 13
9 81
20 94
88 88
69 61
71 66
59 78
75 68
96 54
84 74
44 57
24 26
9 13
63 34
13 93
19 43
93 12
91 90
64 61
15 10
14 57
36 41
62 10
46 77
65 62
53 98
17 28
71 87
71 68
35 84
33 2
32 66
51 87
48 45
15 33
70 19
4 78
40 24
1 23
32 65
0 54
37 57
3 92
98 56
69 16
38 21
43 5
6 56
92 2
54 63
67 1
8 75
66 11
14 58
98 18
40 11
17 25
82 13
78 53
94 70
98 7
89 18
9 78
76 50
44 56
13 7
28 85
11 48
20 86
82 33
49 42
45 81
41 54
56 34
24 50
17 68
18 44
9 29
20 30
15 15
20 84
15 86
16 74
68 84
3 48
36 78
80 78
0 29
49 40
86 56
95 67
41 66
7 84
96 92
18 54
55 87
10 67
4 25
53 81
96 49
42 45
46 33
62 33
16 6
71 24
40 67
21 12
20 42
31 63
35 44
97 20
86 12
32 24
13 12
24 58
8 21
46 26
40 92
19 2
35 98
21 96
43 54
31 45
4 53
80 32
59 35
70 26
96 79
23 92
55 4
31 44
10 57
76 74
91 51
61 68
65 23
78 14
85 42
68 22
20 73
93 90
87 30
38 26
84 88
45 35
58 5
21 48
7 91
50 6
51 19
69 81
33 25
22 0
53 87
47 39
74 32
93 67
68 45
57 64
35 34
82 92
65 6
88 5
89 6
22 19
91 85
86 50
13 6
4 73
82 83
20 26
5 46
93 21
80 30
29 26
7 93
69 92
31 5
37 26
79 51
82 98
9 28
73 41
86 47
56 29
64 92
75 75
84 40
90 48
96 69
2 51
93 87
52 8
71 8
17 8
9 6
60 17
64 49
13 8
79 18
83 10
83 9
69 6
68 58
92 36
22 17
49 50
76 24
28 66
0 89
20 39
6 58
80 86
74 14
57 76
31 90
91 78
76 3
23 26
80 82
X
9 98
47 53
37 12
33 71
1 28
45 28
75 89
30 6
87 7
60 73
67 70
67 24
8 88
12 84
16 10
72 85
77 60
76 84
38 92
53 78
77 89
94 9
0 34
36 43
57 65
45 50
67 91
57 91
82 74
63 43
5 5
86 96
91 45
65 51
9 10
60 72
35 29
45 20
91 37
63 37
41 12
81 61
69 47
38 65
9 63
0 1
55 62
18 63
75 54
33 31
64 9
28 80
11 93
85 4
28 57
67 87
17 42
77 24
69 91
40 51
32 88
11 23
14 43
51 37
88 65
65 12
86 37
63 83
1 39
89 30
53 73
82 6
0 98
81 87
69 44
42 30
44 90
59 40
36 76
34 88
38 13
70 15
93 94
46 25
36 55
71 21
21 9
83 95
47 60
71 54
7 8
34 49
46 24
2 4
2 81
15 52
63 95
92 77
97 7
2 61
13 34
5 49
21 76
47 66
18 29
72 29
71 65
14 1
54 24
55 7
25 66
63 6
60 57
65 32
93 20
32 97
66 10
19 12
88 43
3 24
10 71
80 34
50 31
32 29
63 52
60 51
54 9
72 12
60 90
15 61
46 91
28 60
X
60 49
50 82
21 47
87 39
74 26
45 65
64 12
75 48
39 11
10 19
10 46
55 56
60 38
37 69
75 10
66 45
41 58
28 96
47 0
77 32
35 46
93 36
91 89
82 7
69 35
58 42
45 58
77 84
60 14
3 49
33 15
36 86
36 9
57 48
23 88
17 22
9 57
43 92
63 72
55 39
21 50
91 44
61 76
11 7
22 28
35 37
10 29
55 64
22 93
11 19
79 19
37 54
9 86
58 13
48 2
94 20
69 53
36 70
8 85
93 73
83 82
26 17
77 45
18 72
85 83
52 27
94 13
13 88
29 36
80 62
40 89
70 10
63 49
54 94
70 0
52 73
22 24
80 67
18 3
78 16
55 26
17 63
46 67
72 66
41 90
38 55
85 52
82 65
22 70
82 79
80 96
33 35
58 11
91 69
96 96
46 32
13 91
81 75
96 19
59 34
20 51
34 83
61 16
52 50
31 65
59 77
69 48
98 22
88 74
29 49
94 2
73 1
51 91
79 76
43 10
59 65
94 58
72 55
78 77
41 98
39 72
37 75
87 42
68 24
85 92
57 98
91 88
71 81
25 34
0 73
10 77
20 25
90 7
3 10
81 74
77 74
88 86
9 46
18 28
71 95
10 55
80 46
93 17
45 5
89 82
24 73
36 63
14 40
91 87
10 62
82 1
22 85
2 71
42 33
91 65
15 22
64 37
15 77
79 74
46 64
71 5
13 1
60 7
10 66
3 73
24 29
55 91
29 68
2 53
8 66
83 97
51 1
98 57
70 89
93 1
43 94
19 21
34 58
4 68
90 88
61 60
48 51
6 89
35 70
34 31
82 88
35 26
72 63
86 97
79 85
75 96
64 16
82 20
59 48
87 15
9 97
10 54
84 56
58 73
84 3
98 20
51 82
58 80
92 52
6 29
91 10
19 9
63 73
45 4
25 73
72 15
61 55
20 6
11 56
59 44
31 31
55 65
59 41
78 50
90 31
54 90
47 15
21 11
44 5
34 4
13 37
66 29
19 20
28 13
76 65
23 35
20 53
67 35
91 25
21 42
7 67
66 26
82 87
61 64
30 91
96 9
83 19
91 38
28 50
87 95
10 44
73 77
35 24
5 56
60 5
53 56
64 0
67 3
35 33
11 26
44 98
67 4
83 85
63 13
95 80
62 56
80 81
7 16
84 60
38 75
2 60
55 75
24 35
18 7
7 36
59 60
81 86
25 7
85 53
96 2
29 96
67 42
0 32
55 55
29 69
11 49
8 44
18 25
44 81
96 16
4 8
93 61
36 88
20 15
42 38
90 3
78 62
2 42
19 96
36 49
78 6
31 95
96 52
75 52
7 98
85 78
88 57
51 47
96 72
98 11
24 95
7 54
48 95
78 33
86 77
51 20
14 47
79 82
64 52
67 43
33 22
X
50 43
94 44
64 98
62 79
50 71
30 90
10 20
13 13
11 68
82 97
74 75
38 77
56 55
11 59
77 96
11 2
78 30
46 74
30 96
48 40
26 68
95 78
1 64
13 89
64 35
35 83
90 71
9 80
93 89
77 8
62 34
59 93
29 76
23 63
52 58
69 5
35 86
94 91
71 93
71 97
15 1
41 48
73 71
15 93
91 74
40 12
10 45
10 51
3 67
54 78
98 66
25 43
68 96
92 96
58 35
56 57
72 34
55 31
46 89
22 27
21 37
17 3
76 22
59 50
76 23
33 81
40 52
28 35
57 63
14 33
93 74
82 43
39 9
83 12
90 62
9 24
50 88
61 23
96 4
48 8
9 4
29 54
X
44 47
40 57
3 84
45 91
13 26
69 58
60 74
93 41
17 60
13 55
76 96
86 90
51 88
77 27
90 29
3 96
51 34
89 38
97 44
28 32
62 28
27 25
20 8
44 66
8 13
57 17
56 18
50 90
85 96
84 55
0 12
1 73
13 98
91 30
14 92
60 2
13 33
36 23
31 57
12 88
58 79
62 11
17 97
90 87
28 33
29 23
86 4
41 13
72 70
82 80
58 63
45 94
28 49
19 92
25 71
71 72
31 34
7 73
45 13
35 71
40 49
98 31
75 22
86 72
72 60
93 18
30 2
57 27
22 72
25 3
18 74
95 6
X
36 84
12 14
22 76
52 55
11 54
36 8
24 4
89 79
38 24
58 67
24 81
39 51
40 60
68 28
7 80
88 48
17 82
18 48
21 3
66 2
23 3
66 38
10 75
63 2
24 1
80 65
81 53
94 62
52 40
3 97
89 33
60 43
25 94
73 55
74 21
24 71
44 48
36 85
14 26
77 71
46 21
9 17
93 13
30 86
42 48
4 70
65 52
57 18
91 54
55 17
45 46
13 2
93 4
66 49
6 84
78 8
93 68
38 70
55 44
61 10
88 95
21 38
71 12
11 53
16 98
67 56
43 56
5 54
2 63
X
37 34
90 43
3 6
55 72
52 88
49 95
61 59
9 35
82 63
85 14
67 78
12 19
52 0
26 66
57 82
98 26
39 66
59 79
26 29
70 75
16 87
82 4
81 45
29 94
25 83
67 58
64 51
6 26
3 8
23 49
49 70
11 17
80 93
96 29
13 57
50 70
27 97
76 87
48 61
93 88
72 0
92 85
87 59
26 32
14 81
23 83
28 44
9 7
72 2
68 5
48 9
49 55
61 50
74 13
58 17
41 7
64 2
79 53
48 11
28 63
11 13
94 55
18 89
79 46
16 55
48 34
32 46
10 14
78 47
21 70
80 61
16 77
20 69
75 11
47 4
42 17
24 57
9 52
89 16
85 85
74 96
10 10
50 41
85 12
88 35
3 60
93 97
76 58
46 7
78 64
95 5
91 50
84 68
52 90
88 24
54 3
48 12
75 46
71 9
61 78
57 75
16 58
58 36
91 56
39 56
94 57
23 79
65 89
12 28
5 16
89 52
19 48
45 64
93 55
90 89
64 43
44 4
48 68
44 68
10 78
71 50
32 54
95 92
19 45
58 74
19 82
92 78
18 35
70 6
86 33
38 69
16 88
16 46
28 45
53 12
90 64
83 93
48 37
26 9
60 20
42 73
73 43
81 65
17 76
0 15
4 74
88 54
48 36
17 37
71 96
15 89
69 50
93 79
4 6
3 15
28 72
9 58
1 41
81 92
14 39
21 51
13 83
56 63
85 33
87 36
34 47
55 32
25 17
47 12
38 40
68 92
70 36
12 21
39 89
67 82
31 79
92 48
41 17
21 8
33 89
22 51
50 73
34 5
13 19
29 70
70 43
X
84 35
92 50
75 43
6 66
70 2
24 53
6 27
0 30
57 15
15 97
38 51
4 54
65 22
12 48
82 29
92 82
63 1
49 52
67 62
82 94
84 96
52 33
22 77
97 70
76 53
79 33
49 89
62 76
77 10
15 48
39 6
93 54
94 72
93 63
20 79
77 36
48 97
13 38
66 31
34 78
44 67
48 62
18 88
5 22
22 88
42 16
75 12
40 76
57 35
91 47
82 95
56 7
23 61
75 85
29 72
91 83
26 54
26 55
84 65
71 28
56 93
1 5
40 62
2 56
67 60
9 11
43 8
83 26
96 66
61 6
39 34
63 50
38 35
92 32
94 45
22 82
6 40
63 53
88 61
42 89
77 42
37 39
71 38
44 18
33 58
26 14
95 57
59 38
27 7
64 19
65 56
47 54
58 52
82 67
97 0
2 96
57 74
95 68
27 5
91 32
84 13
27 92
96 67
82 89
25 61
5 4
83 39
21 36
53 92
64 84
16 44
31 62
68 18
47 16
22 39
79 27
57 61
20 52
26 72
18 34
82 5
47 32
73 12
30 28
2 39
83 13
81 26
24 66
61 65
44 88
89 51
74 87
67 79
69 78
22 8
62 14
40 75
36 66
47 67
59 20
81 2
28 39
66 87
83 61
17 50
97 58
57 10
70 4
7 62
89 12
12 55
42 27
62 37
78 80
64 59
66 89
57 90
60 55
82 19
12 27
76 51
31 30
1 45
24 51
84 29
82 50
75 62
3 31
17 5
18 10
58 71
70 31
25 91
84 7
80 18
65 86
82 41
86 14
60 18
96 38
89 7
29 29
53 65
9 82
71 70
24 16
61 36
94 77
15 7
87 97
21 22
22 52
52 72
71 11
83 8
65 48
47 81
74 73
75 77
72 67
17 52
53 6
46 6
80 2
17 23
18 1
64 50
17 58
61 24
60 4
55 96
40 84
55 71
87 2
17 47
75 55
36 62
39 47
30 92
19 38
48 27
25 76
6 43
11 20
67 90
23 86
89 3
10 39
5 40
79 97
22 68
6 22
87 73
69 34
5 85
1 11
35 49
X
76 1
86 38
50 39
53 26
32 47
82 35
76 6
86 98
23 10
69 49
34 37
9 42
81 73
59 59
50 23
70 44
20 27
34 45
53 63
35 38
36 48
37 93
51 17
89 95
54 93
13 10
52 21
75 28
98 70
38 42
78 24
44 9
23 80
14 83
83 96
42 35
52 59
54 49
36 94
45 59
62 60
88 6
49 25
64 34
20 10
7 92
19 41
10 11
93 72
40 34
30 65
4 94
5 50
63 92
65 8
95 15
48 16
83 65
55 23
19 54
64 39
24 61
20 9
6 50
88 3
74 49
70 74
29 17
47 27
17 84
72 79
16 9
95 18
19 36
58 64
23 22
54 77
57 51
8 64
83 6
85 95
26 57
90 17
39 44
10 52
23 23
79 48
84 77
91 1
28 59
43 66
80 27
55 97
51 49
56 0
36 32
22 30
65 66
47 40
15 16
60 71
64 85
51 96
47 13
63 4
6 87
45 49
96 71
17 46
43 55
27 96
21 72
69 83
16 5
35 52
79 14
86 3
49 69
53 49
56 15
94 61
3 46
21 49
89 5
22 49
44 40
50 47
66 39
14 77
58 9
53 90
15 58
39 43
25 90
34 2
24 55
23 12
79 37
77 86
17 89
33 90
43 42
44 72
3 88
17 48
25 33
78 20
19 79
43 95
42 36
48 39
88 45
13 41
98 13
31 94
42 41
87 66
93 91
85 26
84 42
47 84
59 14
50 55
59 51
6 85
50 34
12 87
90 81
45 41
27 55
77 80
4 55
36 54
15 49
15 53
77 52
46 39
21 86
65 83
52 69
10 64
49 68
21 4
17 12
10 17
33 17
61 17
80 77
89 81
55 74
87 24
88 66
98 82
89 41
11 11
42 26
17 15
54 87
98 89
85 63
31 77
37 47
38 90
66 28
85 1
53 1
66 80
17 9
8 45
91 29
98 63
68 59
21 79
77 63
42 90
23 29
81 85
59 27
78 40
35 50
33 77
68 12
38 78
21 56
81 42
70 88
12 24
66 17
74 18
65 63
0 53
51 18
32 23
75 39
86 78
68 37
8 5
59 71
29 87
3 78
72 47
8 97
4 30
33 36
35 90
89 47
94 98
29 75
78 37
34 20
92 75
25 38
59 9
52 6
49 7
73 93
45 8
12 42
87 46
26 62
42 96
16 12
88 39
70 55
65 75
18 24
81 66
23 8
45 79
81 32
66 92
86 84
20 29
19 32
27 28
65 41
84 85
17 79
29 7
60 64
64 62
77 81
79 36
61 44
38 49
12 83
24 70
73 85
51 2
50 13
31 88
64 4
63 80
49 15
31 27
66 61
35 1
57 71
51 71
93 46
26 7
71 45
34 46
35 74
65 43
58 49
31 91
85 21
39 59
67 29
49 32
10 27
40 97
61 75
79 94
67 88
21 28
53 30
17 32
45 22
61 66
11 36
24 17
15 9
56 68
21 0
19 52
89 40
53 8
89 54
98 2
1 60
33 92
33 51
26 53
33 78
42 46
12 9
11 6
76 0
84 14
1 61
64 8
74 72
52 70
38 64
13 49
74 34
51 93
74 93
13 44
51 46
18 2
82 60
23 82
12 72
48 10
71 7
51 89
50 2
67 31
35 13
76 27
40 10
33 48
4 86
34 92
83 77
70 35
73 48
24 52
94 94
96 1
81 94
14 34
26 60
64 77
2 74
53 67
29 62
72 49
81 33
44 19
6 64
65 70
57 16
64 93
20 83
18 26
80 69
56 46
4 92
20 14
14 5
10 86
7 74
35 12
14 70
53 14
6 5
61 25
24 75
3 56
91 80
12 41
36 89
9 27
20 50
78 21
72 43
54 12
49 10
59 86
91 49
35 30
8 18
76 13
18 38
75 7
82 38
14 30
38 32
95 20
26 23
98 76
77 87
66 5
35 76
95 37
11 65
83 44
68 55
65 38
91 16
89 71
43 47
63 46
37 71
19 25
45 52
97 49
46 28
81 49
49 82
26 36
22 59
3 14
17 85
3 52
X
88 92
12 68
93 30
0 45
43 57
19 94
26 8
89 49
22 83
26 10
37 8
49 37
47 56
26 41
48 46
74 8
46 78
9 5
92 76
75 35
63 97
52 65
76 59
92 90
13 85
59 70
61 21
82 31
38 5
40 47
44 30
70 93
48 53
85 98
66 48
8 87
80 29
25 58
37 61
78 88
83 35
8 69
53 0
50 17
37 63
97 26
33 65
30 72
12 54
84 66
16 48
68 33
60 46
41 53
49 88
93 45
23 42
81 97
84 26
97 16
42 32
68 25
8 79
56 94
7 43
78 59
59 69
50 25
34 72
23 34
90 61
38 61
38 91
75 60
17 54
73 72
24 40
77 53
91 7
66 47
94 74
77 14
67 34
37 87
62 93
55 73
55 68
21 25
29 85
54 20
76 29
76 41
81 76
41 28
98 3
19 46
92 34
13 97
73 40
68 88
83 52
42 15
57 57
69 27
59 66
23 70
20 45
67 32
60 37
85 89
12 77
31 66
96 82
55 12
50 62
68 17
70 97
76 89
34 86
38 82
80 49
91 55
98 29
3 59
25 30
75 49
58 6
90 59
54 14
81 95
93 39
14 14
12 76
34 8
22 20
62 39
60 21
24 10
86 76
69 10
68 23
47 33
54 75
98 15
3 57
77 20
5 80
41 62
58 24
58 41
1 27
79 34
94 1
49 45
72 73
53 68
89 74
11 95
38 68
98 88
67 61
8 26
59 55
53 4
19 28
64 75
56 13
66 15
16 40
14 2
85 51
15 41
56 45
34 76
7 94
57 83
63 0
7 52
9 18
68 94
97 31
66 30
55 47
60 45
66 78
12 94
17 51
74 91
24 15
65 69
85 36
45 74
44 12
79 17
76 16
54 15
63 57
88 68
60 59
56 38
72 84
25 60
94 63
88 93
6 92
50 54
98 95
77 3
87 21
67 36
39 3
64 23
3 58
52 7
56 88
86 45
55 36
30 44
5 83
55 93
86 0
71 57
34 82
27 57
36 35
70 25
77 73
72 81
44 79
9 61
52 20
14 22
19 73
90 24
30 11
20 57
36 77
20 19
73 60
22 96
35 32
95 79
22 4
69 59
1 2
19 23
53 13
88 59
30 79
62 12
40 35
92 3
50 16
7 25
86 9
8 49
79 29
30 49
1 18
67 93
92 49
75 8
42 53
70 54
51 40
50 77
64 64
16 45
62 38
24 88
66 41
44 52
12 98
80 57
95 84
70 41
66 42
83 15
57 43
75 71
11 57
53 7
89 34
36 97
53 51
12 63
83 76
78 75
93 58
62 25
45 89
36 39
57 44
82 12
65 11
76 28
74 16
20 72
64 20
31 33
4 66
29 44
75 67
21 82
10 3
42 85
0 41
80 95
14 71
46 69
76 77
81 47
47 22
97 53
43 76
46 36
44 6
6 23
12 62
74 41
14 82
3 66
17 73
23 81
52 89
55 8
28 94
91 79
65 91
69 51
63 86
5 70
89 19
X
55 40
70 22
8 84
78 67
13 46
30 85
56 14
53 44
11 10
70 84
15 37
61 51
75 91
63 84
63 11
19 91
4 98
20 11
2 98
71 90
54 54
7 40
47 45
X
X
X
X
X
X
X
X
X
X
X
X
X
X
X
X
X
X
X
X
X
X
X
X
X
X
X
X
X
X
X
X
X
X
X
X
X
X
X
X
X
X
X
X
X
X
X
X
X
X
X
X
X
X
X
X
X
X
X
X
X
X
X
X
X
X
X
X
X
X
X
X
X
X
X
X
X
X
X
X
X
X
X
X
X
X
X
X
X
X
X
X
X
X
X
X
X
X
X
X
X
X
X
X
X
X
X
X
X
X
X
X
X
X
X
X
X
X
X
X
X
X
X
X
X
X
X
X
X
X
X
X
X
X
X
X
X
X
X
X
X
X
X
X
X
X
X
X
X
X
X
X
X
X
X
X
X
X
X
X
X
X
X
X
X
X
X
X
X
X
X
X
X
X
X
X
X
X
X
X
X
X
X
X
X
X
X
X
X
X
X
X
X
X
X
X
X
X
X
X
X
X
X
X
X
X
X
X
X
X
X
X
X
X
X
X
X
X
X
X
X
X
X
X
X
X
X
X
X
X
X
X
X
X
X
X
X
X
X
X
X
X
X
X
X
X
X
X
X
X
X
X
X
X
X
X
X
X
X
X
X
X
X
X
X
X
X
X
X
X
X
X
X
X
X
X
X
X
X
X
X
X
X
X
X
X
X
X
X
X
X
X
X
X
X
X
X
X
X
X
X
X
X
X
X
X
X
X
X
X
X
X
X
X
X
X
X
X
X
X
X
X
X
X
X
X
X
X
X
X
X
X
X
X
X
X
X
X
X
X
X
X
X
X
X
X
X
X
X
X
X
X
X
X
X
X
X
X
X
X
X
X
X
X
X
X
X
X
X
X
X
X
X
X
X
X
X
X
X
X
X
X
X
X
X
X
X
X
X
X
X
X
X
X
X
X
X
X
X
X
X
X
X
X
X
X
X
X
X
X
X
X
X
X
X
X
X
X
X
X
X
X
X
X
X
X
X
X
X
X
X
X
X
X
X
X
X
X
X
X
X
X
X
X
X
X
X
X
X
X
X
X
X
X
X
X
X
X
X
X
X
X
X
X
X
X
X
X
X
X
X
X
X
X
X
X
X
X
X
X
X
X
X
X
X
X
X
X
X
X
X
X
X
X
X
X
X
X
X
X
X
X
X
X
X
X
X
X
X
X
X
X
X
X
X
X
X
X
X
X
X
X
X
X
X
X
X
X
X
X
X
X
X
X
X
X
X
X
X
X
X
X
X
X
X
X
X
X
X
X
X
X
X
X
X
X
X
X
X
X
X
X
X
X
X
X
X
X
X
X
X
X
X
X
X
X
X
X
X
X
X
X
X
X
X
X
X
X
X
X
X
X
X
X
X
X
X
X
X
X
X
X
X
X
X
X
X
X
X
X
X
X
X
X
X
X
X
X
X
X
X
X
X
X
X
X
X
X
X
X
X
X
X
X
X
X
X
X
X
X
X
X
X
X
X
X
X
X
X
X
X
X
X
X
X
X
X
X
X
X
X
X
X
X
X
X
X
X
X
X
X
X
X
X
X
X
X
X
X
X
X
X
X
X
X
X
X
X
X
X
X
X
X
X
X
X
X
X
X
X
X
X
X
X
X
X
X
X
X
X
X
X
X
X
X
X
X
X
X
X
X
X
X
X
X
X
X
X
X
X
X
X
X
X
X
X
X
X
X
X
X
X
X
X
X
X
X
X
X
X
X
X
X
X
X
X
X
X
X
X
X
X
X
X
X
X
X
X
X
X
X
X
X
X
X
X
X
X
X
X
X
X
X
X
X
X
X
X
X
X
X
X
X
X
X
X
X
X
X
X
X
X
X
X
X
X
X
X
X
X
X
X
X
X
X
X
X
X
X
X
X
X
X
X
X
X
X
X
X
X
X
X
X
X
X
X
X
X
X
X
X
X
X
X
X
X
X
X
X
X
X
X
X
X
X
X
X
X
X
X
X
X
X
X
X
X
X
X
X
X
X
X
X
X
X
X
X
X
X
X
X
X
X
X
X
X
X
X
X
X
X
X
X
X
X
X
X
X
X
X
X
X
X
X
X
X
X
X
X
X
X
X
X
X
X
X
X
X
X
X
X
X
X
X
X
X
X
X
X
X
X
X
X
X
X
X
X
X
X
X
X
X
X
X
X
X
X
X
X
X
X
X
X
X
X
X
X
X
X
X
X
X
X
X
X
X
X
X
X
X
X
X
X
X
X
X
X
X
X
X
X
X
X
X
X
X
X
X
X
X
X
X
X
X
X
X
X
X
X
X
X
X
X
X
X
X
X
X
X
X
X
X
X
X
X
X
X
X
X
X
X
X
X
X
X
X
X
X
X
X
X
X
X
X
X
X
X
X
X
X
X
X
X
X
X
X
X
X
X
X
X
X
X
X
X
X
X
X
X
X
X
X
X
X
X
X
X
X
X
X
X
X
X
X
X
X
X
X
X
X
X
X
X
X
X
X
X
X
X
X
X
X
X
X
X
X
X
X
X
X
X
X
X
X
X
X
X
X
X
X
X
X
X
X
X
X
X
X
X
X
X
X
X
X
X
X
X
X
X
X
X
X
X
X
X
X
X
X
X
X
X
X
X
X
X
X
X
X
X
X
X
X
X
X
X
X
X
X
X
X
X
X
X
X
X
X
X
X
X
X
X
X
X
X
X
X
X
X
X
X
X
X
X
X
X
X
X
X
X
X
X
X
X
X
X
X
X
X
X
X
X
X
X
X
X
X
X