14 22
46 65
22 91
68 5
82 35
3 42
24 85
43 90
57 95
10 85
1 56
1 90
71 93
73 27
22 90
89 32
26 55
23 68
38 57
41 21
60 57
94 71
22 66
79 56
53 92
60 22
21 13
51 37
60 50
0 91
68 11
81 47
42 92
57 52
72 55
48 31
93 89
16 67
84 98
45 81
80 20
71 11
12 41
52 59
56 78
14 48
47 5
31 69
77 27
13 33
53 8
66 87
82 67
2 58
63 11
83 58
64 3
75 90
5 64
79 48
14 83
76 52
22 98
18 91
88 3
23 33
93 97
92 63
94 62
45 91
74 12
82 87
71 51
77 47
40 22
25 75
X
23 1
51 1
89 5
56 17
47 97
51 38
72 81
60 81
27 53
42 63
60 61
28 28
79 67
22 7
81 23
1 82
89 93
53 16
74 69
13 98
51 36
91 7
84 14
22 59
15 82
89 82
89 25
87 27
60 75
12 23
17 16
39 62
11 20
75 81
83 2
36 88
78 15
17 49
91 25
10 59
15 28
X
4 27
37 26
64 60
92 85
56 86
33 91
48 33
44 38
91 55
13 4
82 79
81 61
32 20
16 16
77 73
85 72
2 49
69 10
65 23
38 46
49 97
58 72
95 1
8 16
74 40
13 21
68 90
1 11
40 31
65 14
12 71
58 94
48 32
87 54
57 25
76 29
75 76
1 2
33 39
41 47
82 47
64 98
98 56
96 22
40 4
42 91
58 45
72 43
22 93
8 52
80 81
21 19
57 15
83 67
36 78
37 91
2 9
89 38
74 7
3 53
55 0
97 18
76 46
78 18
3 29
76 71
79 16
51 74
44 97
1 21
40 23
82 57
34 65
50 74
96 69
3 9
8 56
76 85
86 74
63 47
50 65
43 54
29 51
92 1
3 7
90 66
47 11
78 78
71 10
20 55
88 42
82 6
77 54
71 71
31 37
30 23
23 65
82 26
4 28
66 27
22 81
92 36
90 40
34 50
51 76
29 6
82 34
85 36
66 69
3 6
44 26
6 51
48 53
50 17
70 38
88 1
27 14
59 28
57 93
32 84
2 76
37 35
12 89
64 6
79 94
45 64
7 21
52 6
22 72
75 15
26 23
41 93
3 60
63 87
72 7
79 30
19 34
90 18
66 0
17 63
28 64
20 48
82 49
89 65
47 47
37 93
36 33
22 84
27 57
82 74
81 82
40 93
17 83
56 35
91 65
85 45
93 42
63 15
85 77
94 38
79 29
84 67
89 15
78 59
56 95
30 72
34 44
76 62
22 85
46 46
84 40
97 3
33 90
57 44
7 27
77 53
92 10
83 65
98 84
32 85
78 4
7 84
6 81
81 14
80 76
56 3
81 56
83 30
76 72
77 85
74 74
82 91
92 47
55 7
84 64
39 69
34 20
69 96
29 76
60 80
75 77
33 16
24 94
57 18
49 14
51 71
74 87
18 24
39 66
33 65
89 84
43 1
76 6
16 88
96 68
63 78
58 63
88 75
78 40
81 92
75 14
14 92
5 66
54 95
63 53
54 81
34 6
6 59
66 78
89 95
50 14
45 87
94 77
84 39
83 7
63 96
65 0
94 3
28 5
89 37
79 71
X
69 9
24 84
71 88
79 54
25 5
54 70
94 44
26 16
50 62
73 59
53 4
38 91
24 44
57 42
34 48
40 67
72 17
65 75
27 2
36 49
2 55
22 97
53 57
58 56
81 84
58 90
66 42
71 47
81 83
48 40
9 44
10 3
89 73
35 75
91 78
73 24
67 91
3 57
91 71
33 86
47 22
57 71
11 1
30 11
38 67
83 36
12 77
59 17
97 31
40 28
37 61
55 78
74 70
16 21
87 59
86 32
21 83
49 62
92 65
35 86
1 31
98 7
60 24
65 5
25 6
17 5
28 20
19 37
19 9
27 59
63 77
20 36
91 57
88 13
73 12
9 27
88 72
95 69
25 71
41 12
88 93
9 85
96 82
36 79
5 28
70 84
91 64
67 27
92 49
11 36
8 72
41 35
20 49
28 38
70 42
94 96
9 97
29 96
88 81
48 25
25 3
31 87
72 33
59 58
10 40
51 47
59 69
95 43
81 45
X
78 34
34 58
39 4
7 8
49 3
48 52
86 50
86 9
24 53
59 25
53 66
91 95
55 89
54 72
22 82
X
78 14
4 21
87 87
97 71
92 84
21 26
31 31
30 87
68 40
81 51
88 32
72 12
89 51
21 43
2 67
6 88
65 69
30 95
53 95
29 16
62 15
95 54
18 38
10 26
20 20
85 9
56 68
37 31
3 24
76 9
81 17
85 32
85 42
38 77
38 26
74 66
12 81
74 10
88 73
X
46 57
9 22
63 31
56 34
92 38
50 54
80 57
40 44
63 89
29 55
11 26
4 68
75 12
96 97
87 45
75 96
17 82
13 86
63 70
32 75
7 16
1 10
64 13
X
67 80
77 21
58 65
52 3
89 31
65 82
49 53
10 30
75 32
3 31
72 29
9 15
22 6
79 97
94 35
92 24
91 61
17 87
88 74
20 39
27 66
36 45
3 15
79 40
9 70
38 79
21 25
32 47
16 30
38 92
73 29
42 37
22 17
74 73
82 4
12 19
67 49
70 59
24 59
28 14
63 80
51 67
54 26
78 50
82 86
60 14
5 92
50 42
18 43
76 45
63 46
48 27
83 93
20 54
71 96
70 54
55 44
73 16
46 81
69 47
57 66
10 78
44 37
0 82
12 21
26 26
11 56
96 19
12 78
20 97
89 50
X
49 24
64 50
69 12
93 21
24 87
67 24
83 60
5 26
13 41
2 6
65 29
35 25
70 32
73 94
49 29
96 71
66 8
33 37
80 95
40 84
28 57
78 77
4 54
98 10
84 55
30 92
33 78
90 87
30 51
60 28
89 71
73 4
56 85
17 59
63 74
20 30
84 23
42 40
28 31
26 38
70 70
82 80
55 61
36 85
13 45
44 67
79 6
2 43
74 38
96 6
35 94
6 83
29 22
91 22
38 53
24 86
10 43
98 86
56 75
48 98
26 98
77 49
58 7
48 63
49 43
94 59
23 92
30 45
21 97
84 13
32 25
92 43
1 98
75 66
75 57
61 69
84 42
85 22
71 39
66 46
67 55
92 44
68 19
20 12
22 83
57 17
49 75
36 95
50 70
69 61
13 87
42 19
85 96
52 70
35 20
81 0
60 53
85 7
47 59
63 52
54 89
29 20
24 97
2 39
93 92
41 85
5 8
53 51
38 50
16 79
X
82 93
23 24
40 46
8 83
39 14
0 54
92 81
14 70
64 36
14 35
39 15
68 77
73 72
35 71
58 26
93 55
89 41
83 56
16 49
58 39
86 84
55 49
43 86
15 58
37 95
22 4
75 59
43 53
66 50
23 73
77 59
91 49
58 42
67 35
88 16
61 27
24 6
84 57
44 55
65 42
37 75
1 61
82 13
80 61
52 90
73 87
23 83
59 79
10 63
X
3 49
54 97
19 31
23 32
93 71
77 51
40 86
62 73
22 68
66 47
87 72
94 78
35 77
56 69
18 31
79 98
21 5
94 65
22 34
58 88
45 54
80 86
34 52
23 25
82 5
81 93
68 3
24 75
34 10
83 43
85 25
78 96
7 40
5 94
79 81
96 9
87 75
13 38
45 57
20 84
1 76
62 28
55 59
23 85
58 10
27 35
70 44
23 31
21 20
0 96
39 90
35 16
45 75
19 16
11 87
67 28
84 82
86 24
38 35
5 39
25 26
19 86
47 60
61 23
9 73
5 53
68 81
58 14
5 46
25 64
33 34
83 62
16 68
30 93
72 65
78 68
29 69
8 28
86 28
47 42
37 42
4 83
94 93
36 94
57 34
3 77
82 23
60 85
69 94
12 46
98 47
76 96
12 76
8 10
64 63
46 24
31 26
91 29
10 39
27 13
0 83
62 60
15 1
94 80
4 84
86 57
63 10
92 62
10 84
62 13
46 27
94 81
98 45
89 36
90 68
66 4
61 77
52 48
53 50
14 89
29 46
64 85
66 49
46 20
80 8
29 43
19 33
92 70
2 73
93 0
44 79
78 33
59 51
3 96
90 9
17 85
84 30
61 72
85 28
21 42
12 24
69 50
92 14
74 3
17 36
31 29
68 50
66 31
4 55
91 76
82 69
82 19
80 48
64 93
72 4
88 17
80 32
47 7
58 64
3 18
58 97
68 79
63 75
38 95
66 17
19 7
80 65
9 57
97 11
42 21
47 98
63 18
50 40
11 27
70 77
68 2
53 30
56 20
53 81
68 92
1 40
30 70
48 17
5 95
19 38
62 75
47 2
98 17
5 15
9 83
24 40
78 61
62 21
69 36
25 38
80 38
6 94
55 2
18 58
82 18
9 3
46 39
39 53
27 23
38 85
60 36
81 58
5 41
59 77
61 98
34 81
29 18
83 95
71 38
7 46
10 12
48 60
26 59
83 89
65 9
55 11
10 29
58 1
3 17
21 3
59 19
31 22
49 52
91 59
81 66
37 72
41 61
0 32
93 82
59 95
40 10
88 65
91 43
55 47
57 92
64 92
80 50
53 53
50 34
13 0
92 51
96 89
84 65
11 49
59 61
60 90
9 4
66 12
67 0
8 97
76 41
26 15
34 28
42 53
52 39
98 80
19 11
80 62
77 89
56 65
22 53
31 45
24 93
87 4
64 26
79 76
32 66
43 72
27 12
9 64
69 59
12 6
1 77
89 70
8 78
39 26
29 73
48 28
56 96
51 7
33 2
61 45
24 17
59 65
36 46
30 2
81 96
33 24
83 90
46 63
47 0
68 43
14 94
11 18
87 22
58 35
X
28 23
14 37
47 83
8 17
55 25
19 17
46 36
3 25
21 23
X
41 16
48 5
19 54
15 15
73 74
59 91
65 83
70 3
57 63
94 97
63 61
33 6
21 79
93 38
37 77
94 70
89 2
80 16
70 9
23 11
62 74
19 42
13 10
81 33
63 5
68 34
X
49 50
31 33
44 18
97 14
22 52
27 45
60 5
14 90
0 76
25 97
83 37
78 73
34 3
30 37
65 66
85 14
80 36
2 81
53 78
95 52
12 62
83 59
32 73
56 10
54 91
11 34
14 45
20 9
94 92
61 75
92 33
73 28
19 19
66 11
36 23
38 32
21 45
40 63
95 91
61 44
79 20
16 60
71 64
11 0
21 98
28 33
23 60
92 17
61 47
53 22
8 80
48 4
10 61
17 75
33 15
83 15
9 86
28 94
39 34
87 65
68 56
21 0
38 71
1 3
18 7
44 90
39 32
59 33
21 37
70 63
37 57
71 79
10 17
1 23
29 14
18 83
35 10
19 53
14 10
33 79
79 82
27 26
9 18
34 43
89 62
33 87
50 76
56 59
83 11
30 43
94 11
16 58
12 90
34 83
46 10
25 11
77 25
78 63
40 64
51 72
86 0
32 46
72 94
53 63
2 56
96 95
60 62
26 25
43 18
67 88
90 17
27 91
57 14
87 50
41 49
58 51
90 59
30 68
49 82
26 70
88 50
50 90
16 22
43 76
59 5
56 82
66 58
96 72
68 7
42 4
34 84
65 96
35 21
30 65
20 74
23 48
58 37
22 73
67 48
60 32
19 15
47 32
1 17
79 43
82 63
40 18
16 55
24 26
53 75
10 54
15 63
0 39
69 31
58 36
77 76
12 84
5 74
63 59
1 44
82 83
33 59
56 76
16 54
69 41
42 67
60 39
54 68
49 17
60 55
33 43
87 44
81 41
35 19
35 15
90 83
22 19
45 98
95 16
91 96
43 23
67 70
37 68
56 73
93 83
83 23
50 66
89 17
93 39
33 40
77 34
24 21
56 63
7 35
76 65
66 38
23 49
84 38
74 31
55 16
40 40
23 28
61 24
35 7
31 39
21 96
88 68
23 55
26 69
75 82
79 45
79 93
49 71
69 57
48 29
21 14
14 38
78 87
7 88
94 46
92 95
94 37
2 52
78 79
15 52
92 52
51 0
79 39
41 18
87 55
13 50
4 26
94 5
52 89
66 26
7 43
58 89
28 56
11 54
14 26
75 78
60 7
61 76
38 39
42 66
8 6
88 61
29 66
93 63
74 86
65 86
24 91
55 51
76 86
50 50
7 82
62 14
47 49
45 32
27 72
19 51
78 55
76 8
49 7
X
32 54
60 65
9 2
53 21
79 22
86 89
7 22
98 37
67 43
56 51
81 77
88 35
33 44
57 82
0 40
69 49
96 98
75 75
60 70
82 88
70 37
60 30
50 33
79 87
92 15
62 55
61 63
90 61
14 53
25 89
48 24
25 7
3 88
80 93
57 91
4 87
17 13
10 11
86 86
79 73
87 81
17 58
86 77
80 4
10 1
53 7
67 36
64 96
1 45
77 77
62 25
35 24
68 6
66 48
48 48
20 45
5 29
9 51
70 35
53 91
33 96
57 10
75 85
68 17
90 45
38 74
59 62
67 90
5 86
29 25
30 46
81 59
62 93
11 88
X
49 89
80 29
37 63
1 53
86 43
56 62
55 77
62 77
14 1
8 73
46 47
82 42
24 1
82 29
88 25
68 12
2 41
66 43
96 14
2 80
X
41 91
74 54
58 0
61 10
25 10
81 85
36 41
25 96
36 32
59 74
6 89
72 96
39 12
6 63
43 22
66 64
17 14
57 36
44 21
27 54
71 95
40 15
35 90
63 0
47 40
56 12
60 71
41 77
91 38
32 58
9 7
40 87
19 96
39 79
56 18
9 0
61 36
67 63
89 92
67 89
61 2
57 87
34 39
96 41
10 45
7 64
92 9
69 16
63 71
81 69
43 70
21 57
36 48
29 39
54 78
94 73
75 28
98 15
20 28
62 79
61 22
9 21
63 38
43 41
82 84
71 24
97 69
10 22
55 1
34 77
18 87
82 75
45 28
81 95
69 27
54 16
81 25
66 16
21 80
82 12
3 72
19 23
10 83
71 63
2 51
40 21
69 34
28 10
49 25
77 19
7 94
45 35
12 54
26 13
61 55
89 94
90 2
21 49
52 7
11 94
11 3
32 87
37 84
86 41
19 65
57 62
49 79
6 9
91 14
89 27
96 73
53 59
89 80
61 58
7 38
78 88
70 19
70 97
65 20
63 85
75 40
30 78
93 79
86 26
83 20
67 39
64 9
33 3
74 71
35 92
75 84
85 27
19 97
20 25
97 9
15 23
40 30
88 8
11 35
32 98
74 30
26 57
67 56
74 22
75 73
29 29
80 94
69 26
43 47
70 24
42 46
7 45
65 36
5 67
18 84
42 31
95 23
66 10
87 8
44 73
47 65
89 16
39 60
55 57
94 69
63 3
67 1
98 95
33 97
9 19
76 67
23 36
68 94
95 3
23 63
43 64
76 35
82 53
78 43
85 63
97 90
9 11
92 75
29 74
56 0
54 3
81 71
33 19
70 85
71 45
6 43
84 5
53 65
52 21
63 43
32 38
98 21
33 35
38 25
83 81
93 49
32 56
89 45
65 17
70 11
84 90
88 92
20 27
34 14
80 89
96 42
30 69
83 85
X
98 81
41 11
18 88
22 86
56 7
21 73
83 26
61 70
51 50
74 32
44 76
37 71
12 11
2 96
9 75
38 94
51 32
81 28
13 26
89 44
41 55
0 80
79 18
61 65
39 7
57 21
70 68
13 6
25 57
97 30
57 74
55 82
60 60
1 55
43 9
81 79
30 29
20 83
64 89
32 88
97 74
77 30
40 9
8 66
85 21
20 23
26 56
33 29
45 4
29 64
41 4
39 54
45 8
91 83
58 91
46 53
78 60
85 82
88 43
31 72
13 12
15 91
61 1
88 88
X
97 7
41 36
16 52
52 40
20 66
13 89
38 42
22 55
63 66
50 89
15 43
39 50
73 84
89 76
29 1
73 35
78 5
13 71
82 44
93 24
18 3
79 63
7 98
2 59
71 20
17 45
41 95
97 12
27 4
32 78
76 19
70 62
21 9
86 38
64 83
47 44
1 95
49 6
11 5
9 24
21 34
21 90
48 55
17 79
85 37
0 31
13 91
69 91
65 7
2 48
87 49
42 51
34 93
18 89
68 60
58 55
16 38
76 36
85 8
81 68
32 83
19 21
66 3
25 55
1 18
33 51
72 71
38 52
79 42
98 20
73 71
86 10
59 40
56 91
28 36
82 64
77 41
7 66
25 34
85 38
31 30
60 49
60 16
38 13
24 32
59 56
16 11
17 35
42 49
19 92
62 86
70 6
75 38
75 80
82 92
61 26
95 6
79 21
93 4
98 3
80 66
74 29
76 21
22 89
7 48
85 79
14 73
95 14
25 45
97 95
6 23
34 19
13 15
19 66
24 15
0 81
71 80
90 64
34 25
24 54
82 7
23 97
50 23
55 75
68 23
55 22
67 78
28 72
81 64
44 45
55 6
2 16
80 22
78 12
31 4
88 78
80 54
88 33
79 80
68 8
49 81
10 68
61 86
98 31
27 16
21 53
87 35
33 58
95 67
74 83
72 66
93 5
50 15
20 56
51 87
37 34
12 87
85 76
16 43
35 72
20 38
6 82
9 74
70 39
82 15
56 94
54 87
29 63
55 45
73 43
84 8
16 36
13 24
63 14
57 88
29 95
44 53
81 24
95 80
71 13
74 14
47 16
61 46
26 54
90 26
3 94
41 59
8 12
52 77
12 82
51 66
64 17
7 37
85 34
77 9
75 42
18 13
45 47
34 34
39 92
33 55
25 17
10 75
90 80
28 35
15 40
95 40
55 26
63 57
68 83
75 39
44 48
34 5
6 5
80 2
65 39
41 69
93 65
94 7
33 88
67 40
91 1
34 85
X
50 6
76 42
45 21
35 6
24 56
90 14
12 10
33 71
11 85
25 98
57 56
73 21
49 83
37 70
42 5
83 10
29 44
75 33
32 33
44 42
84 3
22 13
89 33
70 55
12 18
60 69
88 48
60 93
74 60
71 67
23 29
16 93
29 75
9 9
3 64
88 66
87 25
36 10
68 53
73 54
95 15
27 39
45 33
91 45
28 60
94 64
13 81
34 8
23 69
70 17
88 59
56 93
46 22
54 8
31 74
19 3
11 58
21 68
42 33
33 23
93 47
85 66
61 7
7 33
11 8
92 67
90 79
54 2
X
48 80
5 56
85 92
92 20
17 41
51 54
48 0
20 19
57 55
67 60
3 54
84 54
10 67
94 82
45 3
X
68 26
56 5
36 63
57 16
31 27
56 44
28 66
17 89
3 56
74 91
87 67
96 12
90 38
25 60
74 18
70 25
55 50
40 77
32 9
59 52
73 18
9 79
84 83
49 44
66 14
0 74
94 13
51 93
59 90
31 65
4 46
96 5
15 17
7 44
31 67
78 56
31 44
64 54
51 82
3 69
76 61
64 11
15 48
51 45
87 77
80 49
11 37
27 10
35 33
38 64
19 43
60 54
37 32
68 9
93 15
31 34
93 33
46 61
53 47
76 40
39 24
38 73
19 73
42 9
12 64
40 76
59 46
18 9
27 63
48 75
9 16
17 25
33 18
57 72
27 33
61 52
15 5
97 10
15 93
74 43
20 94
96 88
55 71
10 13
65 33
34 75
44 20
61 51
32 36
29 80
15 6
36 43
56 83
9 47
18 90
58 73
6 66
33 28
67 92
55 41
16 5
50 30
63 22
72 59
53 46
35 45
8 8
78 57
72 35
46 89
57 70
8 61
57 59
64 43
61 56
57 57
70 88
53 48
50 84
12 0
72 63
1 83
54 12
12 16
58 43
9 13
8 9
90 8
22 3
49 49
33 81
91 51
56 88
69 15
10 8
29 84
35 39
26 28
24 60
57 11
86 56
14 5
55 55
86 97
53 0
10 55
14 84
62 96
33 31
11 23
25 28
28 85
3 78
44 63
15 3
45 49
9 71
63 49
73 10
87 10
76 14
1 30
27 92
74 36
46 1
42 42
84 26
26 60
67 81
64 7
29 65
X
36 29
25 29
46 35
44 19
33 36
91 46
50 88
48 59
72 22
8 43
5 49
63 56
1 41
78 89
4 69
60 37
25 43
37 53
63 7
61 60
95 45
22 44
5 30
77 87
93 56
34 80
96 45
12 22
39 13
18 41
20 41
76 95
6 25
26 91
39 3
47 37
42 72
46 0
47 71
94 42
86 80
61 37
45 12
57 30
38 43
71 16
60 59
92 71
65 10
24 71
37 48
78 44
20 90
68 72
69 2
54 24
27 56
26 4
0 12
9 52
32 74
86 48
27 50
56 14
52 57
38 4
15 12
56 38
33 77
95 53
32 26
76 10
54 6
9 81
75 71
60 20
74 20
29 8
51 53
83 4
46 86
12 79
8 47
30 96
58 2
91 23
54 94
11 98
58 12
78 8
55 37
20 72
89 79
70 22
27 27
94 98
24 66
66 97
59 32
39 94
87 95
5 83
36 76
80 73
34 11
38 44
19 22
85 33
64 66
41 60
10 64
64 61
6 31
31 35
80 6
26 32
53 6
44 28
40 20
59 85
39 8
25 69
46 54
69 44
41 9
50 78
77 16
0 35
21 67
81 9
84 66
46 45
81 38
67 37
62 66
82 60
32 48
18 40
51 69
92 53
85 64
91 80
74 52
59 37
3 82
3 16
66 80
64 23
57 89
62 44
76 27
47 82
75 35
59 35
6 54
87 53
80 31
28 95
51 28
22 8
46 82
17 4
77 4
15 46
39 23
46 50
52 63
49 54
10 21
39 29
92 11
36 69
90 55
96 23
44 8
3 10
12 42
53 12
1 37
23 75
94 94
71 75
4 22
43 24
96 49
20 81
23 81
15 41
54 15
90 43
75 6
78 17
20 52
54 55
5 22
12 83
13 11
59 16
30 47
4 79
63 73
40 11
86 6
79 49
92 58
40 26
37 37
9 42
17 98
68 97
28 68
37 4
9 26
X
60 73
95 38
49 47
78 86
74 42
89 34
53 5
88 82
64 19
36 93
10 27
61 6
95 18
71 70
29 37
56 16
32 35
0 89
48 96
76 2
96 57
87 9
28 55
59 54
38 98
93 25
72 68
50 81
75 53
65 78
71 28
40 25
71 43
41 98
30 28
92 45
59 12
62 56
57 20
86 12
65 43
90 12
52 34
28 49
18 60
20 4
87 31
47 9
72 15
35 3
73 51
35 32
39 52
58 3
7 3
45 23
22 48
0 53
5 7
44 5
55 70
29 53
73 76
48 74
23 95
72 97
91 9
72 47
23 35
83 3
23 78
93 11
48 66
24 36
83 63
92 89
80 17
16 92
25 61
59 92
77 38
3 83
11 42
24 23
81 94
77 82
6 48
82 11
55 19
4 25
11 53
13 97
98 24
60 79
33 20
44 54
34 47
85 10
41 65
75 74
41 22
84 15
67 93
34 86
93 95
33 82
31 5
22 94
0 45
26 9
33 25
40 85
73 69
40 34
85 83
48 62
31 93
62 84
31 3
84 76
15 21
23 67
42 70
53 19
37 69
7 97
81 4
14 0
76 34
76 58
29 12
20 51
93 12
5 87
34 22
83 77
6 26
48 43
42 54
36 77
85 40
16 44
84 29
72 10
81 78
71 17
72 62
60 12
84 87
83 83
18 20
65 52
28 87
60 25
87 36
78 49
81 43
62 26
13 23
88 79
85 35
55 87
13 53
12 15
60 91
90 16
62 46
78 41
76 82
93 70
16 9
46 31
29 13
10 16
66 15
25 76
35 22
21 8
75 58
8 21
63 60
34 16
61 94
56 84
95 59
10 80
72 8
96 91
70 14
23 6
6 91
53 68
91 32
96 37
43 74
76 13
45 9
73 47
25 37
29 7
30 85
96 38
35 5
25 33
64 72
89 26
90 62
10 97
37 33
54 10
12 56
4 20
71 58
89 10
42 52
83 76
49 55
19 48
52 58
4 97
89 7
44 89
67 61
84 16
62 52
84 60
28 81
98 2
15 27
41 76
71 8
61 49
46 8
93 57
37 89
1 6
78 29
69 60
49 95
18 10
51 30
19 41
14 11
28 89
82 8
93 1
93 41
41 24
8 22
22 77
80 35
67 3
24 67
33 84
27 17
6 39
36 50
83 38
89 39
86 16
62 41
69 43
86 90
31 28
11 62
31 55
18 19
93 44
35 59
1 16
79 86
58 95
21 18
98 76
45 90
45 18
85 30
92 61
80 24
86 72
12 65
22 16
37 15
85 91
89 40
78 85
47 55
35 91
58 13
18 76
6 92
88 76
21 78
70 7
38 96
19 81
38 86
61 12
90 4
30 67
47 68
42 12
95 44
77 8
73 0
79 9
79 26
55 18
4 65
55 81
13 80
81 22
37 24
25 59
35 17
1 74
39 45
25 53
23 74
82 59
77 91
54 47
96 40
19 84
38 82
25 72
6 62
39 57
14 91
11 44
24 98
71 54
72 53
34 45
18 32
64 70
12 45
22 76
87 14
64 32
64 53
23 80
77 62
40 41
76 3
56 36
91 5
91 85
10 9
49 34
54 67
46 97
86 78
17 43
91 33
53 73
46 62
74 72
60 38
19 63
81 44
1 5
29 79
97 13
2 20
77 96
55 33
49 51
11 21
85 86
67 31
68 58
78 22
3 27
45 50
29 78
51 17
53 44
22 15
93 14
95 41
4 4
45 42
69 55
21 92
74 94
41 87
89 52
51 40
57 79
0 44
84 27
92 78
17 69
65 51
84 41
35 9
16 24
55 56
80 98
89 59
35 62
20 46
56 15
90 7
65 1
28 75
81 63
24 14
43 94
47 38
0 94
64 57
76 28
58 22
65 27
6 8
78 37
82 36
86 95
24 80
3 28
92 96
80 43
93 98
8 71
74 85
70 10
55 60
60 76
52 51
57 24
8 26
22 79
29 52
54 65
15 97
19 52
41 79
62 42
30 6
2 42
46 11
55 97
69 92
45 73
35 82
46 78
25 19
81 31
81 70
66 83
11 11
16 76
89 56
38 9
55 39
49 33
27 36
90 50
6 19
43 39
32 4
74 93
29 47
16 84
83 29
59 59
55 34
12 55
55 48
49 88
29 87
66 7
83 5
70 89
87 0
12 94
70 81
64 62
16 82
67 8
17 51
85 50
44 64
33 10
65 12
70 83
22 47
96 29
90 31
75 50
86 7
35 70
6 32
31 23
50 9
64 65
20 93
6 16
79 27
37 49
37 47
36 91
29 48
24 78
7 4
38 15
56 56
48 72
6 27
91 82
88 86
55 72
78 58
9 58
98 57
57 29
64 2
71 50
42 32
65 15
76 84
17 22
87 30
77 90
16 32
67 2
26 37
5 44
44 68
86 58
39 41
89 35
45 1
5 85
34 82
16 77
94 10
87 32
92 13
26 97
69 95
48 97
71 69
54 51
56 19
57 40
79 57
22 24
94 91
51 48
66 85
51 65
35 61
52 45
21 31
14 58
46 72
79 33
10 4
68 82
21 81
24 30
13 83
14 16
28 3
29 94
23 86
36 31
94 74
9 5
52 26
37 50
5 27
45 38
27 95
11 43
95 39
8 85
48 68
68 59
21 41
32 79
6 85
3 79
66 77
69 33
91 91
79 36
86 55
42 35
26 14
21 93
10 82
18 66
21 94
1 79
20 42
16 59
98 18
95 46
65 49
17 76
98 1
20 10
98 87
74 11
60 42
44 52
19 50
25 23
75 95
93 22
7 6
43 34
49 15
62 12
19 13
11 55
43 8
89 83
48 64
87 21
7 80
71 57
59 4
15 32
54 48
40 95
36 73
87 15
18 18
43 65
31 75
22 0
17 30
81 48
65 70
28 50
55 8
47 53
45 70
6 57
54 46
70 66
7 20
81 89
97 73
42 30
7 70
17 28
96 58
6 55
58 18
20 96
15 44
77 1
10 19
83 45
95 98
17 78
8 44
40 19
58 11
33 85
96 92
52 72
61 43
82 85
18 72
1 42
23 79
77 7
20 86
65 76
4 86
21 32
60 31
19 5
23 62
24 79
79 69
48 2
5 5
34 46
83 82
25 84
2 93
15 96
97 54
41 6
71 61
73 60
93 69
38 78
49 76
13 14
4 98
3 95
7 25
39 11
53 11
13 34
37 36
28 77
88 7
4 80
3 73
22 25
63 93
60 13
67 58
17 84
27 5
91 12
72 14
3 40
39 61
40 27
42 26
40 16
23 8
57 64
40 47
47 41
79 34
41 10
31 24
51 84
56 58
7 41
82 30
9 84
10 44
78 75
13 28
1 22
25 80
52 30
65 2
42 77
60 26
26 44
7 67
9 39
24 13
31 58
81 18
12 80
81 19
95 66
11 64
70 12
75 65
78 94
33 21
81 49
80 88
26 18
27 64
15 80
10 57
19 87
69 30
29 4
48 70
74 89
18 48
36 89
66 63
26 8
2 17
62 68
10 51
70 13
43 55
3 50
69 23
17 19
51 89
18 30
79 23
39 49
32 39
31 77
28 63
13 32
55 15
15 22
57 3
14 43
66 45
63 36
65 11
82 24
7 51
61 71
56 66
71 48
76 59
41 62
92 88
32 90
53 85
15 4
60 18
14 82
50 68
3 8
37 12
7 13
8 38
73 81
87 80
19 36
38 93
58 24
54 74
58 19
62 70
67 84
57 81
22 9
5 73
92 8
40 58
90 25
72 49
75 60
83 35
15 56
21 72
98 9
54 54
76 77
50 69
7 28
58 25
51 29
31 8
73 1
90 93
97 37
63 83
X
8 64
87 57
2 22
46 21
4 17
11 86
13 73
94 30
0 5
49 9
22 87
93 32
49 26
68 21
32 22
53 18
78 64
93 91
86 15
25 20
94 68
7 18
66 53
75 46
33 95
84 97
3 52
2 97
22 41
82 20
45 56
91 88
96 4
59 39
94 86
56 49
1 63
12 1
51 92
52 28
69 28
94 75
47 54
46 2
34 97
18 25
46 88
77 35
81 6
66 21
15 76
98 29
3 84
75 89
10 95
23 21
8 89
83 91
2 78
13 84
30 1
47 29
13 27
63 45
36 72
64 88
55 95
81 3
96 48
24 83
44 57
50 43
31 21
6 58
79 95
70 80
72 73
36 71
36 7
61 59
65 35
37 67
42 45
8 75
43 50
15 8
74 65
64 21
54 77
49 13
47 43
49 46
46 59
51 46
15 94
62 61
72 77
17 9
43 58
81 20
86 98
30 38
23 27
43 10
78 23
98 58
62 58
47 34
39 97
15 9
70 26
85 3
68 80
21 11
92 55
70 65
3 80
86 87
48 9
62 59
43 89
13 85
43 5
98 69
52 54
14 19
44 36
26 39
56 1
47 56
6 6
30 20
15 62
76 75
22 10
93 18
25 2
58 4
19 44
55 91
75 20
66 5
23 38
43 71
83 78
87 86
47 12
26 68
59 84
87 7
73 75
56 4
34 40
1 29
79 14
56 13
62 45
34 37
94 32
65 8
25 83
9 46
33 89
15 39
23 10
9 41
65 32
35 29
64 75
50 26
64 48
42 76
34 73
54 49
38 51
15 20
35 52
83 14
89 53
75 43
14 32
78 47
92 79
7 91
84 81
19 2
71 91
63 64
13 92
65 58
44 47
64 84
4 74
6 4
40 91
30 44
22 40
47 30
37 96
80 67
15 42
63 65
62 62
6 37
41 92
91 63
2 82
33 98
93 43
6 93
13 37
81 62
49 32
92 42
46 74
45 20
91 69
91 26
3 26
82 2
67 29
57 22
46 56
67 62
97 25
98 8
13 79
82 66
15 89
15 77
63 72
17 7
90 58
91 21
16 7
57 84
77 14
9 17
4 15
69 78
13 88
11 15
72 74
79 47
36 60
80 25
77 93
76 60
32 34
83 97
16 42
55 63
24 47
94 84
77 43
26 81
82 0
59 22
48 12
34 12
78 9
96 53
61 42
37 5
53 77
34 72
5 69
89 78
79 37
32 45
93 46
34 76
36 97
40 48
52 55
6 60
54 61
22 43
75 48
25 44
28 61
36 8
86 66
45 34
86 14
58 79
85 4
49 41
6 53
17 18
36 70
46 80
13 18
65 21
0 4
84 56
33 12
94 0
60 33
24 48
84 96
23 93
36 40
66 89
83 42
71 12
38 89
71 49
70 4
85 43
35 47
65 72
58 78
19 25
50 2
16 53
28 46
98 88
4 23
58 71
4 13
57 65
54 96
69 53
53 45
71 5
76 50
52 61
66 32
67 25
7 52
0 97
37 25
47 48
24 55
60 6
13 54
29 30
59 45
16 14
27 49
71 35
77 6
15 18
0 16
49 10
30 24
82 94
49 56
73 91
65 37
56 81
41 68
27 11
10 28
2 72
95 9
77 20
34 33
43 96
89 88
19 29
49 5
41 38
80 9
20 43
68 25
68 30
35 13
77 63
30 26
48 15
18 8
17 61
0 34
32 82
88 77
57 35
31 94
88 54
28 37
94 15
24 41
23 51
22 28
97 48
26 29
17 37
97 21
21 22
97 53
45 74
80 27
14 7
95 95
63 32
74 34
47 25
74 50
52 5
78 6
60 43
36 54
56 31
5 93
52 0
92 48
78 54
26 17
80 23
78 7
55 46
86 94
76 74
89 68
96 0
60 74
16 18
36 59
23 19
91 53
7 55
63 98
27 28
83 96
54 79
14 36
73 11
56 39
26 11
48 16
28 7
80 69
77 86
29 68
95 35
66 36
2 98
92 87
91 90
36 11
52 14
50 77
30 90
95 13
97 16
50 31
43 38
14 28
95 12
83 9
87 48
21 24
23 90
34 9
29 31
58 77
72 78
88 24
31 62
41 70
52 15
48 37
81 98
16 39
33 94
68 44
29 50
34 32
76 7
86 92
80 96
29 2
88 57
8 15
21 35
14 72
88 40
38 75
23 89
31 90
80 55
39 93
5 80
1 75
34 30
52 1
53 40
8 87
80 63
70 23
67 11
84 74
85 12
73 49
36 36
56 6
98 65
26 5
54 71
21 30
16 98
69 97
37 85
91 18
16 47
22 12
54 30
71 65
70 51
66 88
35 89
97 32
39 25
11 6
38 68
41 63
48 38
74 6
43 88
96 87
43 68
57 83
57 47
89 18
83 53
7 86
86 96
35 44
27 88
85 84
45 13
80 3
84 4
40 89
64 87
2 8
77 22
89 98
24 81
42 10
25 56
77 81
80 83
20 26
60 35
58 48
61 95
17 67
85 59
23 41
16 15
54 57
9 30
36 30
93 6
11 12
67 19
32 5
38 24
62 34
36 35
43 25
77 57
92 25
86 53
20 50
11 65
40 98
28 4
10 81
19 40
7 54
46 91
29 33
15 37
47 13
48 83
55 24
39 51
57 61
80 78
9 61
45 22
70 69
7 73
88 56
34 21
0 92
8 49
51 33
87 82
66 30
66 70
72 60
35 74
22 31
58 15
70 78
82 37
87 11
7 85
92 66
97 24
42 90
75 55
55 93
61 50
42 47
81 32
39 96
38 20
14 57
0 41
66 90
69 40
26 88
68 16
29 62
18 2
57 38
19 82
71 7
48 95
32 69
24 34
80 52
14 39
38 5
46 96
71 77
24 10
62 33
45 65
2 50
31 86
9 14
24 50
53 93
53 87
88 44
19 8
89 30
40 12
63 86
66 82
73 3
98 55
27 62
78 80
92 77
42 17
13 40
62 97
60 77
7 62
1 72
81 76
9 72
76 24
25 52
2 53
92 82
7 75
73 56
37 73
31 46
38 55
12 93
90 32
46 77
93 66
44 4
91 54
96 67
65 57
43 35
70 82
50 73
65 91
86 75
78 20
85 85
9 43
55 96
14 21
51 49
42 57
61 28
72 51
50 79
44 98
34 17
93 90
50 35
72 84
2 30
83 13
31 73
2 15
42 97
93 13
88 5
16 45
15 87
88 2
38 56
78 13
6 95
38 2
98 64
64 20
19 10
60 72
52 73
92 90
96 18
45 26
23 84
74 90
92 39
28 79
92 69
97 47
41 13
34 74
44 41
65 89
50 67
24 69
21 70
57 27
56 64
20 77
46 71
71 32
58 67
97 6
X
46 52
3 59
15 10
18 29
56 40
4 8
19 39
2 77
24 96
80 14
76 76
90 52
65 77
35 46
47 64
56 8
35 93
25 24
50 85
54 85
39 56
97 80
93 72
66 41
5 16
38 14
91 24
48 30
11 48
8 30
66 25
78 52
91 70
89 54
39 68
66 2
47 67
68 41
10 62
18 37
2 79
86 49
52 75
17 74
93 17
85 29
88 67
37 7
52 46
22 75
95 5
15 26
37 13
22 36
55 76
24 72
19 20
25 13
13 19
7 69
45 30
2 74
67 82
31 43
3 97
97 4
85 95
34 4
31 68
80 37
44 66
16 12
3 66
66 9
10 6
14 8
10 14
35 34
87 68
58 53
75 62
17 20
13 70
94 47
93 87
12 28
36 14
81 36
50 52
97 8
86 33
28 45
75 25
72 93
19 49
2 57
65 59
69 84
98 83
28 25
59 9
64 77
68 27
0 87
78 21
61 21
81 52
95 8
94 95
72 91
35 12
68 85
0 55
22 32
16 89
72 13
6 44
45 52
20 87
16 37
90 71
62 22
33 30
70 75
52 50
23 4
25 95
75 22
26 62
60 51
4 72
13 5
89 55
47 1
13 13
12 5
2 12
61 38
25 88
85 51
67 76
55 17
49 42
75 26
41 52
67 7
89 12
80 44
82 3
78 32
34 87
41 51
60 15
8 35
59 50
24 57
15 95
21 12
5 19
93 45
14 87
39 33
45 31
59 10
28 13
1 4
45 63
62 92
50 96
9 80
72 79
74 96
37 40
90 49
77 24
91 10
24 11
76 1
37 97
96 80
11 7
30 39
74 41
96 83
81 97
81 57
41 89
20 69
95 36
15 88
73 40
34 88
89 60
30 49
43 33
84 9
20 73
65 48
X
44 30
57 9
74 51
55 14
11 25
47 24
18 63
53 2
50 82
37 78
72 92
89 24
85 26
82 56
79 85
8 48
61 54
90 76
86 1
71 55
74 8
42 11
37 14
66 19
57 69
68 84
33 14
93 30
73 13
50 41
64 38
50 75
24 35
42 36
63 68
33 7
31 71
77 26
66 60
18 15
5 84
60 56
39 20
0 18
40 55
50 7
53 58
56 21
54 21
92 76
92 93
16 75
39 9
93 81
71 97
89 42
30 27
29 98
78 81
13 16
93 9
41 37
77 60
87 2
3 58
37 87
90 77
61 85
6 40
2 54
5 6
30 4
42 96
15 54
2 69
15 86
61 68
35 83
77 64
64 58
84 11
35 18
13 49
41 96
78 74
79 12
54 52
87 43
72 0
64 79
60 2
13 17
78 82
27 60
93 48
60 66
15 35
12 91
77 55
46 25
72 67
46 7
70 0
47 50
43 36
14 47
97 2
48 56
66 84
98 26
74 15
3 70
41 66
12 50
15 13
2 4
88 95
86 25
46 13
14 12
11 50
61 78
47 62
19 72
82 71
98 73
69 21
62 69
2 87
28 39
96 47
40 53
30 5
81 75
97 44
64 28
43 12
59 66
64 12
77 23
46 40
56 87
81 7
X
2 11
87 47
71 34
44 9
8 86
34 98
84 35
54 20
46 29
20 34
68 22
14 2
69 82
16 74
16 6
1 69
83 55
11 17
43 51
50 37
25 73
18 22
56 72
46 28
10 96
73 83
41 15
16 46
56 57
76 15
20 80
88 84
40 92
44 65
62 91
51 88
73 73
85 24
43 27
88 87
62 48
79 77
71 72
28 29
46 79
32 57
4 5
83 41
10 66
40 36
23 61
25 36
34 29
75 51
7 5
94 54
80 26
47 6
57 23
10 0
22 50
12 70
88 46
78 46
11 61
68 28
41 23
41 53
68 55
15 33
47 14
91 84
54 7
56 92
23 3
31 92
8 50
20 21
73 93
26 36
95 88
53 82
96 78
98 90
38 65
75 68
24 43
90 48
47 15
12 37
85 49
32 89
79 51
93 58
53 26
85 15
39 6
82 70
40 96
41 7
6 38
69 62
15 16
78 51
73 37
48 67
8 5
92 98
72 52
18 5
46 69
90 97
22 20
23 9
42 25
21 69
17 40
68 93
0 36
43 66
95 37
34 2
12 4
7 93
54 82
36 87
91 3
1 97
49 37
97 26
26 3
74 61
72 61
5 45
10 20
67 85
28 12
70 16
23 37
83 19
21 4
34 18
70 93
37 74
27 73
84 59
80 42
92 12
73 41
78 67
82 90
12 38
63 13
25 4
28 30
28 59
50 39
41 41
26 35
49 68
85 57
90 15
98 11
63 33
92 50
30 48
17 34
90 1
13 20
30 66
35 37
71 78
36 62
84 85
52 91
63 8
24 73
17 44
56 80
16 83
36 81
20 79
68 35
75 19
65 19
23 50
10 52
91 87
92 56
18 50
51 34
93 96
6 87
48 71
87 73
0 29
91 81
35 31
56 24
95 64
67 6
68 49
70 43
51 91
36 26
10 73
83 25
77 39
81 46
77 3
39 44
79 58
87 39
51 35
68 14
49 72
71 74
38 62
29 3
53 28
88 80
16 94
80 64
42 73
59 7
29 27
77 46
30 7
34 23
75 17
68 45
44 86
47 58
7 65
49 39
79 53
59 93
47 36
2 10
21 84
65 46
53 54
27 37
96 74
25 67
70 8
10 94
28 78
84 63
78 24
82 14
89 64
70 21
72 58
4 50
14 41
88 19
25 74
71 9
17 60
42 82
1 47
50 46
12 88
74 39
53 1
69 25
40 3
13 47
0 1
42 64
41 40
59 67
61 74
44 49
21 56
82 32
82 73
6 7
31 88
90 29
22 56
17 66
35 50
17 88
39 58
75 7
83 40
75 61
94 55
81 27
40 54
74 4
72 70
51 16
42 87
67 45
74 98
55 23
56 9
63 84
23 70
82 1
77 0
60 45
46 30
8 69
62 27
8 20
68 57
4 16
87 38
40 65
38 90
8 46
4 24
44 13
43 75
23 56
67 57
84 77
13 57
53 20
45 24
62 38
61 73
96 51
23 54
39 73
73 79
97 82
42 15
23 2
21 91
25 30
9 87
14 81
18 39
8 29
9 1
63 1
93 54
69 35
88 4
76 68
76 53
74 23
31 81
16 62
9 78
36 6
78 83
93 78
39 43
32 65
24 24
69 90
63 20
94 61
40 61
48 69
2 63
59 72
20 32
91 66
8 18
2 14
34 78
33 52
9 82
23 91
39 48
78 36
20 53
94 67
89 74
4 76
20 76
55 73
73 48
77 36
16 31
86 42
28 96
56 54
8 27
18 64
23 7
42 48
59 75
92 83
73 55
90 95
52 16
66 92
20 92
48 51
90 53
59 70
49 80
51 3
86 82
88 26
71 36
53 49
90 42
91 60
43 93
79 8
4 77
46 26
25 94
27 38
91 36
18 34
62 57
75 83
58 46
33 66
46 58
41 64
32 2
71 90
21 33
61 17
11 41
43 95
36 56
67 33
74 35
63 76
58 66
41 97
13 94
79 35
17 8
84 78
16 90
42 93
24 82
26 71
30 62
11 79
33 32
53 27
1 27
85 39
17 15
76 22
59 26
55 29
88 83
10 47
36 80
12 17
14 40
32 29
24 2
57 75
46 64
94 9
23 26
71 68
32 80
52 69
65 41
49 40
32 37
19 12
77 83
85 5
85 41
21 47
76 12
59 71
12 47
59 60
38 12
11 81
2 95
40 74
77 44
55 40
95 7
36 9
67 22
49 48
22 18
43 56
71 56
32 7
79 83
96 70
90 78
68 4
30 91
37 58
89 49
57 51
96 46
85 98
52 88
9 67
68 70
48 54
79 46
39 46
42 44
86 35
14 71
80 97
40 69
52 4
86 4
19 74
44 46
56 50
45 45
46 98
74 59
98 25
78 38
93 93
15 7
86 79
86 8
32 97
69 89
70 73
22 27
82 25
74 19
40 82
34 26
57 54
63 55
39 10
23 87
66 28
94 2
22 49
72 24
21 55
48 11
53 23
94 33
64 71
56 30
35 2
71 21
81 65
29 85
44 1
70 1
18 51
31 80
56 55
89 3
8 19
5 23
28 11
12 2
30 86
19 79
37 6
7 92
41 50
0 30
98 74
46 38
61 90
72 18
10 2
0 71
70 79
38 6
39 84
56 29
94 12
79 75
51 20
28 34
40 5
35 88
90 60
35 30
53 71
36 39
23 23
21 48
78 69
23 17
52 82
29 35
58 70
73 62
26 45
78 30
60 3
4 49
45 86
34 79
54 45
50 38
82 65
37 11
47 51
20 14
80 15
97 23
42 95
54 59
85 80
41 74
73 50
83 84
15 55
91 98
59 34
63 95
95 56
62 83
3 92
33 72
24 25
32 8
4 70
35 14
3 43
69 3
63 92
86 45
60 46
43 37
56 25
16 3
31 66
60 94
48 61
92 23
58 23
76 49
59 44
44 92
32 44
26 53
28 24
71 23
29 38
20 18
94 22
83 57
44 23
19 45
77 84
10 74
22 23
16 23
37 92
89 4
44 72
38 40
69 5
27 74
49 98
58 50
73 17
22 22
55 32
29 71
58 41
27 8
27 70
16 63
21 16
45 2
59 15
65 56
53 38
25 66
52 49
55 65
15 24
17 11
20 35
63 2
40 32
62 37
76 39
67 26
98 89
87 3
6 41
13 42
2 64
45 6
52 23
84 12
98 75
87 42
71 62
55 88
24 12
82 10
95 19
28 65
38 34
28 54
90 11
11 63
63 6
68 88
66 29
7 79
83 79
33 48
57 48
2 40
87 46
38 49
45 92
82 9
87 6
15 19
36 92
39 64
18 11
34 38
98 52
33 33
5 43
8 23
33 80
56 37
7 15
19 24
72 9
16 4
38 3
29 67
15 92
57 98
24 95
18 26
80 82
83 73
32 40
18 74
69 80
10 58
45 0
4 88
76 64
65 85
37 41
25 90
59 27
67 32
62 85
93 23
30 63
96 50
29 11
91 44
51 9
77 58
55 58
41 25
12 57
48 10
1 60
56 90
91 79
X
23 52
56 74
70 74
98 32
98 85
43 92
96 66
25 35
72 56
67 34
26 2
32 24
34 89
80 56
62 64
62 53
35 26
48 6
5 40
89 11
7 56
35 69
76 91
74 49
14 14
7 74
98 12
42 23
95 68
82 43
X
66 22
72 25
22 42
50 25
41 5
17 47
20 44
95 72
35 49
59 80
26 7
13 90
55 4
67 79
39 91
76 55
37 60
97 15
77 2
72 3
79 15
47 21
47 69
89 8
45 88
35 40
11 4
25 18
75 67
48 7
14 54
11 95
34 92
8 63
60 78
X
18 1
93 35
52 17
50 97
57 90
74 75
38 76
29 49
18 49
7 72
85 97
9 95
44 71
98 70
49 70
67 44
69 48
93 75
60 17
68 36
6 29
3 63
20 24
73 86
62 47
74 57
52 25
14 80
95 82
48 14
69 1
52 18
48 35
63 12
32 68
30 50
40 29
9 10
11 40
18 45
11 19
97 91
34 49
76 54
51 55
18 16
73 23
27 55
80 47
96 13
83 8
76 93
58 6
20 22
73 2
37 90
42 71
35 98
7 57
27 51
60 0
0 95
88 49
2 83
68 33
79 68
63 97
85 47
75 54
44 77
30 74
87 84
94 41
20 37
76 16
16 87
84 43
27 21
8 84
45 46
55 10
93 73
0 72
36 90
94 79
55 3
17 81
39 85
56 71
20 15
59 38
54 32
53 13
3 48
82 89
53 37
28 69
88 15
13 82
41 57
18 44
70 87
65 88
3 81
68 51
58 52
77 71
38 58
73 61
54 88
84 89
64 34
52 27
90 94
55 9
82 82
80 18
22 37
12 86
24 3
80 39
78 71
22 29
26 89
6 3
74 16
82 97
17 50
64 51
22 30
20 31
38 84
41 46
50 53
34 55
32 93
55 74
10 72
91 34
5 57
0 88
47 78
64 94
35 76
7 36
74 92
11 68
33 9
54 41
48 26
63 48
93 68
59 83
20 13
25 16
95 21
94 76
43 85
79 41
56 22
14 55
56 89
84 7
91 30
44 40
64 16
33 47
44 25
40 97
69 54
51 56
93 53
54 60
96 16
94 48
34 13
33 93
60 19
69 79
85 73
13 1
46 32
18 81
93 7
58 17
80 77
71 6
4 93
17 31
70 33
73 92
45 95
64 86
87 83
95 4
48 77
70 48
8 41
44 75
62 67
21 15
38 48
60 11
17 42
38 22
56 43
87 24
61 61
72 57
95 78
54 63
52 24
21 28
93 19
18 59
28 2
45 66
63 21
13 72
52 78
50 47
8 45
64 0
98 82
16 48
40 79
54 9
84 88
27 25
85 78
1 87
66 98
1 64
46 44
52 67
68 42
26 41
63 34
70 91
91 67
70 15
96 79
44 56
50 87
68 48
50 3
6 30
25 54
4 6
62 39
2 86
83 44
31 91
54 53
77 80
11 93
56 42
53 55
37 39
38 21
70 34
84 44
81 1
87 88
63 58
50 55
51 2
80 74
35 1
43 29
16 78
17 62
1 15
91 62
46 6
50 91
47 84
84 61
87 97
7 19
29 57
5 70
97 81
30 73
57 2
55 64
44 27
23 30
93 67
61 15
71 81
18 82
6 64
93 20
90 37
60 41
88 18
78 19
81 2
13 7
54 18
72 90
3 23
43 20
3 41
48 47
45 72
44 96
92 34
80 51
36 25
43 28
37 8
7 26
96 52
1 73
24 4
47 45
0 37
6 84
12 25
95 48
74 13
9 77
14 33
83 24
77 52
95 20
9 28
82 38
28 83
4 52
41 54
21 36
62 10
33 4
89 67
10 56
74 24
3 20
32 77
82 68
58 47
18 23
62 54
46 95
59 48
44 69
57 73
48 39
49 45
46 73
33 50
61 57
44 6
78 25
95 33
28 93
82 33
81 42
36 12
42 41
X
13 2
51 68
89 19
72 48
95 90
48 46
89 6
29 24
14 9
62 32
89 66
27 71
32 72
17 3
11 46
27 44
66 62
2 84
57 43
46 83
75 30
42 88
16 19
26 64
95 71
20 8
9 94
1 28
86 76
12 63
55 66
16 8
6 65
67 42
93 61
63 94
24 64
97 17
82 52
82 21
64 5
42 38
41 17
71 66
6 75
3 74
15 53
86 5
49 11
22 26
47 28
4 14
5 25
12 72
10 70
45 29
55 12
92 3
77 10
58 16
38 47
39 74
32 95
86 40
76 89
67 12
54 90
1 20
90 88
17 23
20 6
47 96
65 6
50 13
X
32 67
76 0
79 31
71 87
91 68
8 13
0 75
91 35
9 96
80 46
32 23
29 45
40 35
40 62
82 95
33 27
76 51
67 98
22 57
93 77
92 46
78 45
69 24
75 44
60 4
82 54
26 80
X
10 18
55 38
33 26
20 29
51 97
1 39
65 4
6 50
3 98
58 75
15 36
95 92
35 60
45 37
97 70
71 14
50 45
87 78
17 48
41 31
16 20
42 8
7 34
59 14
41 19
70 72
76 80
11 10
42 89
11 47
92 68
61 64
44 10
84 68
9 29
29 77
88 60
64 14
71 44
3 14
53 67
22 39
13 93
79 38
30 52
96 39
53 98
30 76
59 23
14 34
67 21
22 5
16 10
92 2
9 20
88 39
73 22
18 73
32 30
58 76
47 52
64 8
76 48
19 47
7 59
65 22
33 45
24 74
90 19
54 43
34 31
40 52
63 50
10 10
94 87
87 34
22 78
97 20
42 98
93 94
27 7
7 81
46 48
96 43
87 41
80 59
31 96
64 37
4 78
80 34
38 69
2 28
67 4
43 46
91 94
X
28 17
95 74
94 49
28 6
54 19
19 85
2 66
9 35
13 55
24 51
54 66
80 71
20 40
70 2
55 79
17 12
95 17
24 62
45 58
33 74
42 16
91 58
50 16
2 71
45 97
89 46
83 39
33 60
81 34
0 60
39 82
55 13
72 76
1 78
87 12
53 3
82 96
50 80
17 54
55 68
89 47
76 94
49 61
84 91
91 97
95 97
54 75
87 98
X
6 42
62 94
15 47
12 97
25 58
88 41
64 22
83 6
51 18
76 57
30 71
19 28
82 48
31 85
32 43
35 48
86 59
46 33
94 88
54 39
76 23
74 26
86 88
53 94
58 5
91 39
97 22
11 16
43 11
56 47
13 75
19 91
95 47
47 57
21 66
88 10
21 86
9 98
58 82
27 97
55 85
57 53
69 42
19 4
22 88
17 68
91 89
7 53
52 22
14 96
27 6
3 21
93 16
65 71
85 11
60 68
44 81
56 97
52 37
49 69
97 83
31 63
14 18
94 66
70 41
10 98
29 26
94 23
91 37
56 2
75 91
74 84
52 66
85 75
71 3
23 59
15 34
64 39
49 77
24 19
70 86
26 72
23 12
96 54
60 83
77 68
65 47
50 83
40 60
91 41
54 4
12 98
19 83
4 53
63 88
5 3
86 91
24 70
68 96
23 34
4 73
93 37
85 89
78 35
39 89
31 79
81 26
31 57
1 89
83 52
10 46
64 80
60 34
67 38
24 16
73 85
17 97
91 42
66 79
11 80
82 98
72 2
77 32
32 27
6 18
88 98
82 41
30 81
54 23
22 38
11 45
49 38
36 84
64 47
59 41
90 30
18 47
54 92
91 13
44 12
81 13
78 16
13 8
66 20
50 49
3 68
71 29
10 71
58 80
96 96
59 1
21 76
12 92
23 53
12 12
36 34
61 84
66 65
94 20
98 22
41 44
77 88
10 65
47 26
5 52
91 2
22 70
27 61
45 59
96 3
70 61
69 51
76 37
19 46
45 94
28 44
23 20
83 74
96 21
14 93
65 98
94 63
82 40
25 39
31 54
47 33
23 42
0 79
5 90
19 64
75 49
63 69
8 98
34 94
90 89
33 92
2 29
44 29
22 21
94 58
95 87
67 59
59 21
81 35
29 32
91 56
53 97
52 20
41 30
5 50
4 57
76 47
20 89
12 53
28 92
5 65
63 51
78 39
37 64
17 24
82 50
88 6
14 98
9 66
65 79
58 21
53 14
69 72
11 78
66 61
18 17
88 47
33 49
55 86
40 68
18 78
29 70
61 39
66 93
29 59
53 56
39 42
60 58
13 35
43 6
39 83
51 96
60 21
62 11
4 12
41 90
65 50
31 89
85 1
79 62
54 93
64 97
8 81
70 27
14 6
12 68
37 9
36 86
81 73
47 46
80 84
19 94
88 45
0 61
65 97
30 12
77 50
2 27
50 32
51 73
57 76
76 73
43 63
56 46
86 47
30 98
49 12
71 33
38 8
7 49
48 36
97 38
85 53
49 63
25 21
73 70
74 62
14 30
12 14
96 1
12 48
11 24
14 56
46 9
57 0
27 48
30 79
46 49
74 17
79 32
77 74
15 11
52 84
28 27
76 87
29 93
59 42
55 36
23 94
47 81
44 95
75 64
38 61
72 39
65 44
60 84
5 14
47 35
69 58
25 32
70 49
70 50
39 47
35 8
1 32
57 50
48 34
22 45
20 7
94 57
37 54
83 68
9 8
67 5
18 42
1 91
48 45
98 16
76 43
94 1
24 29
26 63
3 51
23 43
6 69
11 9
96 90
60 1
23 82
55 21
84 37
90 10
86 65
96 2
78 62
77 12
47 66
39 39
87 26
54 98
95 65
75 72
31 36
67 72
58 74
52 19
41 48
31 47
17 38
51 8
47 79
3 5
25 68
60 92
9 69
81 87
33 17
39 65
40 90
21 7
38 31
6 86
77 45
52 38
4 95
68 31
0 56
84 53
48 42
15 61
16 81
60 10
59 78
52 53
93 88
60 64
30 21
8 62
40 50
4 56
45 55
46 37
28 70
55 90
5 82
39 55
21 38
31 95
5 54
11 13
78 48
75 52
43 21
48 22
69 98
35 11
61 80
64 78
18 65
63 79
49 16
86 85
45 27
26 73
62 51
28 80
98 13
13 43
8 67
20 78
73 58
67 87
82 46
4 94
57 80
72 54
68 91
42 50
24 61
9 6
49 73
66 91
80 60
61 16
59 86
42 27
8 82
43 91
39 59
9 65
68 95
43 57
1 46
47 4
24 63
3 67
69 81
91 19
26 66
5 91
23 39
55 92
15 59
55 30
54 25
6 15
45 78
11 57
58 69
55 62
48 13
12 9
84 58
25 91
67 69
42 58
14 44
27 47
40 75
84 84
53 90
17 46
37 59
44 85
50 72
38 7
0 15
77 29
54 73
8 14
81 30
63 37
65 63
85 13
95 84
20 47
94 45
90 56
43 67
59 6
23 66
21 50
52 68
36 55
97 89
5 4
20 11
29 10
43 4
84 28
16 28
40 7
68 15
2 18
62 90
64 76
73 14
78 53
73 53
90 96
41 29
42 85
24 20
13 96
91 74
X
59 0
11 22
65 16
79 17
4 92
65 38
64 10
77 42
41 56
45 10
96 7
74 81
29 81
83 61
59 96
54 69
92 60
85 54
40 49
62 95
76 20
68 78
46 34
35 84
8 31
97 49
34 24
65 62
95 58
57 94
26 34
24 49
8 88
25 8
19 78
23 58
60 67
13 46
71 46
77 75
60 86
36 66
34 56
25 42
90 3
73 39
6 70
11 2
19 6
79 28
58 81
45 79
3 46
30 94
29 86
19 76
79 7
15 98
21 44
54 13
28 71
90 51
12 13
75 11
56 79
28 62
41 28
73 66
69 17
52 2
47 10
64 52
21 82
56 45
71 73
61 66
59 20
98 5
12 95
18 28
54 14
98 63
36 13
77 17
23 88
64 4
24 33
14 76
8 79
23 22
81 50
95 79
15 14
98 77
0 73
66 6
67 53
23 47
20 0
29 72
53 96
68 89
76 44
63 41
37 46
67 47
97 58
X
94 72
58 49
39 40
14 15
24 89
75 27
13 78
19 30
43 98
35 41
56 23
71 89
70 98
25 14
22 35
92 57
40 72
X
55 43
95 51
32 28
71 22
18 85
47 63
80 75
48 8
56 41
75 8
36 38
6 56
29 28
36 47
92 19
25 25
47 39
38 70
54 22
1 71
56 70
90 24
76 66
33 83
24 90
36 75
39 22
70 60
64 35
68 24
90 82
52 8
20 33
45 41
16 40
66 39
18 98
45 25
54 76
82 31
89 81
32 6
97 0
60 23
43 26
30 77
32 94
86 63
59 57
90 41
4 66
22 33
92 54
13 76
15 49
57 60
61 4
64 90
4 67
52 86
26 82
95 81
85 56
89 43
7 83
86 64
33 73
14 77
86 39
44 24
39 98
21 29
69 6
69 83
51 6
28 32
54 56
13 44
61 67
4 30
81 88
79 79
89 48
92 22
52 33
3 93
1 7
75 31
47 70
5 89
2 94
24 52
81 86
14 42
73 65
98 66
29 23
9 63
45 5
86 37
38 23
87 66
84 36
39 72
49 27
47 31
61 25
66 1
4 59
39 5
95 96
83 87
18 54
70 36
81 53
74 33
37 62
45 89
95 57
26 10
38 72
63 4
65 64
81 8
58 9
79 52
92 21
13 48
98 67
17 73
15 45
72 19
11 59
70 28
81 74
93 59
11 14
14 86
42 18
81 60
2 61
56 53
72 85
93 36
1 81
58 34
40 57
53 52
10 86
68 37
35 51
74 95
74 21
63 39
55 31
28 16
67 20
68 18
92 18
28 84
21 51
61 62
6 22
38 36
42 24
35 38
36 53
29 5
72 6
76 25
62 49
25 15
85 52
44 80
40 24
69 19
96 65
22 54
39 36
91 92
89 75
75 45
70 76
64 49
66 35
6 74
17 32
90 81
91 16
56 61
12 7
89 29
57 1
29 36
90 70
74 58
19 32
46 19
37 65
43 42
80 33
92 32
86 27
85 74
86 34
55 80
14 46
73 77
28 15
2 92
77 28
88 11
22 51
28 8
20 57
88 12
64 18
50 24
32 32
50 71
34 90
44 88
59 3
89 69
37 79
64 64
35 4
81 37
87 1
64 69
22 60
94 14
10 77
2 60
18 35
29 54
79 74
45 19
12 27
96 20
61 14
66 44
93 3
72 34
59 55
32 86
94 36
92 7
51 15
17 64
59 76
91 47
62 76
27 96
70 96
31 25
76 11
43 77
86 3
41 58
79 44
44 78
29 17
26 95
11 38
69 20
28 48
0 98
27 41
29 83
49 74
75 10
24 58
39 21
62 98
8 51
64 59
75 13
46 67
73 38
59 49
52 65
50 5
94 8
35 43
70 5
38 97
83 12
36 74
93 74
43 19
22 96
91 48
46 66
23 96
13 95
36 44
53 72
42 65
93 64
9 12
33 22
16 61
91 50
1 96
73 67
24 88
51 19
18 12
79 59
41 45
94 89
70 31
52 29
8 7
85 90
2 5
67 30
79 19
94 90
80 45
47 27
14 88
80 30
27 24
27 34
45 11
87 40
5 51
15 90
76 38
83 70
17 52
63 44
22 58
45 40
74 48
46 41
98 23
40 51
57 37
54 50
X
X
X
X
X
X
X
X
X
X
X
X
X
X
X
X
X
X
X
X
X
X
X
X
X
X
X
X
X
X
X
X
X
X
X
X
X
X
X
X
X
X
X
X
X
X
X
X
X
X
X
X
X
X
X
X
X
X
X
X
X
X
X
X
X
X
X
X
X
X
X
X
X
X
X
X
X
X
X
X
X
X
X
X
X
X
X
X
X
X
X
X
X
X
X
X
X
X
X
X
X
X
X
X
X
X
X
X
X
X
X
X
X
X
X
X
X
X
X
X
X
X
X
X
X
X
X
X
X
X
X
X
X
X
X
X
X
X
X
X
X
X
X
X
X
X
X
X
X
X
X
X
X
X
X
X
X
X
X
X
X
X
X
X
X
X
X
X
X
X
X
X
X
X
X
X
X
X
X
X
X
X
X
X
X
X
X
X
X
X
X
X
X
X
X
X
X
X
X
X
X
X
X
X
X
X
X
X
X
X
X
X
X
X
X
X
X
X
X
X
X
X
X
X
X
X
X
X
X
X
X
X
X
X
X
X
X
X
X
X
X
X
X
X
X
X
X
X
X
X
X
X
X
X
X
X
X
X
X
X
X
X
X
X
X
X
X
X
X
X
X
X
X
X
X
X
X
X
X
X
X
X
X
X
X
X
X
X
X
X
X
X
X
X
X
X
X
X
X
X
X
X
X
X
X
X
X
X
X
X
X
X
X
X
X
X
X
X
X
X
X
X
X
X
X
X
X
X
X
X
X
X
X
X
X
X
X
X
X
X
X
X
X
X
X
X
X
X
X
X
X
X
X
X
X
X
X
X
X
X
X
X
X
X
X
X
X
X
X
X
X
X
X
X
X
X
X
X
X
X
X
X
X
X
X
X
X
X
X
X
X
X
X
X
X
X
X
X
X
X
X
X
X
X
X
X
X
X
X
X
X
X
X
X
X
X
X
X
X
X
X
X
X
X
X
X
X
X
X
X
X
X
X
X
X
X
X
X
X
X
X
X
X
X
X
X
X
X
X
X
X
X
X
X
X
X
X
X
X
X
X
X
X
X
X
X
X
X
X
X
X
X
X
X
X
X
X
X
X
X
X
X
X
X
X
X
X
X
X
X
X
X
X
X
X
X
X
X
X
X
X
X
X
X
X
X
X
X
X
X
X
X
X
X
X
X
X
X
X
X
X
X
X
X
X
X
X
X
X
X
X
X
X
X
X
X
X
X
X
X
X
X
X
X
X
X
X
X
X
X
X
X
X
X
X
X
X
X
X
X
X
X
X
X
X
X
X
X
X
X
X
X
X
X
X
X
X
X
X
X
X
X
X
X
X
X
X
X
X
X
X
X
X
X
X
X
X
X
X
X
X
X
X
X
X
X
X
X
X
X
X
X
X
X
X
X
X
X
X
X
X
X
X
X
X
X
X
X
X
X
X
X
X
X
X
X
X
X
X
X
X
X
X
X
X
X
X
X
X
X
X
X
X
X
X
X
X
X
X
X
X
X
X
X
X
X
X
X
X
X
X
X
X
X
X
X
X
X
X
X
X
X
X
X
X
X
X
X
X
X
X
X
X
X
X
X
X
X
X
X
X
X
X
X
X
X
X
X
X
X
X
X
X
X
X
X
X
X
X
X
X
X
X
X
X
X
X
X
X
X
X
X
X
X
X
X
X
X
X
X
X
X
X
X
X
X
X
X
X
X
X
X
X
X
X
X
X
X
X
X
X
X
X
X
X
X
X
X
X
X
X
X
X
X
X
X
X
X
X
X
X
X
X
X
X
X
X
X
X
X
X
X
X
X
X
X
X
X
X
X
X
X
X
X
X
X
X
X
X
X
X
X
X
X
X
X
X
X
X
X
X
X
X
X
X
X
X
X
X
X
X
X
X
X
X
X
X
X
X
X
X
X
X
X
X
X
X
X
X
X
X
X
X
X
X
X
X
X
X
X
X
X
X
X
X
X
X
X
X
X
X
X
X
X
X
X
X
X
X
X
X
X
X
X
X
X
X
X
X
X
X
X
X
X
X
X
X
X
X
X
X
X
X
X
X
X
X
X
X
X
X
X
X
X
X
X
X
X
X
X
X
X
X
X
X
X
X
X
X
X
X
X
X
X
X
X
X
X
X
X
X
X
X
X
X
X
X
X
X
X
X
X
X
X
X
X
X
X
X
X
X
X
X
X
X
X
X
X
X
X
X
X
X
X
X
X
X
X
X
X
X
X
X
X
X
X
X
X
X
X
X
X
X
X
X
X
X
X
X
X
X
X
X
X
X
X
X
X
X
X
X
X
X
X
X
X
X
X
X
X
X
X
X
X
X
X
X
X
X
X
X
X
X
X
X
X
X
X
X
X
X
X
X
X
X
X
X
X
X
X
X
X
X
X
X
X
X
X
X
X
X
X
X
X
X
X
X
X
X
X
X
X
X
X
X
X
X
X
X
X
X
X
X
X
X
X
X
X
X
X
X
X
X
X
X
X
X
X
X
X
X
X
X
X
X
X
X
X
X
X
X
X
X
X
X
X
X
X
X
X
X
X
X
X
X
X
X
X
X
X
X
X
X
X
X
X
X
X
X
X
X
X
X
X
X
X
X
X
X
X
X
X
X
X
X
X
X
X
X
X
X
X
X
X
X
X
X
X
X
X
X
X
X
X
X
X
X
X
X
X
X
X
X
X
X
X
X
X
X
X
X
X
X
X
X
X
X
X
X
X
X
X
X
X
X
X
X