92 36
28 14
90 45
52 61
59 9
66 29
67 25
66 31
1 11
55 95
96 1
75 65
50 3
70 50
13 71
80 22
52 2
12 5
38 72
95 38
68 36
40 68
34 48
81 23
76 28
96 78
68 40
49 73
64 21
70 75
54 67
37 84
69 27
59 33
55 38
36 87
20 72
15 97
47 27
64 78
0 34
53 46
57 55
81 1
83 76
75 76
35 93
28 46
14 91
13 75
79 85
28 38
79 28
95 51
64 72
70 27
49 81
89 75
97 8
76 47
34 94
40 75
93 43
58 90
13 23
47 53
54 57
26 11
1 83
10 51
38 57
59 72
33 80
57 75
85 75
22 97
38 68
9 75
97 2
54 26
56 65
79 36
34 78
94 2
8 79
65 97
35 40
80 63
96 66
26 66
65 33
22 90
50 45
80 35
74 36
22 15
83 2
69 57
12 42
76 87
29 10
79 8
39 60
13 6
1 75
50 76
70 8
81 28
46 58
80 42
54 81
13 35
2 77
38 39
70 3
61 65
35 94
49 61
3 20
17 64
90 83
82 94
12 68
78 18
16 6
56 2
28 24
12 83
26 53
19 78
49 24
38 78
89 41
24 30
14 0
20 79
50 83
29 7
60 2
12 10
67 88
28 17
77 4
89 56
80 55
97 3
82 5
73 13
69 24
52 17
59 91
69 89
82 65
54 48
36 73
38 26
63 59
65 47
3 97
15 21
2 18
8 5
97 30
5 27
83 95
15 39
94 54
85 98
0 35
83 12
16 47
82 67
27 66
50 25
8 45
79 71
69 79
57 62
48 22
96 69
28 80
53 94
69 53
0 87
10 70
94 58
76 9
89 24
91 36
17 22
76 8
43 8
46 74
41 58
77 83
75 10
69 12
95 7
9 65
59 70
56 62
22 98
42 71
13 73
73 76
91 32
81 76
69 51
34 44
60 54
85 45
35 5
85 30
23 65
60 12
35 62
0 36
94 64
22 39
83 6
2 78
60 45
76 57
40 55
2 82
51 55
44 20
81 75
56 86
51 84
77 22
45 33
62 73
65 89
32 93
70 55
94 96
78 19
21 73
72 25
56 53
25 45
81 82
43 39
5 67
18 66
97 22
80 26
27 95
5 45
79 20
94 7
77 81
33 28
27 34
61 2
29 29
15 58
66 11
57 44
36 7
31 67
55 23
58 72
25 34
81 65
39 83
37 48
73 91
85 72
19 36
66 77
85 37
31 68
17 74
64 2
83 87
43 37
22 49
X
77 73
48 52
9 77
18 12
20 46
57 61
64 28
39 5
93 36
91 55
X
9 66
43 6
15 4
82 38
84 28
96 4
92 15
29 33
31 24
80 36
11 87
43 58
50 70
36 30
4 24
34 38
67 82
46 32
82 2
33 84
41 17
39 12
77 96
82 71
90 26
85 4
51 93
10 45
52 91
60 21
4 15
61 78
84 66
75 30
40 65
53 93
73 55
61 60
7 49
56 35
65 64
86 59
63 7
69 33
98 11
11 10
15 88
73 23
48 33
28 65
63 6
93 38
93 90
49 3
70 22
59 34
69 17
18 15
49 45
66 69
94 66
29 54
28 62
77 28
79 26
37 14
7 36
70 93
16 89
56 82
60 66
59 27
48 36
13 96
70 5
91 33
25 74
3 60
90 95
72 15
78 57
34 79
26 62
87 57
83 13
34 77
45 3
86 14
29 49
18 91
54 85
47 64
7 92
85 76
27 6
72 4
71 97
13 33
28 44
18 59
96 49
85 53
7 88
23 91
60 51
65 2
60 53
58 24
59 23
25 64
39 69
34 49
91 59
62 94
9 57
45 45
10 83
33 4
5 83
42 31
56 4
29 62
23 95
9 21
14 77
90 42
2 29
67 90
58 67
9 18
21 47
5 25
68 82
71 12
65 42
94 12
9 42
48 71
91 30
54 96
94 36
57 60
28 35
53 52
60 62
60 17
41 92
20 7
39 48
80 62
29 3
47 4
96 92
53 21
59 25
66 20
55 90
30 5
33 52
62 34
98 57
12 77
90 68
98 58
X
16 54
38 74
41 12
48 80
82 1
94 10
12 84
50 96
27 44
91 57
39 40
93 48
46 59
67 92
71 77
0 92
54 23
71 23
77 1
17 97
16 94
1 46
75 46
95 52
74 70
95 98
63 88
12 25
21 29
59 74
X
91 53
39 10
29 26
58 14
70 59
76 89
91 58
22 57
75 59
60 41
26 13
17 69
30 63
2 80
25 4
70 43
93 41
76 85
37 33
93 17
35 2
1 73
72 17
28 15
72 53
10 75
28 89
8 6
4 5
65 14
82 6
62 58
82 59
70 39
76 74
89 46
46 29
1 37
9 61
17 31
56 69
40 69
88 13
7 45
80 89
14 43
76 75
89 54
70 85
45 91
56 24
65 12
19 20
65 56
92 25
91 14
56 17
36 85
39 39
55 91
42 35
80 37
67 1
56 66
76 43
79 18
80 30
64 86
65 46
95 46
71 72
84 16
6 50
98 21
18 98
51 92
23 39
44 42
64 17
18 50
67 8
16 58
80 49
67 76
63 65
47 79
86 28
53 71
98 1
40 24
94 48
86 38
12 2
95 36
70 79
19 12
55 31
74 35
49 52
7 25
78 5
89 44
41 25
13 18
39 52
77 71
93 64
39 41
73 41
89 26
65 79
28 57
59 66
56 93
94 94
32 28
23 83
58 81
63 44
96 68
59 44
92 84
73 61
7 73
38 12
25 91
72 19
13 72
47 0
82 34
39 58
22 19
60 73
8 15
22 26
61 25
63 78
69 30
67 48
43 26
77 23
73 24
44 76
26 91
25 11
8 67
81 93
6 48
60 39
37 79
82 91
46 28
65 83
97 73
24 67
71 71
96 2
93 70
22 17
51 35
92 61
56 90
2 73
49 47
90 12
19 97
30 1
74 42
94 20
22 87
41 76
76 66
69 58
23 63
54 77
0 96
95 9
38 89
51 71
25 8
73 70
24 97
86 37
44 46
55 3
21 98
49 34
28 2
57 79
38 4
35 47
98 5
55 68
29 37
2 86
36 34
67 19
68 6
87 45
49 33
4 22
77 26
66 0
84 59
46 72
25 30
21 11
38 71
41 90
18 84
92 42
77 27
82 29
59 55
28 11
33 78
21 90
69 95
51 32
78 68
72 52
43 19
52 89
73 53
70 15
63 37
83 23
76 65
95 1
98 73
42 36
1 18
0 97
6 4
89 50
10 85
17 85
53 47
22 6
62 95
57 34
93 66
32 26
48 32
37 85
52 45
54 54
81 19
92 93
33 33
43 29
42 70
22 78
68 88
60 70
42 30
32 6
23 24
95 41
10 73
76 96
25 56
60 26
58 94
63 87
66 83
66 93
6 30
27 36
52 0
82 46
81 64
79 49
X
31 65
78 14
8 73
84 67
11 38
86 41
77 35
2 49
26 88
51 20
88 95
38 31
2 60
79 67
21 35
5 26
8 13
70 68
24 41
46 24
24 13
56 89
92 9
29 55
95 95
98 32
81 63
78 67
92 87
78 85
40 74
41 70
28 87
64 10
11 42
98 66
38 61
96 12
96 79
52 28
61 71
93 81
46 95
19 94
33 6
6 8
95 23
81 2
82 89
47 78
2 56
67 11
75 50
44 92
12 41
41 29
46 65
88 77
3 23
27 96
76 25
97 4
41 56
77 2
40 60
17 78
80 77
70 74
12 79
72 47
34 32
42 63
60 23
70 77
68 43
10 22
17 28
26 39
44 73
24 47
82 63
60 19
46 91
2 96
59 69
16 83
90 81
91 34
11 58
27 27
17 35
87 43
51 54
65 75
64 85
68 8
68 15
55 15
32 90
53 2
41 24
12 22
70 87
83 39
11 21
73 58
76 10
12 76
47 14
50 77
53 97
16 38
68 24
26 56
30 71
85 73
51 89
77 47
10 44
50 23
91 23
70 72
89 7
67 57
67 30
18 82
81 6
81 14
60 35
61 43
6 64
16 30
94 81
98 55
66 87
50 37
21 67
87 83
93 65
42 65
16 62
57 40
13 93
59 51
14 57
36 49
65 17
85 57
72 33
84 37
94 93
5 73
82 73
69 6
8 28
41 40
44 1
94 89
60 5
18 83
38 23
86 53
36 92
39 23
78 13
36 69
72 57
81 86
89 18
45 38
74 72
50 87
23 92
63 56
28 77
74 33
71 38
87 21
76 1
0 60
95 92
42 67
36 86
56 88
85 3
71 79
53 49
94 37
86 79
47 1
93 6
26 57
37 32
55 51
83 84
14 73
8 20
44 66
48 96
49 12
60 74
15 18
42 98
25 72
61 21
8 35
3 29
94 82
33 94
70 84
23 28
91 94
71 34
79 21
87 84
47 29
16 79
56 13
24 50
22 91
21 20
67 53
52 39
86 90
36 79
61 62
25 17
92 48
67 28
24 54
96 5
16 37
93 20
27 59
53 19
31 66
20 92
15 92
61 6
59 10
38 79
65 22
25 33
67 84
44 79
61 64
80 17
35 84
80 33
90 7
65 86
39 97
46 61
29 77
13 87
44 6
47 48
72 9
52 75
83 43
22 3
25 25
52 21
54 60
76 23
82 64
13 92
78 71
5 28
68 50
96 70
80 59
51 49
44 48
77 10
62 28
68 45
17 13
66 45
77 17
84 5
28 39
82 43
61 77
81 8
58 46
89 67
92 33
67 2
22 45
72 55
89 76
42 23
X
78 47
94 86
17 66
20 53
81 69
31 28
26 35
72 79
3 24
94 68
17 18
58 47
44 38
31 91
63 95
5 50
90 37
12 86
67 20
94 30
82 70
80 56
54 87
19 92
56 22
48 63
9 16
5 85
11 4
12 72
43 9
35 6
81 41
38 76
35 37
71 74
76 50
34 92
24 11
47 58
9 84
77 64
82 74
74 92
47 97
16 59
82 88
9 78
91 97
88 61
64 19
56 20
53 72
12 1
39 32
27 13
71 6
63 72
79 31
12 21
39 66
76 93
23 33
67 81
75 77
86 15
39 92
94 75
80 20
63 34
34 23
38 36
86 92
90 51
81 43
4 20
36 53
0 32
98 15
37 41
75 84
14 86
28 63
98 18
36 76
17 46
46 13
66 49
17 14
93 18
14 92
61 59
67 29
9 86
55 11
74 66
30 49
28 6
62 14
24 70
70 78
10 57
40 85
60 61
41 13
29 20
93 11
69 34
53 81
35 70
77 6
60 4
24 1
21 72
78 86
90 38
17 40
92 54
3 94
31 94
54 88
38 7
43 70
84 7
66 91
35 75
67 24
93 4
88 48
54 20
83 10
22 81
27 60
22 66
17 54
79 97
94 80
33 59
27 54
46 37
3 59
56 75
9 2
9 51
71 58
33 17
14 16
91 47
68 48
6 69
57 23
39 49
44 56
9 15
31 55
63 2
66 9
71 88
67 36
15 15
34 52
67 59
79 51
17 76
26 81
88 19
78 15
87 48
47 46
53 92
21 66
97 12
28 25
42 21
55 24
71 43
80 61
10 97
43 95
71 8
55 65
35 26
56 64
3 41
73 48
56 63
39 79
50 33
76 76
59 76
20 18
59 75
21 36
16 61
34 4
91 80
89 6
60 0
6 27
95 57
83 20
80 93
39 64
13 76
87 25
14 45
63 41
54 39
70 66
58 91
77 46
19 53
9 82
10 46
75 14
14 55
86 45
61 57
73 2
71 17
81 27
2 57
42 16
60 56
18 34
87 55
24 64
80 24
41 16
65 98
27 8
55 89
74 51
47 67
87 6
92 89
54 3
81 26
31 75
22 21
13 37
27 88
81 88
21 51
88 8
20 22
57 20
38 90
41 4
16 88
23 53
6 84
72 49
83 19
73 29
7 51
15 59
53 37
32 83
22 27
63 31
82 53
62 44
52 73
85 28
29 2
43 11
29 11
54 16
83 41
48 83
58 34
32 77
40 97
5 84
41 63
71 95
37 13
67 6
46 1
54 65
81 44
22 94
19 5
26 97
34 13
60 69
38 22
74 50
66 14
93 73
94 41
36 6
45 57
42 48
89 59
12 87
55 46
91 29
82 32
60 80
53 67
20 96
65 85
28 92
50 88
6 74
84 98
75 15
51 96
53 27
30 21
87 81
0 12
61 17
38 65
23 80
15 26
66 44
93 37
66 1
2 41
49 48
76 82
75 66
44 72
13 21
33 93
37 91
45 35
87 66
44 5
42 40
56 23
24 59
61 63
75 68
23 30
77 38
78 24
53 58
5 82
34 8
5 51
45 66
92 62
37 39
33 74
54 66
41 46
19 79
84 23
56 73
49 14
66 39
27 71
23 79
73 18
29 23
58 76
97 69
55 55
35 51
4 78
38 93
89 64
91 83
30 44
69 16
20 13
72 96
23 68
48 61
60 7
50 52
79 43
29 71
14 70
94 73
11 34
58 18
60 60
78 69
36 94
13 43
92 20
47 12
57 56
91 1
72 66
4 68
0 94
55 43
48 30
57 89
98 75
83 57
78 51
77 44
23 6
27 12
24 60
50 80
24 19
45 88
46 62
20 20
34 22
78 74
90 70
7 57
2 84
88 11
24 40
29 81
25 83
32 27
79 14
48 54
47 52
52 54
73 4
4 13
24 58
67 98
65 11
76 72
24 36
65 88
76 80
4 65
65 27
11 9
58 4
91 49
27 57
54 74
90 66
63 97
31 31
34 11
18 41
46 10
34 50
61 94
52 67
3 98
80 54
66 15
39 50
61 76
70 4
56 94
42 85
4 86
60 57
47 34
28 60
75 80
68 31
93 98
19 7
89 37
95 54
48 67
X
66 89
42 64
39 45
51 72
68 23
79 54
49 41
44 67
8 47
13 86
56 71
17 60
25 97
94 47
83 77
28 79
0 45
25 96
4 72
2 28
32 79
64 65
37 5
43 66
79 47
53 75
31 63
63 74
41 54
19 85
87 24
29 73
93 92
57 16
6 55
2 48
47 30
39 54
28 48
95 65
29 98
89 30
7 21
90 62
66 90
8 22
90 87
98 95
74 94
20 83
93 13
49 97
29 94
61 38
25 19
8 63
60 24
70 48
1 47
27 73
86 48
56 76
10 4
22 36
20 48
8 14
86 7
33 20
54 70
62 51
95 58
43 4
70 2
75 51
82 97
16 75
92 50
89 71
16 31
98 45
70 86
98 24
11 48
87 36
25 2
68 5
58 15
96 96
89 34
78 56
64 84
38 50
51 97
45 29
91 61
19 32
26 16
15 19
56 37
57 42
9 5
91 16
43 5
65 66
79 94
89 12
57 72
90 79
74 24
9 9
60 42
17 15
91 95
43 28
13 32
79 82
90 97
25 53
32 23
16 39
93 61
37 54
76 13
59 22
97 54
39 4
24 24
75 95
5 4
26 7
16 15
63 52
29 22
65 44
44 80
20 32
34 9
64 12
53 85
72 18
45 37
67 43
30 37
87 38
81 38
15 17
38 49
11 41
42 19
53 40
87 50
9 17
30 28
78 49
30 81
83 52
85 5
81 0
6 70
69 3
8 10
13 45
69 28
96 18
3 21
88 98
35 25
55 10
56 36
20 42
82 18
94 62
73 66
33 91
79 44
13 57
45 25
69 40
96 23
40 96
63 33
29 70
71 39
84 30
76 27
24 10
80 16
63 92
40 93
11 53
92 83
28 95
2 97
69 91
42 87
47 63
4 26
77 7
19 40
65 37
10 81
21 38
72 74
33 36
62 22
85 7
84 89
21 32
62 49
27 4
70 21
0 16
57 50
51 38
92 60
84 83
47 22
56 54
84 68
0 31
28 20
48 31
82 4
87 65
65 57
37 65
36 89
64 54
9 70
15 77
61 1
90 77
93 5
X
83 82
13 1
75 81
24 69
58 2
4 6
34 43
34 39
44 23
45 75
63 84
39 43
37 15
59 35
5 56
X
71 90
55 41
14 82
11 6
14 46
16 9
93 9
61 98
62 62
31 80
64 83
16 36
68 7
60 86
40 49
21 49
95 40
60 36
85 14
20 87
63 68
96 20
5 57
31 34
83 55
18 58
23 55
98 37
43 36
14 33
75 31
31 23
68 97
48 68
34 73
49 71
61 51
23 25
46 48
63 45
65 38
64 39
56 15
73 12
88 7
23 29
41 28
33 9
98 12
18 38
48 56
5 40
97 17
X
48 77
78 25
54 92
74 7
24 86
80 23
33 35
17 68
72 51
38 52
42 49
12 9
73 17
41 55
81 59
21 48
46 98
X
74 12
84 15
22 35
50 9
12 38
64 75
25 44
21 56
33 40
23 2
59 1
88 40
13 5
36 56
46 81
55 12
51 45
54 49
8 64
25 39
33 22
86 0
26 69
20 93
85 11
73 92
95 35
60 16
20 69
76 6
93 57
36 14
46 44
74 21
94 76
9 35
29 30
23 86
96 13
75 67
79 30
52 40
9 13
63 51
84 38
91 42
95 18
15 9
65 39
68 9
6 57
65 48
69 44
81 56
2 30
96 42
72 93
61 46
56 70
72 48
46 77
68 14
94 57
95 20
36 59
59 60
92 68
82 66
31 92
82 31
47 50
81 70
15 7
4 23
55 93
22 89
48 10
60 91
0 61
96 7
70 38
9 97
36 40
59 38
42 95
63 39
37 93
89 45
26 23
35 39
28 33
10 80
78 12
46 20
23 38
30 27
64 62
61 69
67 4
16 55
38 43
87 88
45 94
3 52
55 60
47 49
75 72
6 43
10 6
43 35
7 84
28 70
20 97
36 66
19 49
51 69
37 40
64 88
49 37
60 59
20 74
22 7
40 79
53 77
14 8
81 60
89 70
89 49
34 83
83 40
11 24
74 90
48 66
96 37
24 94
20 47
77 54
18 43
27 26
17 58
84 84
45 41
68 26
25 29
32 87
6 65
41 15
5 66
45 50
97 83
42 54
66 16
65 19
38 58
11 63
27 41
63 13
93 21
42 18
21 18
91 62
34 76
82 11
95 56
70 69
34 18
51 47
92 38
29 12
37 68
0 73
64 47
53 4
82 82
84 8
21 25
89 88
33 49
5 30
62 38
20 15
82 87
6 88
95 8
64 20
24 29
66 98
2 61
50 32
26 68
10 63
70 24
55 45
41 37
33 39
24 51
25 16
90 89
25 52
31 69
31 95
78 41
74 22
67 40
37 36
20 66
49 69
77 74
3 93
X
X
83 44
33 79
66 38
76 42
43 77
61 27
21 37
48 53
47 98
30 76
2 58
85 35
23 82
31 27
20 81
18 9
62 45
9 47
47 5
59 0
59 61
74 96
39 14
53 26
13 47
38 35
51 65
8 43
40 91
18 10
28 5
93 78
80 14
64 9
27 23
90 53
66 4
19 44
48 97
15 6
41 52
88 33
36 36
54 25
1 21
93 87
80 29
5 64
17 23
3 51
77 91
47 47
8 23
96 67
18 29
59 85
57 63
35 31
86 35
82 96
44 90
9 30
55 62
70 13
77 3
91 98
66 88
89 2
9 39
15 94
40 50
79 15
56 81
20 30
33 19
66 46
73 38
39 91
43 89
52 8
79 93
61 49
15 49
38 85
2 9
71 73
12 62
32 33
14 87
61 22
65 51
78 23
10 30
73 3
53 63
52 16
89 83
95 64
43 57
23 11
19 76
80 44
5 44
53 51
59 62
77 8
58 77
61 67
96 65
64 26
63 22
31 5
12 91
38 62
18 22
50 49
56 78
26 38
48 74
26 10
45 72
36 23
87 40
98 8
90 60
30 6
70 73
34 85
6 86
43 92
79 22
83 85
28 16
32 98
15 86
29 57
64 22
77 49
52 66
23 49
63 55
20 94
72 7
75 33
95 21
93 68
2 16
45 78
61 90
5 80
27 47
8 44
54 53
37 57
57 52
64 80
89 36
51 18
88 88
85 41
60 32
68 92
2 5
46 26
94 32
29 84
28 28
93 74
32 25
8 66
71 11
53 38
21 86
23 8
89 5
77 88
70 28
28 54
55 87
41 35
50 82
10 47
85 39
4 4
19 96
1 98
35 34
58 74
70 1
82 75
76 54
83 37
20 41
95 14
62 48
69 90
18 35
26 80
38 95
21 83
86 42
40 77
66 30
0 72
15 32
26 70
54 55
47 59
5 89
63 71
89 32
83 45
27 14
5 41
82 68
47 42
69 21
57 54
7 28
30 2
80 74
56 46
51 82
93 79
22 22
66 3
31 25
71 16
47 57
74 39
75 75
8 26
68 53
70 44
93 67
64 53
35 76
23 23
81 68
66 36
37 97
25 57
7 72
65 69
93 1
19 24
59 4
79 59
40 87
64 0
10 29
77 39
41 68
25 5
97 74
28 7
62 61
61 50
17 62
25 3
50 7
89 94
34 97
10 55
60 83
97 71
70 34
59 14
65 59
71 56
59 54
27 39
48 2
12 70
41 61
17 63
81 62
43 67
38 75
69 36
6 16
7 56
14 7
76 19
57 81
2 81
24 82
20 84
77 0
52 4
74 6
68 77
3 81
49 55
88 5
83 96
33 97
47 6
94 9
14 83
49 77
18 31
1 87
6 63
35 98
91 22
46 39
98 22
86 39
22 28
9 20
72 34
61 56
11 56
0 55
0 30
59 7
29 50
54 76
29 4
87 54
47 39
33 50
39 46
93 95
69 54
64 52
79 95
26 44
23 74
13 80
68 96
33 25
11 55
59 16
81 42
10 95
5 95
30 66
72 90
92 63
79 62
43 71
12 46
91 21
17 88
35 43
11 61
23 9
53 82
35 18
44 88
49 25
20 0
45 74
62 33
49 80
76 73
19 4
68 3
50 79
34 12
42 82
7 94
13 78
22 48
6 85
60 49
8 71
8 82
46 83
63 69
50 14
66 79
67 42
X
28 94
62 55
3 72
68 85
97 7
39 29
85 64
56 74
85 34
51 34
9 6
16 43
28 55
23 10
38 64
13 0
74 23
8 41
81 22
17 52
60 46
42 50
24 49
70 89
73 37
43 34
50 85
77 80
73 47
14 56
58 89
27 2
6 58
91 56
31 71
93 30
42 10
69 42
86 34
24 35
70 51
26 63
32 75
13 19
52 1
24 23
93 56
78 83
60 85
19 73
15 63
56 30
36 55
88 72
42 15
87 39
42 32
77 60
87 78
36 26
39 84
78 17
39 47
61 54
37 58
25 61
55 1
30 7
76 48
69 61
78 82
54 56
79 6
45 21
13 91
59 92
69 84
3 69
32 65
20 8
22 40
45 34
72 60
52 68
55 40
76 86
33 24
61 61
15 55
74 52
1 31
2 40
4 88
X
26 55
15 13
86 56
23 1
78 45
58 9
75 35
62 42
54 15
27 62
79 34
27 51
24 17
6 3
79 53
53 0
24 84
45 20
89 31
14 71
5 90
65 43
38 9
75 11
30 95
89 48
86 63
64 37
17 73
38 24
3 54
13 98
53 12
23 21
93 16
58 49
93 32
75 89
87 4
89 81
48 64
72 76
23 47
98 88
88 18
15 22
48 51
80 86
44 75
0 44
86 97
96 46
7 20
82 30
71 91
2 92
52 84
78 35
31 86
34 19
55 57
76 44
32 67
90 30
25 98
9 19
19 10
35 60
56 39
40 62
64 8
63 75
54 71
7 85
73 87
7 79
1 4
3 42
79 17
96 3
32 47
87 44
26 72
17 45
78 58
59 93
92 95
25 14
15 76
48 29
20 39
61 12
94 38
91 92
96 73
34 88
16 19
41 23
84 43
14 48
16 53
94 3
52 7
24 21
12 55
22 70
66 22
61 73
86 50
36 88
94 5
18 16
69 78
36 38
19 22
87 11
38 14
1 42
32 8
69 43
41 47
59 71
39 94
85 36
94 87
17 49
56 45
17 44
58 22
86 58
67 55
46 49
50 50
66 97
22 51
98 89
98 17
24 87
89 39
41 95
54 9
75 17
32 72
8 21
11 5
53 90
37 92
71 55
97 95
21 57
25 36
88 65
14 89
68 21
95 80
90 17
40 18
23 32
7 93
22 54
98 20
10 74
17 84
55 61
93 15
23 90
17 98
81 95
82 52
42 73
25 38
81 37
78 21
65 72
21 45
70 82
81 13
92 71
21 84
49 29
10 82
54 93
3 10
79 12
6 32
83 14
24 98
91 82
48 34
79 38
94 23
38 77
25 18
52 19
69 96
16 87
54 19
57 76
19 30
82 19
38 25
54 14
49 15
X
33 73
69 19
96 87
54 82
65 7
89 80
63 83
80 81
31 74
19 29
36 97
25 13
39 96
36 95
58 88
79 32
28 3
97 25
69 83
35 88
39 85
79 41
50 68
10 54
7 4
70 63
78 36
26 29
52 33
9 98
90 64
83 36
56 85
89 82
56 97
72 24
51 2
55 66
81 73
18 8
22 4
88 39
5 22
97 48
29 36
69 94
21 44
75 25
12 98
35 3
47 71
47 84
7 15
77 58
14 19
20 12
27 35
24 4
18 60
77 55
20 33
25 37
28 93
67 12
16 10
4 77
14 54
5 19
85 27
78 40
92 19
53 8
21 82
86 24
18 3
56 56
96 74
34 75
22 84
92 66
81 78
54 95
68 18
22 55
51 56
76 3
64 5
35 48
90 19
84 60
9 7
34 26
7 59
11 18
6 41
94 14
10 98
66 50
30 92
34 46
78 6
75 57
44 68
19 83
74 31
58 26
67 35
30 39
46 7
29 52
47 82
51 7
21 30
28 37
74 10
26 34
30 11
63 18
66 58
5 86
83 83
93 42
57 95
7 86
49 40
11 57
98 63
65 10
52 23
46 50
78 61
30 4
27 11
68 93
54 21
65 49
38 73
23 94
78 43
4 49
10 62
41 53
71 3
92 57
75 22
66 42
19 45
23 36
53 48
55 29
69 55
31 39
51 3
76 41
23 97
53 55
62 97
9 87
33 26
67 80
67 34
40 34
20 43
85 25
32 20
35 22
63 0
31 73
14 58
24 25
55 13
64 89
86 84
6 26
80 9
64 4
62 68
97 38
67 72
13 7
23 19
91 37
16 20
90 18
84 74
84 57
31 79
59 28
40 92
39 36
67 7
44 97
3 16
36 39
67 93
60 25
19 13
39 98
68 95
78 46
91 3
90 31
23 96
35 41
73 81
60 72
95 4
94 1
7 55
54 22
X
62 67
20 89
61 10
67 62
44 81
21 15
95 45
43 20
98 70
45 28
45 52
8 69
70 70
72 70
97 13
37 74
12 7
90 71
83 35
1 97
40 20
35 13
62 53
7 81
28 23
74 29
4 76
27 72
43 53
58 35
29 38
86 57
82 23
33 55
45 11
56 7
57 38
78 8
45 2
86 64
9 94
4 8
54 52
42 96
39 24
28 71
79 9
93 22
71 21
40 46
41 62
42 90
60 64
28 32
48 95
69 82
86 86
11 11
36 81
1 22
45 58
25 32
78 33
78 4
7 35
33 10
21 50
33 37
90 96
19 50
92 88
11 8
33 45
71 81
26 98
94 11
48 9
84 65
34 81
52 26
52 50
71 69
44 41
63 61
31 26
30 46
44 8
67 79
98 13
21 4
62 84
17 36
25 10
17 30
36 32
98 84
9 46
87 98
75 52
43 68
84 90
20 40
7 8
87 26
29 32
45 49
29 45
2 6
74 40
X
X
52 15
53 30
25 42
1 28
93 47
X
16 68
16 18
82 8
9 41
5 14
3 80
87 53
63 32
35 46
3 74
50 81
30 24
58 95
17 38
33 48
80 18
33 66
26 82
43 75
81 84
47 2
56 83
70 60
32 89
51 30
0 18
23 60
22 44
58 1
94 65
78 53
98 9
87 15
93 45
96 39
60 43
62 47
19 19
43 64
48 70
29 95
12 27
44 25
35 4
76 53
15 89
59 50
51 74
30 85
40 3
23 62
84 27
59 52
64 34
1 56
79 27
68 41
94 45
56 84
64 18
62 74
52 29
40 29
37 62
69 97
37 63
92 75
10 1
43 76
12 63
70 49
15 23
32 74
67 21
45 1
19 81
95 17
93 55
80 75
81 45
80 97
13 90
19 9
13 16
95 47
87 72
5 16
1 74
72 22
46 78
49 62
28 72
18 5
90 32
82 12
24 79
69 31
46 46
79 98
75 60
74 91
72 78
52 78
84 53
18 37
83 4
58 25
37 11
40 72
58 0
66 78
55 97
65 58
11 43
64 92
87 80
17 89
7 75
87 31
40 86
66 63
8 52
45 22
79 83
81 83
71 70
87 27
15 10
76 22
44 55
2 63
11 95
73 60
4 84
32 73
21 28
91 84
8 12
36 84
72 97
69 2
74 34
60 84
80 50
97 24
10 68
72 71
4 53
48 25
75 28
78 59
20 36
58 45
19 28
46 52
72 85
75 48
78 20
57 24
44 28
2 50
12 50
12 94
31 45
30 50
58 65
35 8
55 34
9 67
78 44
77 76
54 51
7 65
57 69
56 18
64 49
21 78
53 91
59 77
38 3
79 56
56 8
70 19
13 79
57 29
93 53
69 59
53 22
20 27
92 69
52 72
53 13
83 61
37 96
50 41
14 41
29 27
78 37
55 44
56 55
90 94
69 20
45 4
21 81
67 47
30 62
44 36
5 8
81 25
89 17
86 43
80 57
20 25
32 48
X
98 31
59 90
97 47
90 93
29 43
80 4
58 16
50 65
75 91
94 92
32 44
57 51
97 82
10 86
85 1
71 35
45 23
80 38
54 18
3 88
7 26
58 12
17 82
29 75
1 72
27 64
75 13
93 91
19 74
67 0
4 28
24 93
15 5
23 26
32 82
3 96
29 24
91 10
52 24
12 53
7 3
55 2
48 47
70 37
16 81
44 13
76 39
58 63
90 43
71 10
46 56
35 1
79 76
78 55
30 47
35 71
43 55
27 97
5 74
34 65
80 31
54 72
17 24
25 21
21 23
90 11
55 14
89 11
58 64
9 43
81 85
28 69
57 21
78 78
2 42
50 38
62 66
22 38
49 16
49 13
70 96
35 91
65 63
10 39
39 51
74 74
42 37
72 73
36 78
92 7
86 3
89 42
93 82
28 10
25 20
47 11
57 9
48 59
18 1
39 7
98 23
14 42
51 87
32 78
33 96
81 97
79 87
60 79
59 32
62 57
1 78
52 58
53 59
40 12
66 82
56 1
12 0
84 64
91 7
45 56
9 14
78 30
11 93
47 45
93 14
33 72
40 16
58 73
81 46
28 84
1 82
80 15
34 29
60 13
82 25
56 40
46 6
2 55
2 66
64 93
47 83
8 48
15 27
21 55
85 82
94 78
11 37
7 27
64 35
42 5
33 3
51 48
16 98
4 25
38 48
83 5
91 90
84 77
62 11
60 93
31 54
70 9
91 48
39 33
40 58
74 3
17 67
83 7
23 51
45 79
28 45
32 86
6 19
26 32
46 89
92 51
58 11
30 96
22 77
50 66
43 18
36 72
34 45
74 84
97 80
58 50
23 50
24 16
82 26
88 43
18 42
96 72
92 78
88 75
22 93
83 8
14 9
6 9
48 11
50 46
28 68
3 18
25 54
18 47
62 27
17 12
57 43
50 89
80 94
1 77
15 52
63 47
82 36
32 4
93 46
37 46
34 2
6 25
39 25
70 17
96 16
47 41
15 80
89 43
93 77
82 84
24 85
93 59
15 56
67 58
22 50
34 6
40 19
67 3
85 83
92 76
17 20
95 81
69 49
31 33
11 12
10 18
10 94
41 41
38 92
40 51
7 40
88 49
57 74
17 75
90 3
85 13
14 12
45 8
0 76
16 21
42 52
37 7
90 52
33 65
85 9
64 14
57 15
84 39
46 66
10 13
23 67
68 94
11 22
68 33
25 28
90 61
13 54
27 24
81 74
2 20
93 39
33 86
43 51
16 90
39 9
33 34
36 74
14 15
5 46
98 67
8 85
43 96
34 89
53 28
47 54
37 24
71 36
12 65
54 30
97 15
13 53
40 10
48 45
4 66
6 37
6 91
48 14
84 13
29 83
43 93
41 10
29 86
41 19
32 34
62 69
75 74
2 64
70 25
95 3
24 96
47 55
69 25
0 53
67 63
91 13
65 20
11 17
69 80
18 30
94 33
50 26
75 32
13 84
95 69
27 10
81 77
93 94
10 56
97 58
88 82
92 17
45 89
28 30
43 10
69 81
87 97
40 26
48 72
27 92
43 42
68 91
29 74
35 49
55 71
24 72
64 16
11 79
65 41
2 94
15 43
80 78
8 27
20 9
79 23
85 21
18 2
12 97
50 47
16 45
91 12
57 53
84 61
1 60
46 38
41 44
86 6
7 80
62 85
27 53
5 70
89 51
16 92
38 55
63 70
92 49
58 70
15 12
17 41
58 10
8 49
38 70
22 23
80 25
70 6
9 27
16 78
84 11
50 34
5 93
69 10
20 29
27 50
87 35
2 12
68 89
96 97
76 24
62 12
71 14
75 78
73 86
13 48
2 15
17 9
80 48
36 54
89 29
81 32
55 85
32 46
93 3
68 79
33 18
3 53
45 13
83 93
81 33
86 4
66 60
13 4
12 54
90 9
55 64
58 97
96 40
81 53
74 83
23 54
1 96
14 84
56 91
0 5
55 22
19 3
70 16
31 4
94 91
93 88
60 94
55 26
33 21
20 21
X
60 67
39 22
1 2
32 80
7 22
93 44
0 95
91 87
10 43
76 62
87 77
33 51
4 27
23 48
69 62
75 64
60 11
53 53
72 54
82 57
95 33
24 20
13 70
25 6
17 5
52 30
38 82
29 63
73 43
8 88
89 62
68 57
75 96
60 55
81 57
64 38
91 81
49 79
46 19
69 72
74 85
73 73
95 97
95 87
94 44
57 10
81 79
49 6
30 98
35 69
94 70
83 58
81 18
80 3
17 8
X
36 9
66 6
31 21
60 77
44 45
17 43
78 52
96 43
32 7
38 96
48 27
64 36
44 86
63 21
15 8
21 8
85 38
59 5
77 21
91 71
30 78
44 37
64 6
44 57
X
94 59
98 80
46 96
44 27
41 21
55 79
73 83
66 7
80 67
41 9
58 71
93 63
46 71
70 80
77 62
32 69
27 49
75 55
83 68
55 21
38 91
71 93
36 8
57 82
62 60
55 77
68 34
34 98
58 48
21 96
96 51
37 89
16 12
14 36
33 29
5 23
46 8
49 68
12 23
61 23
30 51
67 78
26 54
84 12
82 10
56 95
9 29
77 93
52 37
73 79
62 64
56 68
24 48
70 35
18 24
13 97
41 97
12 64
96 90
58 51
30 38
57 1
49 50
42 93
19 48
62 52
71 89
66 53
97 49
83 91
8 9
43 65
30 94
52 20
63 3
5 3
37 4
86 10
26 41
3 67
71 44
79 48
66 48
22 56
15 45
65 50
66 80
96 21
1 81
0 54
3 79
86 47
24 63
82 79
32 45
68 60
11 98
90 41
59 84
33 92
54 50
68 80
38 15
74 86
22 33
90 24
72 3
59 17
77 24
74 38
75 62
94 42
24 62
25 75
44 12
51 6
26 2
82 93
81 4
88 84
93 12
79 37
79 35
18 81
89 84
63 5
48 15
10 52
81 3
45 59
61 28
57 98
14 32
57 94
94 13
26 64
11 7
31 89
X
89 35
55 30
1 55
91 50
55 7
4 52
78 7
25 23
45 87
37 64
19 34
4 59
83 81
74 95
14 26
93 23
74 26
3 27
31 3
41 51
73 51
18 88
85 24
55 56
91 91
47 36
59 46
43 24
15 35
68 55
91 85
23 61
1 91
41 5
44 54
14 10
92 12
90 4
51 8
86 94
41 79
84 63
87 41
0 39
47 40
67 60
84 9
37 9
21 53
88 12
60 28
56 10
38 56
10 19
17 59
46 97
31 29
50 16
16 52
X
25 55
73 40
89 16
42 88
64 51
64 94
90 82
13 11
76 71
9 95
39 3
33 87
64 32
89 3
82 54
96 52
55 63
76 46
1 89
39 8
23 37
42 44
86 16
9 22
94 98
27 37
64 23
80 32
29 59
35 38
66 64
55 36
20 19
70 11
62 10
46 0
91 67
9 4
78 16
76 11
87 75
42 25
80 71
84 26
27 91
67 31
6 6
19 66
59 56
42 26
71 61
71 24
63 1
16 5
22 16
18 76
45 18
35 72
44 96
87 2
85 78
14 5
18 89
7 83
29 16
26 3
15 54
96 9
34 33
1 90
74 48
10 78
38 5
92 70
43 46
65 52
62 37
40 90
79 33
6 56
57 2
51 66
95 12
8 31
6 22
4 30
92 77
21 43
4 12
48 39
50 15
72 61
7 37
87 8
77 75
36 33
29 39
48 28
83 78
50 73
32 94
82 20
63 64
58 75
0 15
66 85
29 67
24 57
11 86
26 45
76 29
61 42
24 61
47 60
10 58
70 83
46 2
88 41
69 50
38 34
69 48
74 15
48 62
72 14
90 80
7 48
15 16
42 38
21 76
19 65
13 55
41 6
68 84
89 93
83 53
86 5
97 11
78 32
21 12
46 64
64 7
49 17
28 34
17 61
59 95
29 85
47 10
43 72
74 19
7 67
62 91
40 35
94 0
8 30
31 85
54 2
97 21
77 51
17 4
31 90
51 17
24 33
37 37
31 8
15 33
40 95
44 69
28 36
34 5
84 76
4 50
5 7
2 95
16 28
58 42
12 47
76 2
98 3
53 96
89 95
39 44
83 90
72 6
13 13
5 65
30 43
28 12
34 16
11 16
56 57
88 3
49 5
19 46
3 77
47 68
75 83
35 12
16 7
12 71
15 48
22 88
27 56
10 40
76 15
50 90
41 77
38 94
15 47
81 30
95 82
44 26
1 64
16 16
14 2
43 88
57 48
6 95
9 28
44 47
2 10
33 88
86 78
26 37
85 95
82 83
44 18
40 22
20 54
64 59
51 15
26 9
45 64
0 75
35 16
96 19
80 27
53 18
23 7
88 1
89 55
63 93
61 45
88 57
12 11
11 62
0 91
60 92
73 49
41 57
88 86
35 44
9 63
80 84
50 5
38 86
75 19
3 84
85 59
87 68
57 92
1 32
7 74
92 32
40 9
55 25
2 74
77 77
61 85
42 12
48 13
75 49
57 59
88 66
62 98
51 29
56 61
27 45
4 21
8 51
63 79
75 90
16 84
86 32
29 96
87 87
55 96
8 75
80 8
46 30
68 59
89 60
96 95
41 85
46 86
22 34
17 50
69 98
4 67
26 71
50 43
41 91
84 55
80 52
35 82
52 22
16 22
42 53
43 27
11 45
8 17
96 29
5 5
97 37
82 37
10 26
21 16
77 19
97 0
22 42
45 19
70 41
52 69
45 81
96 14
67 70
58 66
79 39
94 15
91 38
71 57
83 73
40 76
91 45
49 72
34 37
8 97
52 25
7 62
90 16
19 82
76 12
6 93
52 53
5 49
19 38
76 37
70 88
7 13
12 56
29 65
13 81
36 11
98 77
44 65
80 45
71 64
15 53
7 16
31 43
88 6
20 38
84 14
25 69
63 89
X
78 34
0 71
55 82
58 39
32 37
61 86
27 7
42 9
35 17
94 55
11 25
94 84
13 44
18 49
4 93
14 35
11 2
76 21
70 36
21 92
49 82
41 60
2 59
63 80
49 83
13 28
68 11
55 58
57 73
14 88
48 5
11 80
23 78
45 95
63 14
91 60
X
11 49
40 98
75 58
68 2
45 27
73 10
64 66
69 41
39 56
52 70
44 9
79 77
36 10
55 37
12 24
71 68
44 52
13 20
6 42
72 91
38 20
35 89
71 49
27 5
83 38
25 35
4 94
45 47
14 72
48 35
65 76
58 23
70 33
91 88
37 35
50 31
76 52
71 46
45 12
66 32
13 27
36 71
84 91
58 13
34 58
44 19
98 47
56 79
82 21
60 81
11 0
51 91
82 13
14 6
75 85
20 26
26 95
65 62
19 23
12 88
37 78
0 56
35 29
4 73
62 96
84 41
63 76
20 56
16 76
10 0
79 16
36 45
20 24
73 77
62 26
56 21
60 78
73 21
1 17
71 47
32 58
12 18
13 10
22 83
14 96
92 22
23 22
35 9
63 15
10 11
87 9
91 43
71 78
28 75
19 47
95 16
49 56
7 6
22 96
74 43
71 33
17 3
48 12
44 89
57 80
31 46
82 48
85 22
45 0
50 97
13 83
24 32
46 63
46 36
92 82
8 19
64 58
15 95
13 8
78 73
36 48
21 13
89 74
42 11
39 13
88 50
0 88
29 5
72 58
59 67
65 5
57 37
56 80
79 68
19 21
5 29
23 66
76 67
43 54
64 13
38 6
90 48
28 50
13 49
9 83
73 85
22 79
23 89
32 5
42 77
52 88
71 67
12 82
12 15
96 98
10 21
2 43
79 58
97 16
74 13
6 62
54 59
91 96
9 81
9 72
11 3
47 43
26 25
86 65
79 52
30 69
37 12
23 27
53 54
91 68
25 7
22 43
59 45
45 42
83 15
76 84
75 71
46 9
85 86
54 97
86 40
8 8
56 0
15 1
56 3
88 15
33 89
41 98
97 6
79 74
32 38
83 62
22 47
47 51
74 62
17 87
23 42
53 68
74 20
42 46
10 14
98 87
78 63
X
61 15
37 42
76 38
19 2
14 80
86 82
96 54
74 69
92 65
51 28
63 49
56 87
97 10
48 75
64 50
66 2
91 78
73 11
33 81
88 81
15 93
72 65
68 81
27 63
X
20 78
6 51
38 47
52 90
57 36
79 86
7 5
91 74
1 7
12 89
18 74
85 26
56 44
41 65
91 89
23 69
52 46
18 44
41 93
94 67
11 20
45 98
48 7
3 70
97 18
51 53
1 53
68 44
81 87
7 33
60 71
54 45
13 95
18 39
66 35
16 93
33 47
49 10
76 94
54 7
56 50
91 70
62 92
42 97
64 96
45 73
38 46
59 39
69 60
11 23
28 78
37 70
85 90
49 42
68 30
76 7
11 54
3 78
7 66
20 4
77 41
25 68
72 43
67 32
93 7
84 85
9 69
36 31
55 39
21 5
61 55
12 95
74 16
62 54
5 94
51 46
9 10
45 90
38 2
93 24
66 70
40 82
38 53
28 85
41 59
91 54
11 85
69 5
73 28
33 7
94 95
41 11
86 88
6 39
57 91
42 66
92 46
7 53
24 6
39 42
46 21
88 60
42 58
39 89
49 46
31 93
76 58
93 25
22 68
18 64
18 20
10 27
73 93
79 69
60 3
22 59
49 54
61 72
44 24
85 85
53 6
30 68
92 2
54 8
43 91
19 43
90 15
18 54
54 94
14 47
57 25
96 50
81 61
42 8
98 10
40 47
82 47
43 90
41 48
72 13
32 29
88 54
71 96
98 74
71 66
49 11
46 45
88 76
96 82
60 76
3 63
59 83
23 41
84 36
70 98
89 78
29 51
55 16
36 13
25 67
46 79
89 92
45 6
34 72
11 14
2 93
60 38
40 40
67 37
6 31
7 46
45 65
19 86
57 66
47 37
96 41
86 49
10 3
46 34
26 18
89 33
88 26
72 67
2 39
26 15
95 71
3 46
5 87
33 12
89 68
83 74
19 91
30 74
47 15
81 31
0 89
52 86
58 3
76 91
70 7
37 8
71 63
53 23
40 32
60 65
92 23
12 90
76 20
86 12
79 42
17 32
58 82
84 54
90 50
9 64
86 1
22 73
61 80
33 90
61 52
8 56
10 59
94 74
94 63
55 70
74 17
1 10
40 63
14 93
22 41
39 20
16 11
81 20
86 33
59 57
85 15
53 65
83 30
84 96
49 88
24 15
65 82
13 40
53 95
26 26
85 96
24 75
71 87
59 79
2 67
87 67
17 11
0 41
69 26
65 4
9 24
90 40
22 13
93 19
62 70
80 65
69 47
88 73
24 34
85 33
80 83
70 12
58 56
60 50
55 9
55 18
92 21
59 12
17 19
34 14
96 48
29 46
49 89
98 85
29 14
89 8
88 4
34 21
78 94
11 47
38 21
58 79
12 12
95 15
0 80
83 65
1 29
83 42
19 16
94 88
60 15
79 40
3 17
48 6
42 76
42 51
25 76
88 80
54 4
10 84
82 90
89 53
23 93
39 61
77 59
23 70
34 25
5 52
72 35
32 2
78 79
61 36
22 82
49 49
98 26
78 96
31 81
52 5
32 9
46 47
83 63
62 83
88 92
79 81
4 69
6 29
56 49
79 63
92 67
92 44
17 51
63 8
40 44
38 32
18 87
7 97
59 96
31 96
55 81
38 51
70 10
55 92
48 43
11 64
15 98
54 47
26 28
4 87
71 54
49 26
96 91
56 25
1 45
28 81
78 81
30 52
29 87
18 90
3 82
96 6
59 6
85 84
97 44
7 54
21 41
77 14
46 27
34 40
6 40
13 42
21 24
22 31
73 72
66 92
19 25
60 22
83 25
43 12
87 47
18 51
98 76
86 89
61 39
67 85
54 10
25 26
15 42
11 1
24 43
72 68
21 0
56 96
98 52
85 97
66 10
96 45
71 7
13 24
50 40
44 63
47 35
12 13
30 45
46 67
35 45
95 48
11 78
85 40
37 87
50 24
40 64
6 66
11 35
71 48
40 54
41 22
52 55
29 64
53 11
24 78
72 63
91 65
29 79
87 42
73 67
27 25
53 14
23 43
74 65
98 25
50 78
64 77
76 40
46 25
91 66
51 40
65 0
66 47
10 77
49 43
61 7
93 89
42 57
43 23
59 42
78 50
73 22
11 40
6 38
6 89
63 77
21 3
89 69
14 98
75 12
77 50
81 9
65 35
92 43
59 65
79 45
83 97
43 63
11 46
92 18
81 94
81 58
3 64
62 75
5 92
62 21
60 33
10 12
45 31
36 62
74 71
37 49
62 41
86 55
11 44
68 90
54 32
40 27
82 44
51 1
86 25
97 90
85 42
14 34
10 71
85 80
49 95
42 33
0 4
23 58
7 44
48 38
10 61
35 11
19 39
62 32
22 12
20 6
10 20
72 59
43 41
68 37
47 32
54 61
40 5
78 64
22 24
39 34
51 19
24 52
30 93
55 88
81 17
44 64
57 88
79 19
2 22
41 50
59 59
63 4
2 53
2 76
11 36
85 8
16 3
18 65
83 79
18 26
48 60
28 13
88 56
1 5
62 25
13 38
65 77
92 3
50 54
87 95
98 56
3 7
95 53
67 87
79 57
18 11
22 32
9 1
20 23
47 44
22 0
50 35
92 90
63 46
55 33
56 59
12 92
14 21
37 72
53 45
24 3
24 88
82 69
40 7
16 24
58 37
95 78
7 19
81 52
63 12
32 39
52 77
66 19
59 41
14 14
33 27
50 74
73 71
73 62
41 96
63 58
83 67
86 85
29 93
90 10
16 77
62 15
8 84
8 46
48 16
78 87
3 14
87 59
60 37
35 83
38 84
8 83
68 27
45 55
55 72
96 47
2 11
51 37
35 61
75 8
86 98
0 81
72 39
38 69
60 30
67 91
95 74
53 57
66 8
77 25
92 53
23 4
12 16
37 6
75 61
64 48
31 88
52 3
26 73
39 15
22 5
75 40
14 28
45 97
14 44
40 84
51 16
30 70
75 38
18 40
75 53
14 18
5 6
30 48
97 31
16 42
43 1
77 85
22 9
55 76
5 69
7 98
67 69
18 73
11 13
27 38
82 15
91 51
81 71
95 90
8 38
95 91
79 79
95 79
46 33
93 72
98 65
53 7
5 53
23 20
60 14
3 49
12 48
8 62
6 94
56 12
36 70
13 26
82 3
29 13
49 63
87 49
30 26
32 32
53 78
43 33
15 91
16 4
92 96
87 34
49 7
47 21
82 41
82 95
35 90
55 78
23 87
21 7
53 73
53 66
92 8
50 55
98 81
3 6
98 86
11 26
2 98
40 57
31 44
76 77
48 17
6 75
65 29
52 14
29 28
59 19
70 97
81 7
64 79
29 53
25 59
11 94
51 36
24 55
85 74
18 13
77 52
36 44
88 93
95 37
20 45
83 56
60 75
74 49
70 91
64 60
84 81
85 29
34 80
13 50
34 87
57 11
8 18
2 27
37 75
64 87
29 76
88 45
42 17
23 81
17 7
98 69
10 65
71 65
25 66
77 45
50 67
39 73
1 6
27 28
64 63
93 69
23 73
41 66
35 86
44 21
56 92
8 72
92 14
7 82
64 76
34 34
70 0
8 89
39 62
52 59
47 38
88 47
69 1
11 68
3 68
82 50
79 29
68 70
85 89
66 43
9 71
68 25
82 35
94 22
37 90
30 20
76 59
50 75
15 44
92 1
71 29
59 15
80 82
42 41
71 22
84 78
16 82
3 26
37 61
94 49
19 37
97 53
64 98
92 79
57 64
46 40
28 27
24 71
36 63
61 14
70 81
58 6
3 92
94 8
2 17
54 73
91 24
89 73
20 73
47 56
36 93
79 7
64 64
63 48
60 20
78 29
21 19
54 89
10 28
85 66
8 86
9 85
3 15
59 78
16 40
84 4
50 6
9 58
49 51
21 33
63 50
69 9
86 27
33 60
73 75
2 54
25 43
73 14
93 96
74 75
36 46
10 10
42 42
29 47
13 94
72 10
85 51
3 58
55 6
24 44
95 88
84 82
77 90
67 49
X
65 91
4 95
94 46
49 74
30 86
85 77
87 46
10 17
39 59
43 47
50 53
36 43
73 16
47 28
61 66
74 18
75 27
7 18
78 77
55 47
4 79
13 82
97 14
50 69
65 23
8 81
21 22
75 39
28 8
25 24
12 17
90 25
63 66
27 16
36 60
27 55
15 28
63 96
24 90
52 27
27 33
71 50
45 63
13 12
84 35
58 43
73 59
75 6
76 36
97 70
77 20
65 16
91 44
14 90
33 82
82 40
97 89
42 72
14 39
93 71
45 92
55 32
89 25
15 87
30 29
51 68
4 17
89 65
29 17
12 78
25 89
22 85
74 61
20 49
4 83
33 43
22 30
95 59
49 39
39 11
34 90
22 20
95 13
19 64
37 31
31 35
68 42
18 63
58 7
44 10
78 38
87 32
62 79
58 36
24 14
67 22
18 7
42 91
71 5
38 42
53 1
33 30
24 56
77 53
62 86
20 44
82 7
16 48
37 53
7 43
56 47
15 96
76 45
56 16
84 29
70 14
1 44
45 30
1 76
59 37
31 87
11 19
96 71
53 50
61 37
6 54
11 15
8 98
35 52
37 67
18 78
4 98
91 69
82 98
22 52
19 54
58 78
20 55
70 31
63 94
90 55
21 42
55 48
87 12
72 12
21 91
13 17
X
28 96
71 45
26 4
90 58
86 8
12 14
21 70
18 23
3 66
2 79
82 85
92 56
80 47
25 60
73 74
5 54
0 79
22 25
33 77
90 1
17 16
51 73
32 54
80 2
72 84
40 30
5 91
15 34
85 10
52 65
28 56
65 1
9 79
50 72
34 82
18 32
56 42
90 29
20 10
3 56
12 4
63 10
98 64
77 68
30 65
63 53
76 55
69 35
20 50
23 12
6 7
87 10
54 13
42 92
98 90
61 95
78 75
39 21
17 37
77 87
88 59
40 28
66 21
18 18
91 41
80 43
80 73
78 22
68 35
45 70
6 44
39 68
16 67
85 92
57 30
61 24
19 52
96 80
29 18
65 71
39 26
43 22
4 92
78 54
21 93
85 63
84 3
21 80
95 6
57 22
91 76
41 18
43 86
57 35
17 47
25 90
92 45
35 33
41 30
5 15
55 8
34 20
39 72
48 46
19 51
54 78
14 94
35 7
X
6 92
93 49
45 9
11 50
74 93
80 34
93 83
56 5
25 71
43 56
81 66
1 71
40 11
71 20
54 79
94 72
22 60
67 38
77 9
1 41
39 74
23 34
70 76
41 64
22 10
41 31
50 62
20 52
29 78
44 77
4 54
6 15
74 98
66 27
6 83
53 44
21 26
24 2
44 4
56 14
66 62
54 75
13 89
48 98
34 17
56 43
46 41
39 6
91 39
1 3
32 56
88 68
93 75
48 4
55 80
59 86
81 51
33 2
31 77
29 72
63 85
88 67
2 51
40 61
39 65
46 73
88 16
84 58
98 83
20 37
54 69
25 73
82 14
40 67
51 9
4 97
81 48
66 5
60 18
57 0
87 30
95 39
57 57
21 9
83 26
76 14
0 98
70 23
97 26
23 85
89 98
62 90
41 87
10 8
29 68
74 73
81 24
62 76
4 46
1 39
85 79
7 70
64 43
80 6
0 83
45 46
68 51
10 9
11 88
74 87
38 97
89 66
71 51
9 3
95 84
92 10
58 21
7 91
81 35
39 53
1 27
55 73
92 85
34 86
89 27
4 57
37 34
9 96
86 96
20 51
57 17
85 49
52 49
50 42
96 89
55 49
4 74
72 29
50 2
21 68
16 60
6 23
17 83
73 1
50 13
65 78
77 16
28 59
98 29
55 19
14 53
35 32
71 9
24 74
67 89
12 57
66 65
22 8
96 57
86 72
13 14
87 73
17 48
40 15
18 48
77 84
45 86
47 16
42 4
18 85
56 58
87 86
80 39
73 0
71 13
23 17
52 63
28 4
29 25
67 5
35 30
91 25
48 55
22 58
34 74
12 93
88 17
42 47
70 62
71 28
30 23
37 69
80 96
35 21
29 80
90 14
24 83
30 91
52 34
6 5
10 64
25 95
3 95
76 49
33 15
2 14
44 71
93 0
8 50
34 31
90 76
49 27
60 31
82 92
3 83
58 52
59 20
14 76
68 4
2 69
38 44
12 81
62 46
56 72
84 56
94 71
76 64
94 69
19 33
76 61
80 88
48 26
86 9
47 65
80 64
20 86
0 1
90 8
26 59
96 83
77 82
95 43
59 3
39 57
24 89
16 8
96 38
40 4
47 9
28 64
7 34
2 87
20 28
92 24
63 36
11 65
4 70
57 27
59 58
63 20
31 22
57 70
19 72
93 54
16 46
47 13
72 62
63 60
15 62
80 69
23 56
78 39
66 12
1 40
12 80
33 58
68 22
46 82
16 32
23 35
64 69
86 95
93 97
53 3
75 43
48 42
36 35
86 77
68 72
20 35
33 32
87 14
89 38
79 46
92 39
32 43
16 63
51 67
29 6
4 80
72 8
58 55
86 80
9 73
0 82
16 23
94 61
30 72
49 38
3 48
28 61
53 87
44 30
X
83 60
41 45
37 25
54 12
60 6
32 85
52 48
73 94
15 14
77 30
68 83
76 35
44 98
41 74
48 8
1 79
31 58
89 52
73 69
64 90
6 82
21 94
9 74
82 33
70 26
52 51
35 15
85 12
19 42
86 66
17 34
50 30
33 71
51 33
9 80
32 35
65 36
24 91
6 59
24 66
77 29
61 4
57 90
24 80
72 94
55 50
64 97
50 17
90 88
43 50
62 77
55 59
42 89
77 42
89 4
58 17
53 5
94 90
35 74
47 33
61 68
35 14
29 66
60 58
98 2
78 9
2 83
14 30
46 53
14 22
84 42
92 47
79 73
77 89
12 45
57 93
37 50
80 66
74 11
92 81
4 16
66 84
25 94
34 55
78 89
89 15
3 9
75 26
45 10
22 86
39 55
75 7
44 85
34 56
91 18
41 38
15 11
32 36
22 53
15 36
96 53
12 28
51 50
6 81
92 11
19 11
15 82
77 86
21 31
13 46
92 52
40 41
54 6
51 0
1 69
28 49
93 33
14 81
61 44
86 76
47 26
54 43
40 36
32 97
57 14
7 69
34 84
40 23
47 24
76 60
47 31
82 56
56 19
63 38
66 17
34 93
51 76
41 36
48 48
24 53
88 74
29 44
52 38
30 87
19 6
48 24
55 0
34 30
38 98
67 27
91 35
80 60
43 21
54 68
15 41
81 89
83 70
91 26
35 92
73 50
75 73
61 70
38 8
46 88
65 9
55 75
14 37
55 4
50 39
20 31
9 26
78 88
57 71
19 63
23 88
32 84
17 81
40 25
73 39
82 60
15 90
83 29
88 42
45 26
62 13
91 79
29 35
33 98
80 95
95 72
15 61
91 19
53 20
47 25
36 90
96 0
32 40
75 42
52 57
14 40
2 52
1 16
76 34
88 87
88 46
98 16
54 41
22 76
84 88
80 98
15 37
78 48
15 3
73 54
66 61
45 5
26 14
X
66 41
70 54
0 29
56 34
58 19
44 95
95 68
23 84
84 87
81 34
59 40
54 46
31 36
23 75
76 0
79 80
75 20
44 29
19 17
95 96
80 46
36 41
54 90
36 25
46 54
65 70
88 83
49 9
36 91
31 72
81 36
80 76
4 14
34 47
36 77
3 25
96 88
38 67
48 40
65 8
18 25
36 12
75 54
1 63
26 8
83 59
28 29
41 7
7 64
97 9
74 57
98 82
52 82
0 74
2 4
59 26
34 28
59 49
43 38
83 24
31 47
7 38
X
36 29
3 57
88 25
3 73
8 80
65 15
14 1
56 6
54 98
10 96
47 62
91 5
44 40
15 46
56 41
82 86
26 89
95 66
47 96
X
92 55
88 44
45 24
31 57
67 39
55 17
72 56
3 31
68 49
28 83
60 34
36 80
40 52
66 26
95 19
42 45
44 78
72 81
9 12
43 98
45 40
74 59
75 82
83 9
32 68
15 40
66 28
22 18
4 55
76 16
67 45
19 87
57 18
37 59
59 48
46 22
61 74
40 48
72 92
18 28
77 43
52 18
65 32
8 61
92 58
85 52
57 3
18 45
6 60
92 13
50 71
11 27
43 74
87 22
68 56
77 32
74 89
82 42
9 11
59 21
21 14
37 77
8 78
68 28
92 98
48 69
73 84
21 97
87 7
35 59
65 21
26 60
63 57
42 27
1 30
30 79
74 32
19 41
3 40
25 15
6 18
63 73
96 22
13 2
53 98
90 49
22 29
23 31
13 34
97 91
86 26
28 66
92 34
44 53
7 41
74 41
68 78
0 37
49 53
70 42
36 50
57 84
19 8
26 17
79 75
67 26
61 84
10 66
6 87
71 75
72 0
81 49
38 40
97 81
31 30
74 30
81 92
8 87
32 66
76 51
24 12
93 35
61 16
32 95
74 54
1 20
34 24
46 11
X
87 1
22 37
44 49
67 61
46 80
63 43
21 34
56 51
86 75
17 79
57 65
60 1
94 35
35 20
94 97
10 2
9 52
40 21
30 90
10 16
39 90
16 49
91 46
89 19
67 56
97 32
18 17
22 72
85 32
47 66
15 24
23 3
58 80
53 56
56 29
54 63
81 96
91 9
73 65
62 39
41 49
85 54
35 24
40 31
20 14
64 61
96 58
74 60
55 86
49 98
26 36
95 44
37 47
55 74
91 63
33 23
72 2
94 77
32 88
13 88
85 50
84 97
67 44
20 34
84 40
32 30
18 19
45 32
68 16
25 80
69 23
37 60
14 38
70 61
27 74
45 54
72 77
71 32
52 6
62 93
49 70
36 47
81 98
49 44
43 94
50 91
12 37
56 9
88 24
82 9
33 85
58 53
19 15
64 11
86 91
20 90
14 11
3 28
30 12
27 61
73 56
91 64
28 31
7 52
74 81
5 43
73 35
83 11
88 10
9 44
63 86
35 50
29 1
13 41
30 77
41 89
84 44
47 69
2 8
8 29
62 56
86 87
89 40
49 75
80 51
3 43
77 57
68 58
54 91
85 91
33 14
35 10
3 8
58 5
29 48
76 68
83 89
89 47
85 56
90 78
4 56
9 8
87 82
21 79
18 72
58 69
61 75
51 88
64 57
36 75
2 72
29 69
43 85
8 16
76 95
71 62
62 59
75 45
38 13
35 19
69 92
48 37
68 12
24 81
23 59
10 67
8 7
42 24
64 3
57 47
90 59
11 59
13 85
77 34
49 32
57 83
47 81
82 49
95 67
46 57
6 53
19 31
97 23
75 44
35 77
98 7
97 20
33 44
63 11
20 80
29 31
60 90
12 6
56 38
5 39
33 16
40 89
74 4
70 32
60 10
58 41
30 73
47 7
82 24
53 16
25 58
46 69
87 3
68 19
1 61
65 96
88 35
87 0
37 26
34 10
16 44
74 58
20 57
54 24
27 48
77 36
43 25
56 31
74 14
74 8
81 50
63 98
32 57
17 25
82 0
69 15
82 80
11 81
94 79
1 95
41 69
37 71
85 47
39 82
15 20
24 26
32 22
13 15
30 67
78 62
60 68
33 31
1 23
20 77
77 63
73 27
26 5
65 6
88 32
31 62
10 72
78 80
64 71
89 79
37 73
20 11
86 74
93 93
27 17
24 73
9 0
91 2
50 84
12 19
25 88
39 93
81 47
31 37
33 95
83 3
19 84
78 60
46 31
61 26
27 21
1 15
67 33
59 80
85 43
40 53
64 70
95 5
61 58
46 35
71 80
33 83
16 74
48 0
37 95
88 2
88 79
20 76
32 24
68 17
34 3
27 70
90 56
3 50
22 75
2 71
47 70
90 2
3 5
57 87
66 25
24 95
77 12
61 47
17 42
89 10
70 65
29 8
25 84
21 69
49 76
16 14
0 40
88 78
93 58
23 52
63 67
57 31
7 12
X
X
65 80
X
85 48
35 23
14 27
50 51
84 24
43 45
66 76
30 30
X
X
24 68
37 29
49 35
55 69
X
26 61
47 95
34 51
66 66
X
86 73
24 42
X
1 38
X
X
39 95
38 83
41 67
X
7 71
70 92
26 24
68 0
77 61
X
X
72 11
X
X
51 51
68 10
X
X
0 2
X
X
X
X
89 13
X
33 57
53 74
67 97
70 94
X
X
69 65
28 43
X
X
45 77
X
X
41 88
7 14
18 53
82 39
69 11
74 53
X
X
X
96 64
X
X
25 62
X
9 40
2 23
X
92 37
13 77
X
X
X
72 36
X
X
91 28
65 53
X
75 24
X
85 55
X
21 46
X
40 83
86 31
X
X
64 95
36 96
X
X
34 57
X
58 44
X
42 22
X
X
69 93
X
48 82
X
75 29
X
65 61
55 5
92 59
11 33
17 17
X
83 54
X
X
X
X
X
68 39
72 69
51 98
X
X
91 15
51 77
28 47
X
85 60
23 57
64 46
X
71 4
X
87 56
72 20
28 26
X
95 70
10 7
X
51 75
X
67 83
X
98 91
28 76
18 33
X
77 95
X
18 46
36 61
66 81
43 97
92 97
X
X
54 11
91 93
X
X
X
57 39
45 67
24 76
92 94
X
68 69
67 9
18 14
76 63
32 3
X
X
21 74
76 90
X
X
X
96 59
23 76
26 31
87 76
82 78
32 71
X
78 93
X
X
55 67
X
70 71
49 28
44 39
38 33
X
86 11
7 17
X
X
58 27
19 1
45 53
X
X
X
X
54 58
14 79
38 87
15 79
1 84
45 48
91 17
34 27
X
X
77 40
X
73 19
X
84 25
61 79
X
X
53 60
63 91
14 17
37 45
73 52
30 80
78 28
90 69
7 23
X
17 33
X
X
33 13
17 10
X
66 59
37 86
1 12
38 41
X
71 60
68 1
X
91 52
42 68
63 42
X
X
93 62
95 24
42 28
72 64
58 20
18 52
X
48 81
X
X
79 84
X
X
82 45
X
65 90
X
X
83 66
90 44
X
X
6 12
53 61
67 50
X
45 39
X
76 26
X
X
X
56 52
4 58
28 18
20 70
21 6
X
27 15
X
X
5 18
X
59 43
X
9 62
X
X
50 8
X
59 18
X
X
53 43
X
47 72
X
16 17
12 40
63 54
X
1 54
65 84
53 88
86 30
X
26 90
X
46 12
X
44 87
94 6
95 42
48 44
71 59
78 42
53 15
40 66
X
X
X
12 8
44 70
67 10
69 0
X
3 86
X
77 48
X
59 2
96 15
82 55
X
X
20 85
92 41
X
85 6
58 28
X
86 83
65 18
7 87
X
63 35
X
64 27
X
94 31
X
51 52
X
X
X
90 65
26 33
X
55 20
X
X
24 77
92 91
X
92 92
78 95
X
X
29 60
X
X
X
36 37
81 67
X
X
X
69 4
69 22
X
1 80
X
38 54
61 5
6 47
53 25
37 44
7 58
60 27
X
80 7
80 70
80 68
X
X
X
X
98 30
X
X
X
10 5
X
X
5 55
95 34
X
6 52
42 56
X
73 57
27 93
19 35
X
30 22
39 35
X
71 76
X
4 29
37 10
93 31
X
31 48
X
53 89
75 18
68 38
84 10
X
X
72 75
X
X
46 87
18 86
X
91 27
94 24
X
59 13
20 17
X
37 23
91 75
30 36
21 77
X
X
X
X
X
47 8
35 87
26 96
7 47
46 90
48 41
X
41 86
80 19
X
X
X
30 75
52 85
69 56
87 13
X
X
X
24 45
X
X
90 27
10 41
X
87 37
X
90 54
73 26
56 77
83 88
88 34
11 96
X
3 32
88 62
40 17
X
71 31
X
58 38
X
X
X
60 9
62 36
X
X
97 1
X
84 79
57 58
86 51
X
22 80
9 56
X
70 20
57 19
X
53 24
X
19 18
X
71 19
X
40 8
X
97 5
72 23
47 23
45 80
92 35
X
52 87
76 4
X
50 48
X
X
X
23 40
X
71 18
59 94
X
52 56
50 28
59 53
66 33
86 13
X
X
60 52
40 6
59 73
X
X
25 51
88 55
78 26
X
40 59
26 58
54 17
70 47
X
93 8
X
50 29
X
X
23 13
90 23
21 10
94 83
50 0
X
X
15 30
32 31
X
14 95
X
31 56
62 65
28 88
27 18
43 30
X
53 86
41 20
X
46 70
X
63 90
71 98
44 22
X
52 71
25 63
X
49 64
7 50
51 5
X
96 17
33 75
X
21 27
X
29 21
X
56 11
X
X
X
X
X
83 28
X
14 13
X
51 57
X
95 0
41 26
7 42
X
X
33 56
79 78
X
52 47
83 86
61 11
X
X
17 77
X
34 66
X
X
69 14
78 27
92 31
X
62 35
94 56
51 62
37 94
35 73
X
68 29
54 86
87 33
2 21
42 86
42 20
91 77
5 88
97 39
X
X
59 11
X
62 50
X
X
53 69
93 10
X
X
60 47
X
17 90
64 1
X
41 27
X
X
48 50
54 44
50 98
X
85 61
X
41 34
X
X
X
2 7
59 24
41 32
X
X
X
X
77 15
X
31 82
X
80 58
14 78
X
X
86 81
95 83
87 74
49 36
3 87
87 5
X
X
X
43 73
14 49
31 70
84 17
1 43
91 11
X
37 66
X
25 81
X
X
44 94
X
X
62 18
75 63
93 76
52 36
29 56
22 69
30 8
X
4 91
10 42
6 17
21 21
16 13
X
X
X
65 34
89 77
78 76
X
75 41
22 67
X
X
X
X
88 14
X
5 42
15 78
X
32 96
X
37 38
57 96
X
X
98 68
X
78 98
0 90
X
96 44
60 48
X
X
61 53
X
X
X
27 20
57 49
X
X
X
70 95
31 38
X
89 61
X
61 13
X
47 61
X
X
X
X
60 44
X
51 39
X
81 16
73 36
0 38
48 65
38 63
7 63
X
37 43
31 78
X
X
X
78 84
49 65
X
26 30
X
80 85
77 13
72 72
12 3
45 36
74 28
X
X
X
21 52
17 65
40 13
X
20 91
95 73
39 67
X
X
44 91
72 50
80 28
X
X
35 78
57 8
X
57 67
X
83 27
25 9
X
33 46
46 75
X
74 27
15 0
31 98
26 67
X
69 77
X
X
36 24
X
42 6
X
16 91
X
X
2 88
X
85 58
92 80
X
X
88 36
X
66 37
35 63
39 27
X
49 87
87 79
X
93 80
X
X
80 87
86 2
84 6
X
X
73 20
57 28
48 1
X
X
90 57
20 82
X
67 77
X
X
11 39
X
19 14
98 27
X
58 54
53 39
79 50
8 11
X
34 71
86 60
64 33
X
X
X
94 21
62 89
82 27
5 79
X
17 53
2 31
75 79
12 26
32 10
49 8
39 30
X
30 25
27 3
X
X
10 79
X
X
X
21 54
21 39
97 29
X
74 5
71 15
72 28
X
X
X
X
21 75
X
X
X
X
8 70
X
74 67
X
92 16
56 60
47 80
X
X
X
77 37
46 94
X
10 35
21 58
X
X
32 55
X
50 4
X
X
13 22
X
70 90
14 20
X
X
X
X
16 85
X
X
51 90
17 21
X
6 24
X
34 15
X
77 94
X
X
X
X
35 85
27 94
X
X
59 47
41 8
89 96
89 72
39 31
X
X
X
X
X
X
45 96
32 70
X
36 42
98 0
91 8
57 41
X
12 49
90 5
22 92
19 55
94 43
50 44
80 53
4 51
92 74
42 29
X
56 48
43 87
X
52 52
50 36
33 11
40 45
59 97
X
51 4
86 54
2 32
X
X
X
X
25 40
94 4
22 11
72 21
73 82
X
28 21
X
4 7
34 91
65 95
X
X
57 97
8 74
10 15
28 53
46 55
22 74
X
64 15
X
20 5
49 2
90 6
5 17
59 64
7 7
74 82
X
X
X
90 39
X
X
X
X
X
62 43
X
X
X
X
X
X
25 12
3 4
X
33 5
X
47 77
38 59
53 76
X
65 65
X
83 94
X
X
X
X
X
X
X
37 30
72 1
X
X
98 6
X
96 81
54 80
25 82
64 74
X
29 61
49 4
25 31
17 39
X
X
33 38
26 83
75 23
81 29
83 69
X
X
67 41
68 98
X
16 73
86 36
77 67
X
31 32
X
79 13
X
X
X
25 85
X
70 67
62 20
X
26 6
X
X
30 3
61 83
85 81
8 65
X
79 55
51 85
X
27 1
X
55 94
85 87
60 40
X
49 96
X
X
X
X
96 8
X
95 22
X