36 25
4 25
79 48
6 6
55 47
75 49
47 12
79 29
35 37
77 34
2 43
86 74
7 59
93 1
60 58
49 71
47 53
44 85
79 17
58 66
12 87
13 32
20 9
30 70
65 72
93 19
98 31
36 54
93 18
77 6
90 62
39 25
7 75
14 86
86 15
18 2
52 17
38 24
50 65
55 57
54 15
90 24
18 60
22 33
58 56
38 74
10 85
34 52
67 63
79 34
76 41
8 98
6 15
64 97
74 29
19 48
1 47
16 84
95 68
55 40
50 97
26 16
93 42
46 8
52 82
17 75
9 58
56 59
74 32
25 6
8 89
12 64
44 42
94 41
64 34
12 76
62 64
62 33
69 25
24 62
46 36
1 55
37 84
48 16
92 85
76 36
12 68
71 11
64 54
77 7
79 75
82 85
89 44
69 9
64 26
20 56
91 56
10 68
42 11
41 18
19 31
20 44
5 80
34 13
67 89
11 50
26 45
26 88
23 55
1 89
40 28
1 4
9 6
81 26
93 3
56 54
81 8
49 15
56 35
49 69
39 56
72 77
36 29
74 57
2 66
71 46
70 44
1 41
11 45
24 52
93 97
95 97
42 58
89 16
33 9
32 20
14 38
55 66
82 52
60 34
95 40
44 27
93 56
33 10
12 24
39 73
72 70
2 60
8 30
81 25
41 62
12 82
52 26
37 11
45 97
82 2
94 81
19 45
35 69
94 84
13 40
65 44
56 42
76 54
23 21
2 18
63 11
6 27
33 52
48 9
20 34
7 48
80 83
14 92
28 20
33 7
97 13
37 65
48 35
36 11
8 69
60 5
44 79
63 36
37 7
53 58
2 27
31 8
10 19
42 76
82 42
86 27
32 47
25 23
75 46
7 51
53 11
78 52
3 31
3 88
61 80
77 84
72 57
30 92
63 84
94 57
33 39
15 43
33 51
56 76
56 15
11 64
18 19
74 91
68 15
57 64
44 47
27 56
97 54
47 2
41 5
26 57
36 70
48 30
42 40
27 36
79 62
22 66
73 70
65 78
98 65
9 24
86 5
68 70
43 76
75 26
53 21
6 9
2 79
62 32
8 78
24 2
77 81
12 4
25 11
16 45
21 51
56 4
84 76
85 22
41 11
44 75
36 35
97 48
92 77
42 64
86 4
10 74
23 70
85 66
59 4
3 77
37 67
29 78
22 9
11 86
88 25
78 67
35 15
46 29
36 36
81 74
84 63
71 90
5 3
24 84
80 24
13 33
47 46
29 96
30 51
90 80
49 13
11 2
4 17
56 9
63 1
70 42
23 95
28 69
75 57
95 5
89 31
54 32
20 38
15 35
68 9
8 41
81 38
47 49
48 32
7 53
61 57
54 70
88 50
10 29
48 7
67 81
15 26
2 5
10 62
9 41
58 73
0 83
55 19
8 21
43 34
47 7
73 12
30 20
37 8
66 87
59 51
12 25
96 88
55 15
70 41
96 6
18 89
72 17
65 43
47 79
61 24
88 12
20 18
1 77
56 75
49 17
82 34
28 80
82 46
43 86
49 25
0 12
13 13
50 55
91 80
42 25
19 53
52 59
5 49
17 25
68 92
46 57
27 44
24 47
92 9
59 48
23 30
82 12
16 36
81 4
97 22
15 15
63 43
22 22
2 74
9 26
12 89
84 88
54 95
60 22
91 68
69 51
21 50
25 33
84 13
3 54
73 62
28 70
60 30
55 10
53 97
11 37
8 87
43 10
11 24
84 54
26 44
20 29
33 28
98 74
68 22
93 83
0 31
70 23
55 73
23 9
0 89
61 28
23 96
18 78
7 65
96 13
29 94
18 10
39 20
78 61
94 10
74 93
83 93
13 50
1 75
75 48
98 13
22 7
19 37
62 66
35 18
97 82
87 12
40 40
12 16
35 20
83 77
65 86
58 95
81 73
49 98
41 92
64 66
50 46
32 58
58 18
51 34
31 36
5 67
85 90
91 95
37 62
91 85
7 92
43 12
52 38
35 52
48 0
9 9
30 76
90 53
61 74
78 17
72 59
0 40
6 22
98 55
53 50
63 10
54 25
47 34
86 0
33 23
38 92
77 87
70 63
17 34
68 88
1 46
47 71
78 89
28 77
52 39
33 17
35 29
95 56
31 93
32 88
92 32
64 70
80 55
60 24
12 84
40 24
90 14
76 24
74 61
34 11
60 92
51 6
9 97
70 8
42 8
84 53
75 76
34 5
80 74
9 80
52 55
48 24
16 31
31 65
20 41
57 47
65 66
96 57
40 93
25 19
70 72
40 72
87 55
49 42
38 62
81 52
78 36
63 92
7 49
0 81
55 43
80 97
14 93
23 91
24 40
30 7
47 55
17 38
9 52
10 16
82 80
30 62
22 91
50 30
85 89
61 84
95 48
45 95
58 23
8 43
69 90
47 13
98 83
53 20
88 3
79 86
74 48
75 39
7 4
64 9
16 61
62 62
17 19
96 74
24 66
8 7
49 82
49 44
72 76
94 68
24 64
18 34
9 30
56 13
41 7
89 42
13 8
93 49
31 23
67 53
39 34
37 59
10 28
21 57
15 44
86 24
68 78
61 10
33 65
78 79
70 65
31 55
95 53
71 39
41 97
28 93
46 82
59 52
43 29
67 24
73 56
49 7
0 44
89 34
38 69
8 47
60 7
24 6
73 10
13 18
41 98
28 54
87 7
19 4
33 78
91 24
53 26
54 22
87 59
9 7
59 28
59 25
42 18
13 80
15 20
30 65
81 76
56 2
87 53
88 49
12 9
3 68
8 86
60 66
3 20
28 32
83 97
46 66
76 66
59 3
25 28
64 10
39 47
6 18
9 66
79 36
15 8
60 80
68 7
59 27
2 17
52 86
91 47
23 10
87 9
35 12
30 48
93 81
34 58
28 46
30 26
21 4
5 15
35 51
19 43
55 12
20 74
85 7
54 52
49 70
63 66
32 87
42 66
0 37
42 30
46 33
85 49
90 38
3 51
24 36
18 35
11 36
55 29
52 40
42 48
7 73
64 88
87 43
63 50
16 44
7 21
34 2
36 53
38 26
81 84
91 32
38 68
25 69
67 78
26 34
69 26
24 69
20 7
40 7
44 56
36 13
62 45
2 58
92 71
22 47
4 97
67 98
69 53
65 0
65 37
93 91
72 7
19 85
9 82
86 78
32 94
88 87
63 74
73 43
13 48
24 93
6 53
74 86
86 59
68 27
22 51
27 25
35 76
22 34
74 72
82 50
65 33
65 98
76 16
91 79
98 66
90 68
29 27
43 41
21 82
86 58
10 78
1 82
56 17
7 83
4 73
3 70
79 41
97 20
98 67
34 86
88 54
33 33
16 54
87 66
26 53
6 66
14 2
46 38
97 69
5 87
46 30
22 85
15 86
13 16
28 75
94 93
88 81
83 43
94 32
74 15
6 4
77 20
78 44
66 47
1 39
7 86
41 37
82 38
21 29
29 64
28 34
48 69
70 69
96 38
34 23
57 25
50 41
38 31
89 35
67 76
97 53
67 39
69 89
14 10
35 61
65 7
82 10
50 90
2 57
70 36
11 78
71 58
58 81
22 79
29 32
51 88
57 30
53 92
28 36
5 93
30 43
27 41
44 21
11 35
52 39
83 60
1 15
61 63
81 51
75 17
92 61
6 32
52 27
91 89
33 93
29 66
79 54
85 36
69 47
26 72
83 67
15 41
95 20
35 21
17 51
10 4
70 73
58 22
22 89
67 49
95 12
65 47
48 45
68 95
16 32
42 41
81 83
10 81
84 60
12 62
9 77
91 59
87 36
87 98
43 47
59 59
29 33
60 56
3 93
34 39
33 49
89 81
82 20
77 74
21 14
60 43
11 79
1 53
78 23
21 34
60 31
98 25
25 34
92 60
22 86
84 91
9 51
85 37
40 35
43 63
33 45
94 45
74 74
7 66
24 16
32 45
55 78
0 18
98 57
79 74
91 37
47 32
2 20
24 59
60 39
82 3
23 22
40 92
37 70
54 53
36 89
61 86
20 57
5 51
96 51
35 60
76 0
56 21
89 69
63 45
89 46
39 53
46 49
38 57
82 11
26 98
55 39
6 87
12 11
87 57
8 23
93 82
32 65
3 98
86 42
37 26
36 71
66 5
59 61
59 71
46 31
44 53
30 93
17 84
45 74
46 91
57 40
78 82
19 82
84 43
26 81
98 24
36 95
98 77
74 40
2 76
35 50
83 37
45 94
37 89
40 49
52 28
64 93
73 87
43 89
19 13
42 98
86 76
49 89
76 1
6 26
51 73
70 84
61 64
67 26
38 72
7 88
63 87
91 64
37 53
91 66
73 27
79 73
79 46
66 30
36 93
89 62
85 74
25 56
46 74
35 59
50 76
71 50
41 36
39 42
60 81
34 45
76 20
78 24
65 56
19 6
83 19
60 25
29 74
26 8
41 90
51 20
90 25
77 1
86 56
89 60
19 16
42 65
76 19
46 89
68 3
64 52
66 83
0 45
21 81
49 81
66 22
39 60
40 5
42 42
92 14
53 67
48 34
62 68
82 7
40 63
3 29
80 33
76 65
1 2
30 27
39 51
77 27
78 16
17 73
65 20
12 7
39 97
46 97
48 4
57 52
75 31
38 64
96 40
83 38
36 62
74 59
20 23
96 1
81 94
35 43
27 33
84 83
83 7
11 0
69 3
89 39
7 44
81 42
60 10
82 37
72 55
12 5
32 25
43 55
87 11
38 55
81 49
75 38
91 14
58 74
59 77
50 71
53 94
96 90
71 36
61 75
61 66
18 5
2 92
58 16
65 48
89 59
94 79
66 48
54 48
61 72
72 49
25 44
98 81
14 14
93 25
87 3
19 44
66 93
81 62
22 59
2 97
62 59
17 44
89 40
97 0
34 10
30 79
81 27
98 69
20 37
84 85
73 1
46 46
38 75
52 63
7 33
81 85
75 44
60 85
78 18
54 2
24 13
70 35
48 38
14 8
95 59
90 64
70 78
97 9
63 76
47 16
59 21
24 11
11 18
25 5
8 46
82 71
35 6
31 54
22 83
14 30
94 44
48 68
19 11
55 2
39 54
6 58
28 68
32 77
81 33
14 11
88 42
17 23
84 67
28 6
71 48
63 44
47 70
19 42
65 12
96 47
11 80
66 65
25 38
76 45
12 93
67 87
56 47
91 90
34 84
18 72
59 79
66 58
85 29
20 90
1 29
85 45
94 61
7 45
17 97
24 43
96 95
81 46
29 12
68 81
53 52
95 47
28 65
96 9
30 12
71 66
49 29
51 93
21 72
56 68
21 13
59 40
26 32
14 57
46 80
77 50
51 1
22 18
66 15
51 19
33 20
46 19
1 45
16 8
33 4
56 46
36 23
65 85
71 63
90 78
24 86
91 69
91 49
98 16
16 6
24 34
59 50
70 51
33 82
6 37
56 66
71 78
21 0
32 85
3 96
41 31
3 46
57 3
95 45
17 43
54 7
37 60
5 5
36 6
32 90
29 7
78 53
74 83
46 79
23 28
3 6
23 8
17 68
22 21
23 54
31 43
8 27
54 98
48 33
76 61
6 42
23 84
95 95
10 40
79 93
50 3
92 66
70 26
12 1
4 80
81 79
44 80
21 35
56 64
13 1
50 85
78 5
55 55
76 95
90 56
93 58
53 37
19 91
39 61
21 45
60 79
41 65
82 48
56 10
34 90
82 70
12 22
23 34
42 10
95 9
46 26
39 84
19 28
21 91
26 95
45 9
53 68
72 13
92 62
54 20
56 29
89 71
39 13
20 0
23 17
16 40
7 26
21 44
40 16
88 32
17 30
19 23
79 87
32 27
72 66
8 16
24 23
54 50
2 78
24 49
14 15
25 90
21 36
25 39
26 7
13 14
50 13
14 22
43 88
19 46
78 7
76 2
41 57
71 80
67 70
77 73
40 60
50 53
52 24
52 2
72 58
87 84
38 50
6 50
53 73
60 55
11 63
24 12
57 24
73 71
55 49
76 96
82 33
72 29
18 17
50 66
36 40
36 56
95 64
96 73
77 90
85 33
6 92
14 55
44 45
87 78
30 71
18 88
59 12
19 74
67 28
38 4
50 82
80 96
83 29
16 88
94 1
29 80
94 2
53 95
75 33
57 22
42 5
35 33
58 76
42 90
82 68
81 41
83 57
69 98
47 30
56 74
56 83
78 12
93 57
58 70
94 5
24 25
35 45
50 45
1 73
28 31
32 97
68 58
24 19
64 22
23 1
47 54
73 2
26 13
16 30
19 8
0 35
32 26
15 55
21 22
64 80
2 69
97 44
30 94
75 25
78 49
80 29
16 49
38 49
20 48
47 47
85 76
20 72
13 91
98 86
89 10
24 87
6 62
30 78
29 50
17 42
69 84
63 8
48 83
54 13
70 61
39 92
33 35
95 51
8 66
35 3
64 2
89 88
12 45
94 88
82 83
71 54
66 6
77 96
53 75
4 65
2 14
91 71
53 46
72 0
75 43
38 71
31 3
14 82
80 35
77 58
54 96
15 47
41 41
91 74
17 63
83 36
28 64
20 31
93 7
83 23
92 43
55 97
87 75
38 47
96 41
70 62
12 94
81 32
37 25
86 7
93 23
17 76
31 86
72 62
5 92
15 76
48 43
49 14
49 3
15 4
54 78
97 90
70 31
61 95
67 69
18 74
65 2
87 1
11 21
43 74
60 65
70 10
36 45
65 22
62 55
15 14
41 89
21 30
4 55
69 36
6 40
26 38
10 22
63 59
1 78
31 77
70 24
86 34
41 15
35 86
21 16
48 63
29 62
4 23
66 39
17 48
17 54
4 70
72 84
7 13
66 79
63 21
29 39
70 21
5 23
83 4
93 78
82 30
2 53
93 14
28 48
38 65
58 94
50 69
11 19
87 2
2 8
98 56
1 11
78 19
61 90
62 92
68 34
39 46
90 3
9 10
65 41
93 13
71 23
19 96
83 52
50 6
55 1
66 45
74 16
34 58
34 26
46 27
10 73
76 77
18 54
0 60
41 23
32 86
74 92
24 94
76 64
52 69
52 72
74 98
76 27
92 11
7 84
49 63
9 0
98 1
80 73
76 93
16 52
67 7
22 10
43 66
4 59
9 75
37 63
81 28
88 44
38 25
2 22
83 95
27 63
62 44
2 84
27 35
6 8
57 84
81 98
81 63
10 94
93 63
9 70
27 17
57 66
98 37
43 58
81 66
71 20
43 67
89 37
93 16
45 27
87 14
61 36
31 87
69 57
79 6
43 39
10 44
67 79
5 19
80 51
58 34
57 71
4 16
41 48
52 25
60 45
65 88
27 27
83 9
79 38
19 78
88 73
90 41
31 94
50 84
70 60
1 71
95 88
20 27
64 60
45 35
66 98
65 70
38 40
51 3
30 38
92 84
56 45
7 38
2 98
8 97
81 31
3 52
84 64
60 15
14 26
7 85
67 12
83 35
59 83
3 5
9 81
76 37
70 5
75 40
17 4
59 32
64 43
62 25
77 42
64 63
89 4
2 11
12 53
76 74
59 35
77 62
12 48
23 2
94 54
62 46
55 65
21 24
40 48
77 12
32 40
41 35
85 47
9 85
30 50
95 41
94 95
69 92
8 72
29 87
53 98
66 20
15 49
17 78
64 76
69 5
9 35
73 37
80 69
2 4
17 22
70 15
3 27
74 30
9 73
61 47
96 58
48 2
78 68
76 84
89 25
64 59
39 7
94 20
41 53
31 39
25 84
41 16
88 83
92 56
26 71
33 44
18 8
91 41
24 95
5 74
76 9
59 33
17 85
91 9
35 10
97 26
30 4
54 56
51 28
30 29
46 48
48 11
64 50
18 85
46 54
88 68
37 77
73 55
63 61
15 91
13 83
28 92
18 43
24 70
18 37
91 18
37 61
24 85
10 57
27 4
6 44
28 24
25 8
72 60
85 75
75 77
41 49
94 63
26 55
73 38
83 25
47 37
98 90
4 74
96 69
54 39
97 7
6 22
92 3
86 10
50 52
40 46
63 58
23 60
13 23
80 61
50 75
9 61
54 51
34 29
72 73
17 69
75 83
84 39
52 33
89 92
93 92
60 76
54 47
45 91
27 60
70 39
90 95
78 34
41 45
42 44
88 18
21 79
45 92
62 37
13 71
71 28
72 8
23 65
80 95
84 37
34 22
61 14
87 31
38 20
3 73
39 66
74 50
12 46
76 29
70 12
76 94
55 14
70 1
46 13
79 14
82 35
74 70
46 71
12 0
53 54
37 24
50 42
90 43
86 50
43 72
49 88
57 43
83 56
96 72
55 79
35 4
76 62
82 31
80 22
92 42
68 55
72 25
3 41
48 66
69 83
50 81
80 32
49 80
86 94
57 2
52 61
34 16
42 32
47 57
65 11
47 38
24 73
2 87
94 96
55 58
4 98
59 22
37 95
71 64
91 53
32 84
8 18
22 78
7 15
29 16
48 72
19 81
28 81
34 31
27 5
36 63
24 80
46 25
14 40
4 72
51 76
48 75
22 55
62 52
24 60
4 76
74 12
57 38
2 71
63 77
55 36
23 51
36 84
73 54
78 74
6 82
63 7
69 35
97 21
58 17
35 49
10 1
76 46
39 43
60 93
14 76
72 85
10 95
22 53
16 9
67 85
34 77
81 92
3 18
73 65
81 77
96 18
75 50
22 52
17 24
29 55
16 21
82 74
63 57
56 12
74 73
25 25
55 50
48 53
29 25
88 35
35 2
38 35
25 64
85 66
95 6
82 98
96 53
64 19
34 21
89 30
39 4
96 52
83 65
2 12
53 6
73 41
58 77
42 57
29 98
28 38
51 55
4 93
20 24
11 5
53 4
49 12
40 21
50 83
55 16
18 1
63 37
64 20
5 46
34 32
75 54
79 45
30 2
19 33
92 52
13 49
4 77
67 59
24 55
12 12
63 69
50 47
81 89
79 12
97 49
38 14
51 8
25 24
44 24
68 91
82 88
74 81
16 4
74 11
67 5
33 19
28 95
49 46
77 93
86 9
76 67
88 4
94 58
1 37
29 51
85 56
0 1
80 66
3 81
69 55
59 55
0 97
21 56
34 78
88 76
5 84
45 6
40 51
24 61
80 77
54 68
12 80
61 56
64 37
12 57
39 96
28 8
92 76
69 94
27 10
65 79
22 48
10 51
82 29
28 44
48 97
4 15
30 6
85 83
33 83
9 29
57 80
95 18
32 57
39 36
18 84
5 90
69 61
40 54
96 29
53 1
71 96
7 72
61 17
30 74
65 35
23 73
43 96
90 2
14 94
57 87
37 48
14 53
71 75
77 35
58 89
40 86
57 27
67 38
90 94
30 11
31 27
80 36
62 98
7 8
79 35
33 74
70 38
89 7
76 15
98 95
90 42
77 3
63 12
13 37
46 69
63 86
48 96
42 37
13 78
67 19
86 86
60 1
17 36
5 56
37 71
26 91
50 89
34 38
11 6
0 91
96 2
61 58
66 11
59 7
63 4
94 55
46 21
18 20
31 66
72 9
33 6
94 89
74 75
82 53
37 96
31 47
22 4
36 77
16 77
18 48
56 34
94 15
7 16
36 69
50 72
76 47
92 38
41 63
85 79
67 27
23 59
14 32
11 14
5 25
42 77
5 27
27 62
9 46
90 8
88 2
81 57
98 29
36 39
53 78
81 87
91 65
33 97
35 62
23 63
15 19
16 93
39 94
18 18
92 65
60 83
54 54
5 52
20 8
54 88
32 68
87 80
45 5
3 50
77 68
85 39
83 40
16 62
51 72
29 83
67 91
3 82
12 54
78 43
10 45
98 20
87 6
63 3
28 30
13 88
90 93
53 81
28 7
65 5
63 39
47 31
27 95
58 82
9 42
63 18
9 94
17 32
48 52
24 41
21 96
23 39
76 11
45 38
89 12
79 98
28 69
18 49
92 15
68 17
79 28
90 76
85 92
56 16
61 67
81 20
38 23
34 65
56 39
82 89
81 14
60 18
79 42
17 59
74 24
29 13
21 33
84 16
82 56
78 46
91 84
58 65
66 89
11 43
80 84
74 62
84 36
75 11
97 37
16 38
65 38
66 1
24 58
2 83
54 3
14 35
14 6
89 24
66 36
81 86
47 97
55 80
8 85
46 96
45 79
3 60
55 21
9 22
3 56
9 4
62 75
57 60
39 91
26 26
95 7
53 72
45 56
54 69
6 63
79 69
70 81
58 36
66 35
82 82
47 84
45 29
86 88
29 71
66 62
6 60
55 48
3 84
54 75
61 4
68 83
84 55
57 20
18 25
23 68
81 48
98 22
13 12
43 35
69 62
24 44
57 9
59 95
50 49
62 61
35 7
22 24
57 42
65 89
82 90
42 33
74 20
1 27
19 19
56 43
56 87
14 90
19 3
75 85
97 4
44 89
64 98
20 55
7 69
78 20
57 62
94 65
37 87
14 54
39 72
38 3
69 30
69 2
24 67
49 52
83 53
43 21
68 25
30 28
18 28
22 16
88 13
19 54
15 48
86 57
89 64
41 47
89 8
68 57
17 87
60 91
79 49
44 72
30 73
79 43
11 12
19 84
15 18
84 4
86 8
13 79
11 88
18 98
14 33
10 55
53 44
20 96
0 54
8 83
45 86
44 92
86 82
72 35
65 51
17 8
92 21
48 37
86 87
53 93
98 10
70 43
22 15
21 7
82 95
40 65
75 6
40 79
53 96
45 52
20 76
67 47
62 12
79 52
59 74
34 72
49 7
68 45
81 68
0 55
37 73
18 11
10 70
71 43
48 15
76 42
50 7
68 35
83 11
52 66
74 4
80 50
9 15
29 49
44 65
47 43
41 12
19 94
41 9
53 30
13 10
48 8
17 13
43 85
10 2
81 35
66 38
91 58
34 47
94 3
20 92
55 96
70 96
78 8
22 76
83 73
26 15
33 3
44 86
12 81
24 82
87 86
25 96
73 91
71 12
18 76
9 98
58 13
30 44
8 5
39 58
28 12
87 72
1 20
78 21
47 29
43 26
35 82
77 49
18 42
29 47
85 82
1 81
82 44
29 37
6 94
22 90
32 78
22 57
19 65
45 59
84 57
71 56
93 38
15 98
70 25
74 66
45 47
33 58
16 16
48 42
96 66
5 30
78 35
3 72
19 97
44 10
44 23
61 12
69 81
63 38
60 0
68 19
14 45
80 4
60 50
74 42
17 61
97 95
78 83
33 21
96 0
78 45
17 98
22 60
60 3
75 28
93 37
52 58
87 41
88 82
46 63
79 18
68 80
11 26
14 88
45 88
79 77
62 85
36 7
38 56
59 91
31 44
17 31
54 61
26 82
9 69
43 51
85 86
19 2
39 29
84 40
4 27
20 25
14 18
33 2
35 16
89 83
21 15
75 66
16 42
72 3
28 15
29 44
7 25
3 28
55 60
74 65
16 3
94 47
40 22
51 45
41 24
69 41
96 96
92 46
68 49
63 15
4 28
88 5
48 28
0 4
48 25
37 42
29 26
73 83
66 88
11 87
41 91
16 15
72 56
45 37
67 40
93 59
79 19
56 79
36 14
68 79
35 62
13 28
20 13
84 42
63 71
79 53
20 35
81 96
48 59
53 3
41 6
30 98
53 27
80 64
45 1
7 82
60 61
63 41
67 42
15 96
54 91
39 21
60 86
32 83
31 92
29 65
57 1
71 55
63 73
12 91
22 82
45 57
15 7
82 94
64 75
98 12
29 57
22 72
36 32
30 86
92 17
73 69
75 65
90 17
59 66
15 3
68 12
33 89
56 58
64 47
92 88
2 50
55 11
9 71
51 96
87 95
20 43
1 32
54 41
8 44
59 19
25 7
30 21
71 10
54 72
76 8
26 80
19 24
67 0
35 30
9 20
61 43
41 19
92 79
20 42
55 89
70 11
52 53
21 3
94 22
74 49
11 22
52 84
50 77
73 18
75 19
62 84
60 72
47 59
26 60
85 38
73 86
26 54
50 79
11 20
32 56
68 21
47 36
11 7
29 20
71 3
96 49
91 38
98 2
33 26
11 3
44 9
19 66
40 30
84 29
83 55
32 72
88 93
20 78
22 39
92 89
44 48
9 44
28 87
33 96
12 37
62 69
80 89
39 93
10 46
28 23
69 60
56 55
52 22
84 7
13 46
63 60
93 96
27 14
15 52
40 69
38 8
58 45
24 14
38 77
29 14
79 39
92 24
91 83
0 29
85 34
10 52
97 89
65 27
32 82
27 28
79 95
28 16
97 81
23 80
54 89
78 96
93 87
77 0
15 37
82 96
15 59
7 34
51 82
82 6
43 5
83 79
6 70
26 36
8 62
73 22
88 17
9 64
63 33
22 70
0 74
16 87
73 85
67 56
97 31
2 30
44 20
55 45
68 24
53 16
16 39
91 16
69 1
25 74
80 20
5 7
53 7
94 87
43 11
23 20
64 7
91 87
69 27
12 13
46 1
34 75
28 89
74 38
89 17
32 98
67 48
55 23
75 13
60 74
44 13
65 23
11 56
86 39
95 15
96 5
10 10
47 1
71 65
3 8
97 71
63 5
94 9
19 40
70 4
17 75
36 59
63 68
63 51
58 72
74 54
28 27
75 64
40 3
95 38
39 3
79 79
92 95
82 40
82 47
61 6
87 40
95 58
31 63
25 97
85 57
1 6
94 92
73 17
50 39
28 33
22 41
77 43
32 54
92 44
78 13
84 9
21 12
37 50
71 74
57 63
89 45
91 10
41 52
75 12
69 21
53 45
28 72
54 65
74 84
65 8
80 48
48 95
34 89
98 89
57 44
10 56
83 14
31 30
65 77
55 22
39 69
2 42
36 72
49 75
78 38
24 79
55 30
34 50
15 95
48 36
11 68
64 35
27 37
35 75
28 3
2 9
42 73
64 89
46 81
40 31
33 59
92 19
47 21
72 78
78 94
0 34
79 21
90 50
75 58
39 85
93 95
60 84
77 88
83 59
73 73
62 47
59 93
40 74
91 46
92 70
48 98
85 40
37 49
64 69
53 22
19 72
46 22
59 65
77 53
8 29
71 87
79 44
50 26
20 49
62 53
28 10
24 33
29 76
65 32
28 66
76 76
60 59
12 90
26 69
45 78
10 75
12 95
13 97
96 67
20 54
47 62
93 22
62 67
63 88
90 82
56 30
60 78
6 41
9 8
73 92
54 45
50 14
75 61
8 6
4 46
3 58
15 32
68 28
51 66
55 44
8 20
74 71
16 59
88 72
52 5
31 35
63 70
43 77
82 15
21 68
82 97
41 70
90 87
12 10
16 28
56 63
91 13
33 16
62 91
15 87
24 20
43 71
31 22
83 2
56 0
78 77
50 88
58 46
62 94
37 35
19 36
77 59
22 0
63 98
95 78
57 82
89 52
14 28
4 20
94 30
96 71
41 95
89 53
11 34
79 33
85 32
8 71
61 2
79 6
54 26
67 11
71 21
50 35
13 34
84 28
47 25
93 59
71 88
79 68
58 10
75 67
88 24
14 89
72 6
85 28
56 85
47 41
45 28
3 83
4 66
70 50
71 34
57 55
55 6
15 61
64 6
74 52
93 33
47 33
22 5
54 67
62 34
50 37
33 30
69 20
24 57
71 71
76 3
58 49
93 5
85 1
31 45
32 69
48 39
44 30
31 67
49 6
29 95
71 17
24 72
77 80
44 18
12 71
34 44
28 56
81 18
55 9
58 5
20 53
76 89
6 7
3 25
40 32
20 50
84 77
98 64
30 47
34 93
19 63
17 62
10 9
36 79
54 46
77 51
3 63
55 88
56 36
51 48
55 41
93 69
33 36
34 40
92 36
20 28
47 9
16 24
70 34
8 28
46 24
90 1
57 98
28 55
9 96
47 82
74 26
32 9
29 36
41 40
49 79
69 23
97 16
73 47
29 11
37 78
77 10
4 67
57 51
29 77
65 6
93 64
29 73
75 72
50 67
84 15
64 92
91 76
46 50
46 88
56 95
48 55
46 73
93 73
38 22
0 61
28 63
83 24
26 14
21 66
94 33
95 16
83 96
29 2
59 34
7 57
65 46
68 33
87 39
16 79
15 11
8 9
49 77
22 32
84 84
63 13
96 21
43 50
16 82
93 35
16 37
69 42
27 71
78 39
41 74
48 77
71 93
2 77
75 82
91 60
13 95
56 49
43 23
26 37
4 79
91 12
91 82
73 59
30 28
5 95
74 18
72 74
36 43
81 82
54 82
22 40
38 6
75 45
74 19
36 85
69 44
95 14
81 59
37 15
29 72
93 47
39 44
80 30
8 75
17 88
22 35
93 65
86 90
28 96
23 87
54 92
15 46
4 24
81 97
49 40
70 33
52 30
8 38
65 16
59 46
33 31
72 94
62 97
88 95
37 85
82 69
93 21
33 50
1 60
19 49
80 56
63 65
13 70
74 87
36 41
57 54
83 91
88 26
56 69
75 75
14 12
31 37
40 91
63 83
7 91
97 32
32 44
16 94
7 22
29 81
13 86
18 26
14 19
41 68
22 28
26 2
1 18
33 90
75 10
60 38
51 9
33 29
85 84
78 30
93 66
8 81
30 52
62 60
41 64
2 40
72 51
77 29
64 58
38 61
33 88
88 56
63 31
70 16
87 25
27 53
78 80
24 29
26 23
96 70
46 37
45 87
49 68
82 60
5 50
78 58
95 46
72 43
32 67
82 63
72 12
16 75
44 25
47 0
58 26
57 74
44 38
64 90
93 9
66 29
39 14
10 71
55 63
82 14
88 48
9 39
0 96
57 36
32 30
16 98
43 38
86 32
1 72
74 85
33 12
5 45
37 79
47 52
9 17
10 39
20 20
24 78
98 84
11 54
75 84
43 70
58 15
74 69
37 72
78 64
66 43
75 51
22 38
53 48
62 48
72 96
36 80
29 18
93 74
56 86
62 15
23 90
79 71
24 96
58 11
72 54
84 82
8 12
40 26
86 49
64 79
24 91
8 22
23 58
72 90
83 82
70 93
89 47
87 88
25 36
60 77
3 79
10 30
85 51
30 91
7 52
5 22
58 21
92 57
37 97
71 95
30 45
20 11
60 20
85 10
15 6
85 14
61 52
49 47
10 77
68 41
15 1
92 18
31 57
86 72
17 66
22 12
87 34
62 38
71 81
18 91
27 8
67 36
27 92
33 14
23 47
39 64
37 47
12 71
48 51
49 9
56 3
76 51
0 71
68 37
82 54
67 25
1 40
58 14
65 83
87 32
96 50
77 64
59 42
15 28
26 29
47 35
58 55
76 23
12 50
7 94
73 48
21 28
97 73
28 94
86 40
45 45
1 61
13 43
12 83
21 38
78 62
73 60
24 97
60 23
52 19
51 7
69 15
95 82
91 92
62 42
92 8
34 83
80 82
6 39
50 31
84 26
66 17
44 69
57 0
81 47
5 82
57 14
65 64
90 12
67 84
80 44
3 59
82 43
18 3
8 10
2 29
66 12
76 34
65 42
22 19
18 24
3 26
55 90
1 44
37 64
69 6
73 53
40 98
88 66
68 48
50 15
39 39
15 63
45 40
36 87
67 31
87 65
19 34
36 10
85 3
51 47
94 62
93 45
85 41
54 77
35 9
23 23
19 9
87 50
67 43
85 96
20 86
18 38
93 61
33 77
51 40
1 7
82 67
53 85
2 59
82 23
8 52
3 53
72 4
93 6
60 71
40 10
63 53
67 24
33 22
85 97
0 36
54 24
84 41
9 5
4 22
29 24
87 49
74 10
82 9
73 94
52 37
3 69
91 29
71 97
69 16
84 44
18 50
63 36
14 39
24 4
78 81
68 30
96 68
55 70
16 78
49 39
94 35
1 17
83 3
80 14
40 76
71 16
44 36
40 53
34 87
30 5
29 69
47 60
46 44
87 30
52 14
10 58
50 62
28 60
81 64
60 16
18 40
81 44
12 19
65 82
90 55
84 56
77 21
53 47
82 21
71 72
44 1
62 49
93 77
15 97
17 37
52 45
72 14
85 30
77 16
92 12
54 63
68 84
31 96
17 74
22 27
70 28
88 65
45 41
53 66
85 80
25 75
27 49
4 84
16 18
71 7
23 79
5 83
61 27
67 80
97 12
52 0
22 84
0 30
24 30
82 57
84 68
29 52
11 53
5 65
87 48
80 2
61 55
5 57
18 47
85 78
13 42
44 41
39 48
25 57
58 9
25 15
67 2
90 96
42 52
92 69
74 94
28 35
20 93
27 70
68 50
55 68
88 33
97 25
85 64
58 1
50 24
80 78
25 60
13 55
3 16
41 58
72 22
29 8
76 25
68 85
78 87
67 72
7 67
7 36
91 61
92 82
97 11
60 33
8 56
0 88
46 41
20 10
64 36
60 11
37 57
81 13
46 64
61 61
80 46
11 17
60 90
58 78
65 36
1 87
47 28
76 75
25 10
10 65
18 58
59 69
34 37
96 12
87 97
51 49
1 76
56 23
4 54
40 77
97 6
40 61
37 32
37 68
17 14
92 48
90 49
94 37
68 82
56 65
93 44
20 21
33 66
29 93
27 24
69 58
75 62
84 89
72 65
23 88
93 17
42 16
7 3
95 92
61 23
92 10
70 82
13 34
10 98
83 30
5 4
7 64
64 18
31 89
98 32
69 54
45 50
19 87
41 54
25 73
34 30
11 62
65 76
89 51
77 41
23 11
74 90
8 14
17 28
38 21
38 78
90 7
77 45
91 19
50 78
24 48
53 40
42 45
87 35
95 19
66 27
23 67
55 7
61 73
79 85
75 96
47 27
22 50
58 2
78 85
20 51
53 38
31 5
12 78
71 77
39 10
28 50
78 37
1 5
25 20
34 6
22 6
26 68
71 13
22 25
20 32
68 96
88 6
59 67
41 44
41 38
36 66
87 68
14 58
73 21
20 69
50 32
7 6
77 86
93 20
63 96
16 90
58 79
91 97
73 11
62 41
85 12
56 91
95 87
69 97
81 22
30 85
31 85
22 98
77 26
73 23
25 68
76 59
58 25
41 13
30 67
54 6
56 18
69 28
81 24
32 28
21 70
72 15
83 68
61 78
54 43
34 18
49 55
89 19
76 14
16 74
2 10
59 45
98 85
59 90
5 73
31 31
20 52
46 39
46 33
84 61
70 55
56 37
83 58
87 47
16 48
58 48
83 70
91 43
98 87
10 67
84 35
56 7
40 36
44 29
20 87
11 1
91 25
1 21
6 31
7 62
36 26
50 54
7 19
95 57
6 81
81 17
78 40
51 74
86 1
66 91
29 17
41 28
73 58
85 13
50 17
38 52
95 67
56 20
27 48
10 72
72 68
1 98
64 39
55 87
80 71
33 34
49 53
41 25
32 66
89 78
95 44
75 30
62 83
20 14
61 26
46 40
16 47
46 9
33 73
47 6
39 98
3 57
67 6
70 80
15 36
23 50
2 63
0 82
3 97
34 9
45 18
2 52
21 86
23 3
1 74
80 93
34 85
66 4
1 10
7 54
85 43
56 56
32 73
32 34
60 75
18 90
36 31
61 98
82 5
47 22
41 51
79 31
57 56
47 64
52 88
6 5
1 90
15 22
19 12
59 54
27 96
5 91
94 73
21 69
35 32
52 3
6 51
93 94
38 89
2 72
92 23
42 31
93 68
67 35
81 50
79 9
28 61
45 89
41 60
61 7
61 46
7 34
61 94
25 16
63 6
91 30
11 38
90 77
51 36
9 13
48 56
58 47
38 46
44 68
82 1
27 11
60 36
23 66
3 42
2 86
2 39
36 94
71 47
95 23
96 92
88 47
35 72
74 17
30 66
10 8
15 89
46 35
13 20
80 16
76 72
53 13
76 85
26 64
37 91
50 91
34 8
49 54
72 52
94 42
23 89
86 55
81 69
61 70
45 24
93 98
90 58
31 91
95 3
56 93
18 82
18 65
46 86
94 86
35 19
93 79
84 5
8 64
98 70
43 93
46 11
41 55
96 91
1 69
96 89
38 67
28 14
23 48
77 46
74 7
61 25
19 73
51 17
12 15
44 76
51 32
42 82
91 22
81 45
58 0
17 35
13 96
76 10
34 94
16 60
65 29
86 66
11 11
32 43
16 11
55 33
70 68
77 22
48 61
7 46
27 91
27 23
25 2
14 71
29 5
48 31
55 17
75 55
19 38
83 62
30 72
22 42
68 23
42 21
26 66
30 24
77 85
69 19
95 65
85 73
12 21
57 72
59 23
93 36
20 36
55 3
29 85
31 71
69 91
80 27
41 59
4 14
24 90
75 52
1 23
14 72
54 66
3 92
50 96
25 42
25 37
86 92
51 69
74 21
51 56
53 57
32 2
0 41
22 31
44 19
98 26
81 34
56 73
52 6
46 20
69 50
32 37
78 14
93 89
68 51
81 75
2 67
89 38
77 83
34 49
15 21
38 58
45 8
59 72
16 67
2 6
92 2
92 22
35 14
65 14
65 52
34 48
84 23
45 23
85 35
56 14
59 37
85 8
62 27
31 90
44 55
74 14
46 10
45 66
40 96
41 76
63 75
15 27
13 81
71 14
0 80
69 48
11 55
28 62
15 45
0 56
46 78
70 27
66 61
48 74
33 37
55 59
5 28
0 87
22 3
14 34
68 94
38 97
38 48
45 0
74 34
9 28
62 11
68 77
60 46
18 64
67 34
34 4
59 15
18 22
7 35
53 53
23 69
25 80
84 27
92 68
34 56
47 50
9 3
64 65
22 75
72 33
9 27
66 69
66 97
23 36
56 88
13 92
5 86
81 30
38 91
71 38
63 97
55 25
89 48
40 82
96 22
15 77
17 16
93 48
78 88
23 75
55 31
85 98
77 32
78 69
39 50
22 96
68 16
89 55
84 30
67 61
81 9
44 8
21 98
5 43
59 62
3 78
41 22
67 20
9 78
64 85
13 76
92 45
92 51
15 56
95 43
48 62
71 70
64 57
28 39
45 20
22 17
31 28
81 60
6 38
66 10
58 39
83 45
63 49
0 94
36 48
44 64
71 67
58 53
68 93
23 3
9 2
45 49
61 51
71 6
44 49
44 5
98 45
7 18
81 6
39 33
36 86
44 96
70 7
10 84
80 8
26 70
39 6
41 93
92 98
92 67
80 42
29 84
94 74
35 88
52 91
47 69
48 67
50 2
29 86
91 44
36 97
81 43
14 41
2 55
80 52
95 69
78 71
34 33
55 75
86 37
96 20
91 5
79 59
82 41
55 51
74 22
34 20
24 51
80 25
96 78
36 78
11 10
22 73
93 4
5 39
43 36
65 59
88 19
87 24
76 43
18 44
82 19
43 6
89 43
21 49
89 94
1 16
3 9
58 90
32 22
60 54
84 90
27 34
2 28
29 10
76 60
69 80
86 43
15 13
89 29
56 22
98 88
65 10
67 58
4 83
40 57
23 85
94 7
85 50
35 31
81 58
72 97
68 6
82 92
49 48
53 51
48 54
75 60
16 76
64 71
23 83
57 57
12 98
75 59
75 20
33 85
66 8
33 15
11 61
64 96
42 97
21 76
92 54
87 46
13 73
33 91
43 65
73 28
51 65
11 93
43 56
22 43
20 56
11 44
68 36
23 31
34 3
16 83
38 32
87 4
94 82
50 33
37 58
46 45
27 16
66 44
87 26
70 98
44 54
73 4
22 26
78 9
74 35
48 10
83 74
51 92
46 7
31 62
64 53
22 44
91 34
80 86
41 87
85 63
0 92
64 17
40 68
73 3
34 97
81 7
20 79
77 77
29 1
86 45
68 26
56 44
69 33
93 93
54 10
35 5
18 45
82 75
91 26
27 64
78 48
38 95
81 1
0 76
64 12
95 79
53 8
88 88
56 81
53 0
2 93
46 6
68 89
5 69
84 74
13 2
49 97
62 93
32 24
6 88
72 71
76 12
3 67
96 7
9 87
73 75
46 2
98 18
14 83
23 33
57 76
60 12
14 84
37 9
69 24
80 23
9 19
18 66
52 57
59 1
43 20
59 86
67 92
96 19
54 74
76 6
22 81
25 21
4 21
27 39
12 38
73 29
32 8
58 24
14 98
42 46
42 51
9 83
27 55
92 33
71 29
36 12
49 16
35 89
16 68
51 54
25 83
33 71
92 63
64 72
42 23
15 24
87 81
63 32
6 86
74 89
20 33
71 73
13 45
24 35
58 4
39 23
16 53
61 49
64 77
40 41
89 84
66 64
96 39
80 75
39 90
44 37
17 20
61 60
13 11
2 81
76 82
26 25
1 28
4 69
56 80
72 79
84 14
67 29
70 0
27 51
11 13
25 91
17 11
79 56
54 97
94 8
8 79
85 95
35 1
51 30
49 33
28 93
95 71
35 46
95 80
14 36
26 35
55 77
67 90
32 93
80 39
56 71
44 6
17 89
92 58
45 65
83 90
45 25
69 49
52 75
16 20
8 84
29 30
44 28
82 93
97 14
86 63
23 86
47 45
87 0
83 6
55 72
83 61
36 60
58 6
3 14
80 38
89 67
75 71
83 83
60 35
56 70
3 80
89 27
25 14
51 53
12 28
35 17
96 37
9 12
44 78
23 29
95 1
83 26
4 53
56 96
22 29
88 8
85 21
81 78
67 60
30 39
12 77
45 26
44 26
33 94
97 74
70 37
25 89
41 29
62 96
32 23
38 90
70 88
53 23
88 77
89 79
48 71
76 52
42 27
78 4
20 45
39 41
47 10
51 50
63 0
88 59
70 91
86 14
73 51
18 7
47 48
36 73
77 63
88 78
82 25
10 80
82 87
76 80
82 59
43 90
70 2
55 91
52 18
45 3
60 94
23 81
7 21
11 47
29 4
74 23
89 70
68 40
64 84
25 29
86 95
33 32
76 40
29 75
51 2
46 58
96 80
40 4
89 36
23 52
93 67
44 71
89 56
72 2
65 96
91 81
66 3
5 89
27 66
93 71
4 92
70 32
73 0
81 37
26 28
42 35
76 71
6 3
91 57
43 68
33 18
61 44
83 44
11 98
94 13
60 28
6 48
53 59
55 13
31 95
98 8
64 94
47 58
9 21
25 58
56 5
41 10
68 91
22 97
20 15
60 68
71 69
87 54
16 14
44 73
73 49
20 77
42 40
71 68
32 46
54 18
75 68
75 89
45 12
51 37
59 84
81 61
86 38
94 23
36 47
10 3
39 15
6 16
34 34
83 78
82 36
91 78
7 41
80 49
84 65
47 14
69 78
56 50
14 48
52 54
70 76
98 58
56 57
73 50
42 12
76 53
53 87
98 7
88 67
40 25
14 47
70 79
94 0
90 48
66 7
71 35
40 9
0 16
77 47
9 16
10 6
94 70
3 24
46 28
65 17
63 14
20 19
57 83
52 78
42 47
2 54
40 90
80 3
10 26
75 22
45 21
47 24
19 86
86 26
97 23
78 22
60 6
31 24
97 24
10 18
27 6
39 12
75 38
13 17
78 51
21 18
97 83
11 9
2 80
90 19
10 47
85 5
97 2
17 50
70 48
82 64
9 86
18 32
7 98
49 10
65 91
7 55
39 82
74 33
90 81
5 14
80 88
42 91
24 3
88 11
21 83
28 13
64 4
96 54
47 98
41 50
47 78
68 56
78 57
32 6
11 15
60 21
75 95
0 72
10 61
12 47
77 17
52 67
46 72
23 19
29 31
6 65
97 8
26 63
70 85
13 4
89 6
65 57
6 29
51 84
25 13
23 78
23 42
20 4
70 83
34 14
77 8
50 9
4 52
87 8
47 56
45 11
31 79
26 11
42 36
8 13
13 21
59 96
39 45
55 34
93 24
13 54
49 24
83 8
39 68
19 15
71 62
10 64
15 5
58 97
92 90
81 70
94 49
94 77
43 42
23 37
96 4
45 64
90 45
71 5
62 57
36 88
72 19
7 97
72 48
98 80
83 39
1 22
34 74
85 26
55 18
65 97
54 85
59 58
19 20
78 59
89 41
53 19
39 55
15 44
3 66
53 65
52 4
79 23
81 93
55 71
97 91
92 49
34 81
72 24
56 25
87 87
20 80
44 81
27 57
7 43
27 88
49 34
79 32
66 46
58 80
32 33
49 11
93 54
73 72
73 67
61 37
67 4
49 49
51 29
33 87
74 43
32 7
87 27
57 35
26 39
97 58
94 90
39 89
55 95
79 67
64 3
36 33
46 62
27 13
71 9
29 48
13 93
10 59
20 84
52 49
64 61
78 75
93 55
78 86
49 45
59 6
22 94
89 15
87 10
26 89
39 57
77 39
96 16
92 78
52 20
73 79
53 90
42 85
22 87
54 93
85 52
17 45
60 42
30 37
1 64
86 53
70 66
90 40
94 36
15 9
19 7
29 6
55 81
64 11
40 11
29 54
83 85
17 60
42 63
21 25
25 98
21 42
89 93
43 53
57 89
54 94
23 12
9 72
98 21
80 67
60 62
21 94
8 50
61 71
40 12
95 35
10 96
24 56
6 19
93 11
42 15
55 93
34 25
44 4
20 83
61 39
2 73
45 42
79 27
85 24
95 39
75 80
14 5
45 4
35 70
44 40
56 72
3 95
43 46
2 51
74 58
42 24
33 48
13 0
3 40
79 7
36 50
79 80
45 72
77 38
0 32
4 49
58 37
91 91
38 13
39 32
94 67
30 1
14 77
60 13
48 48
63 34
82 13
40 95
98 5
92 7
60 67
20 22
21 76
76 68
42 88
63 94
55 74
78 63
23 38
46 95
12 92
95 13
35 39
6 69
92 93
81 19
97 17
15 88
92 25
2 48
76 28
31 29
12 86
52 89
36 90
48 5
25 17
50 70
61 77
66 70
66 32
29 67
61 45
80 81
78 56
7 93
95 91
60 69
89 32
33 47
64 64
58 63
98 52
22 36
35 48
14 87
77 24
94 97
29 68
70 17
69 82
87 42
36 46
43 75
45 46
45 10
54 16
42 54
95 84
41 56
12 97
24 88
47 11
7 20
91 55
49 76
92 75
21 53
88 60
76 86
31 26
72 39
37 14
89 50
12 27
7 56
28 28
58 67
94 91
86 96
62 28
81 23
21 41
59 10
66 90
66 16
31 46
9 63
3 64
37 5
38 82
98 23
26 62
21 80
33 43
38 96
58 41
13 53
83 41
15 90
8 26
72 91
90 89
47 63
71 51
45 19
63 93
90 31
37 92
64 38
73 35
19 17
6 54
49 74
29 43
52 70
70 9
91 45
12 55
51 67
56 84
83 84
89 75
59 70
66 28
11 49
40 58
60 41
79 81
37 31
88 10
59 80
1 96
51 68
20 66
34 19
74 50
54 90
7 28
62 13
51 46
57 61
41 4
30 69
68 53
82 73
91 35
8 80
37 13
13 35
71 44
64 21
84 87
85 91
82 65
92 1
1 79
21 20
14 37
59 39
84 59
1 63
17 5
50 74
59 85
2 41
32 35
38 15
67 37
13 85
88 15
76 21
88 1
53 82
0 95
65 15
21 92
81 2
87 83
55 86
33 98
4 4
72 93
59 26
10 20
78 15
64 5
80 47
66 49
43 25
89 73
80 60
58 91
39 11
42 19
98 3
68 90
80 98
2 64
76 13
86 33
98 82
61 59
80 84
76 91
2 16
21 26
20 40
93 43
43 4
90 88
20 81
40 27
51 33
52 68
49 61
18 16
62 22
37 37
67 88
70 49
83 20
12 72
14 0
97 15
26 17
89 98
40 34
3 74
96 43
93 53
50 87
2 61
25 18
24 10
60 19
67 45
16 19
3 10
89 95
82 91
52 7
13 24
25 52
70 75
82 49
27 97
13 5
88 39
3 48
36 38
4 26
57 48
47 40
23 82
8 73
76 49
92 81
52 23
9 14
69 31
74 41
85 77
33 72
93 88
19 79
6 91
70 3
91 23
9 18
34 17
39 22
74 51
64 0
35 25
18 29
91 51
12 14
87 67
82 4
64 13
62 86
71 89
57 53
6 55
76 58
8 49
7 40
23 92
19 39
56 31
75 78
77 23
71 8
90 37
5 66
87 21
53 63
69 96
68 8
73 14
37 69
6 64
40 75
77 30
10 83
88 92
55 4
48 12
85 7
6 85
21 9
40 55
44 63
61 65
36 34
23 41
90 51
63 72
80 6
61 62
27 59
68 4
72 18
44 67
55 24
45 31
60 53
95 98
65 63
12 17
94 59
58 52
20 97
59 5
62 56
81 56
68 18
35 98
43 24
19 92
88 74
11 65
14 9
90 18
28 29
70 22
96 98
4 95
88 80
74 6
21 47
89 33
12 42
32 36
62 58
78 47
22 8
65 69
33 92
46 77
34 88
92 34
76 44
46 59
89 5
2 95
77 76
48 46
62 76
49 32
47 96
38 44
13 19
57 91
19 41
49 41
92 39
36 81
91 50
41 21
4 13
8 19
33 60
63 46
6 25
29 70
95 66
91 21
38 73
88 46
40 62
89 82
65 1
91 1
41 66
8 31
24 21
50 5
25 88
16 10
8 48
81 53
88 61
24 15
90 10
51 91
60 14
37 90
91 70
35 84
16 12
27 54
89 65
10 27
90 32
61 16
59 78
22 88
77 9
59 9
56 92
24 17
6 89
17 41
25 4
26 4
4 12
83 87
61 22
14 81
81 71
16 23
85 53
57 75
90 60
63 55
17 82
93 41
45 32
35 94
17 9
23 26
86 79
3 21
33 40
72 92
17 18
39 9
41 61
35 71
23 43
13 98
47 26
40 15
83 81
17 67
34 73
64 28
32 95
4 68
93 46
96 14
83 61
95 17
94 80
54 30
52 15
48 60
91 2
28 85
59 56
39 74
71 32
35 40
56 6
48 80
46 47
40 89
2 49
90 4
28 5
8 63
85 85
28 59
51 16
68 60
37 74
55 38
5 85
46 98
33 84
54 19
60 49
73 66
52 73
70 97
26 5
73 39
77 91
48 6
55 0
81 0
37 41
89 26
91 98
15 82
0 39
50 73
37 33
25 30
55 26
78 41
28 78
71 91
24 54
54 21
48 29
55 85
91 54
23 32
1 42
26 59
21 84
1 31
79 82
90 26
97 30
73 93
85 84
27 74
43 94
17 49
94 75
38 94
43 22
92 53
38 5
72 63
53 77
42 71
59 16
56 1
20 6
78 50
29 22
90 79
59 57
65 62
66 77
93 90
54 8
82 8
27 7
56 97
38 7
96 42
80 43
79 97
19 5
42 4
66 9
84 97
55 92
28 25
22 20
27 38
90 97
42 53
39 5
34 46
10 11
50 80
70 14
17 40
66 84
43 37
47 67
29 59
62 74
24 83
57 69
77 55
64 51
87 82
54 23
2 56
43 18
68 97
64 49
57 90
25 26
17 81
97 10
79 37
98 47
39 24
21 23
11 85
10 21
67 1
36 9
53 56
32 75
63 78
76 57
57 29
95 4
26 56
30 49
95 81
31 72
95 8
37 4
14 46
14 96
17 3
47 44
91 62
25 76
68 42
25 94
33 95
98 75
89 68
13 82
91 42
51 0
28 49
62 39
95 74
69 12
34 55
64 14
70 54
28 37
65 58
79 76
45 55
96 87
0 15
37 34
10 43
20 47
18 15
45 90
21 90
43 95
56 41
10 63
75 32
28 45
19 21
29 28
82 79
9 57
58 50
30 95
57 50
39 62
17 79
52 21
58 51
31 25
86 6
14 42
63 89
54 79
34 92
94 98
62 26
66 42
73 13
78 55
84 3
24 75
13 57
81 95
86 98
48 17
44 95
38 86
58 64
69 95
57 59
69 79
60 73
16 92
44 12
37 40
22 13
25 53
3 15
45 13
8 88
98 9
90 71
5 64
69 40
93 70
47 65
40 23
41 79
48 13
25 72
11 8
66 31
71 49
25 71
50 23
11 94
23 4
26 73
19 22
74 95
69 43
59 20
73 74
64 87
86 77
6 23
70 77
95 96
21 55
66 2
86 41
42 72
3 7
3 49
91 7
35 38
25 45
13 44
18 41
0 75
8 45
53 71
53 12
31 75
60 17
78 29
38 51
77 14
13 38
36 75
80 54
12 41
59 92
48 70
21 8
23 62
87 38
40 87
65 4
96 65
21 97
51 38
31 80
83 89
63 22
34 80
55 8
50 38
16 5
68 5
29 53
44 57
23 74
95 72
9 11
75 27
6 59
66 78
11 59
61 69
80 37
56 19
76 48
5 94
54 12
56 53
49 51
53 55
28 84
91 39
77 60
35 44
75 91
59 60
35 26
14 70
92 50
14 56
58 43
29 45
14 91
27 72
49 50
59 14
61 50
78 78
38 76
51 18
88 79
16 43
16 7
12 6
35 93
45 73
55 46
26 9
40 64
57 65
59 75
45 70
92 47
55 62
82 86
59 38
32 29
54 4
33 86
45 34
27 26
75 74
15 58
78 25
14 73
50 16
18 30
10 97
73 16
66 63
53 49
11 25
17 58
68 72
18 83
9 84
5 40
11 4
53 14
48 64
36 91
67 8
11 58
4 57
54 9
64 32
24 71
1 56
56 38
12 2
77 75
80 59
79 20
76 87
88 7
77 82
50 43
68 2
62 90
31 34
17 83
70 89
53 2
15 54
57 34
28 4
73 40
29 79
16 22
0 79
25 67
72 61
75 73
72 67
63 2
66 19
57 79
89 49
29 35
97 80
88 75
74 8
10 13
86 64
19 47
52 90
80 34
65 49
84 66
65 50
43 54
81 36
98 73
30 90
63 64
34 24
78 33
56 90
54 55
61 85
76 7
10 0
16 89
32 80
8 51
79 40
66 26
25 43
15 80
8 67
86 75
69 17
0 5
21 37
90 30
18 51
88 43
66 92
68 43
24 1
86 3
38 79
41 96
35 91
65 75
40 47
84 96
88 84
56 8
21 11
40 29
27 2
66 21
36 8
83 12
12 23
32 32
77 89
9 65
27 50
43 1
11 16
88 40
6 84
95 36
87 22
13 75
2 96
11 41
44 88
7 37
86 80
77 52
51 89
58 12
37 46
18 87
38 70
27 73
71 24
2 82
58 3
85 9
79 22
86 91
49 38
11 95
23 56
40 67
14 16
38 53
57 93
4 30
9 1
44 52
72 53
81 65
48 14
39 49
94 64
43 19
25 35
96 46
52 50
62 77
57 21
43 98
18 9
34 12
51 87
23 49
19 76
23 27
34 28
39 40
68 44
46 67
39 79
74 60
13 90
82 66
93 39
62 10
86 28
15 23
1 30
23 24
4 8
66 85
2 94
61 68
24 50
29 29
28 79
9 79
29 3
87 44
35 90
74 13
67 21
66 41
98 15
35 24
87 15
98 76
67 93
88 57
75 14
84 81
56 40
54 71
29 23
94 72
33 24
94 46
13 15
97 18
85 42
59 17
52 51
13 94
7 81
6 43
67 44
48 22
47 68
22 49
10 14
84 98
63 20
79 26
86 47
64 8
20 39
77 4
44 77
6 83
86 12
60 26
4 86
76 22
33 81
94 12
32 89
61 38
79 58
53 18
16 55
25 55
66 53
57 88
90 59
10 66
57 18
35 11
86 89
59 44
86 35
74 31
83 5
38 42
62 73
23 25
85 54
21 48
1 95
12 63
95 21
13 84
77 28
7 80
80 9
30 96
32 79
59 49
17 47
91 67
57 11
77 71
90 29
11 27
94 94
4 6
6 30
14 43
18 23
76 39
34 82
72 34
25 95
90 66
56 78
62 51
75 8
36 49
59 41
26 41
37 75
23 61
31 58
20 94
4 87
67 30
96 83
60 70
0 73
94 11
95 54
80 45
41 85
35 92
94 66
83 15
6 93
89 11
69 34
19 51
60 60
32 38
48 40
22 37
7 27
43 92
80 26
73 67
1 91
86 16
35 22
79 51
83 13
21 43
91 33
55 56
97 3
11 46
95 37
21 93
38 84
50 68
51 97
43 57
5 16
41 77
47 39
47 5
38 12
17 12
19 32
58 69
19 25
88 86
54 49
55 61
15 93
46 32
73 76
76 38
13 47
94 69
52 46
40 85
23 93
38 9
84 12
27 21
79 57
77 2
45 63
65 19
92 55
12 88
33 79
10 54
18 63
72 47
37 54
11 48
14 21
52 1
83 10
43 91
47 66
30 87
24 63
42 67
37 93
26 91
33 80
9 43
91 48
40 44
89 66
62 21
73 84
64 48
84 38
49 43
45 75
50 34
60 57
72 10
49 5
46 53
23 53
31 4
56 94
6 74
64 86
98 63
45 30
52 34
15 39
69 72
67 22
90 15
20 73
10 17
11 40
8 35
4 5
17 7
64 23
4 94
3 17
71 79
42 38
8 61
36 55
63 95
8 15
48 26
79 94
35 34
54 73
95 90
79 16
18 81
72 81
90 61
83 76
75 15
46 61
32 5
20 12
46 65
28 11
22 30
49 83
51 71
62 79
9 95
21 73
17 52
83 42
5 70
75 53
75 81
54 14
15 33
33 27
86 85
15 10
19 10
25 66
31 21
80 31
78 73
65 71
61 54
97 47
14 80
15 12
30 68
9 74
64 62
39 8
32 39
70 70
57 17
43 9
65 21
33 25
67 82
88 41
13 27
34 79
79 47
22 23
54 60
24 98
92 96
92 20
42 9
46 83
67 32
49 26
39 52
48 47
22 58
57 81
38 85
82 0
47 15
32 48
36 44
90 9
96 82
46 56
19 64
98 17
62 14
84 58
39 26
64 16
0 53
7 5
5 26
92 83
44 90
7 79
63 85
70 13
42 50
23 97
40 20
94 48
18 59
34 43
39 65
65 9
31 88
63 80
89 80
45 98
42 17
80 76
79 8
22 93
25 3
86 65
98 11
38 93
94 38
36 92
47 51
57 92
82 24
22 77
44 98
65 39
24 26
64 78
19 30
85 15
78 6
93 0
38 2
75 35
67 3
42 92
13 26
61 21
79 15
93 72
11 42
66 60
12 65
43 28
78 32
12 79
88 16
17 64
5 41
1 3
79 30
25 54
28 17
51 35
96 48
31 74
59 76
14 1
92 13
16 58
97 70
68 59
87 45
28 57
62 70
41 46
39 59
77 54
75 7
77 25
36 30
21 32
56 24
68 31
41 55
35 13
55 82
57 23
90 52
15 16
58 7
73 24
74 36
18 39
97 38
18 13
89 3
40 97
19 52
60 2
13 7
8 8
23 7
61 1
91 3
68 14
2 15
31 73
23 35
46 0
22 54
13 41
45 33
75 42
5 8
86 84
51 15
21 5
38 36
40 50
15 17
13 6
8 17
45 81
77 19
35 47
66 14
31 81
6 95
85 27
47 42
57 95
60 37
29 63
89 18
49 72
49 37
15 53
94 76
82 32
71 33
50 25
19 29
25 61
86 48
74 96
70 74
15 62
42 26
85 25
20 46
49 62
29 38
27 61
52 16
55 64
18 31
25 34
32 4
43 27
35 41
23 6
25 32
22 56
1 97
16 81
21 78
30 77
42 89
38 43
80 17
39 83
96 3
42 70
55 32
96 23
28 71
74 39
70 59
58 88
80 94
33 55
17 15
89 76
84 78
35 74
70 86
62 95
30 23
76 35
91 63
60 4
96 45
73 77
44 46
90 83
58 42
86 97
52 48
56 82
31 69
26 18
19 83
84 8
13 89
43 8
49 73
85 11
40 19
80 57
5 53
64 83
0 98
54 87
88 98
90 11
47 4
89 2
56 89
5 6
58 19
26 10
93 30
27 12
91 36
82 18
77 36
78 54
1 83
75 90
74 59
93 75
67 33
66 82
63 48
94 71
9 67
28 83
57 73
57 10
57 15
16 63
9 47
34 76
82 84
31 68
14 44
20 26
24 24
7 74
61 76
87 77
74 3
76 50
90 70
26 3
79 83
71 45
45 2
81 88
15 92
55 37
68 11
28 2
95 33
46 34
53 28
58 71
58 35
54 76
92 87
77 44
23 94
95 52
42 96
21 19
77 57
80 62
80 15
69 59
35 8
87 73
42 49
12 18
45 54
91 94
73 81
83 63
67 55
54 57
50 50
6 56
3 43
18 73
32 74
21 31
88 45
38 34
30 81
56 62
86 25
57 70
27 47
59 0
70 87
57 37
20 89
29 54
85 4
47 81
93 32
40 18
37 6
80 63
52 29
80 65
15 42
41 17
50 40
5 44
67 62
34 98
36 76
35 77
84 11
57 94
76 55
7 70
12 56
49 95
89 54
89 74
66 80
41 30
45 58
36 74
37 39
5 29
45 22
71 22
4 50
47 83
54 59
10 82
90 16
13 87
5 54
4 78
24 74
10 12
70 6
58 75
40 52
49 27
85 59
38 98
31 33
57 16
56 61
63 47
27 45
69 10
10 86
13 72
82 26
44 66
11 81
48 27
66 25
29 46
42 87
52 65
25 59
78 60
70 19
81 3
91 96
53 5
55 76
40 84
16 46
94 78
24 89
37 36
6 75
17 46
96 97
24 32
22 45
94 14
42 95
93 12
56 51
42 93
38 39
44 97
93 15
61 42
3 94
85 72
19 50
60 64
61 15
96 79
40 46
4 56
8 82
15 94
14 7
3 23
60 51
43 33
53 91
49 56
15 34
52 77
37 12
24 81
63 52
15 40
60 32
22 68
63 56
71 57
52 8
73 61
21 67
35 83
46 52
62 54
11 57
11 23
30 63
18 12
66 0
66 50
41 69
30 46
67 57
71 61
79 63
6 57
63 79
24 53
12 70
43 64
20 30
76 73
54 81
80 18
4 88
26 97
91 88
28 76
54 80
46 70
32 3
42 22
47 95
67 97
27 93
86 51
98 30
59 43
51 51
26 90
42 22
94 21
27 1
25 51
50 44
28 88
20 85
43 45
49 4
73 52
3 86
31 82
25 82
70 90
53 39
30 3
51 57
24 45
51 90
64 95
71 4
72 11
53 61
63 67
78 26
80 68
23 40
97 29
86 51
92 41
44 87
66 59
96 64
35 78
27 93
92 94
42 56
88 36
56 60
88 34
77 67
19 18
50 8
63 90
83 54
93 62
84 17
25 9
65 95
37 44
78 26
27 18
86 51
77 48
67 83
85 6
69 93
77 94
83 28
46 87
44 94
61 83
7 17
67 50
10 42
91 28
13 77
92 91
42 68
83 88
37 94
40 66
58 20
57 28
72 23
42 68
90 5
32 55
41 27
32 70
71 19
31 56
17 65
56 52
51 77
98 91
91 8
83 86
12 40
9 62
23 13
55 69
72 72
72 21
75 63
38 59
9 40
90 6
47 8
33 46
81 67
72 64
86 36
80 53
40 45
8 74
95 22
73 20
36 37
94 6
2 21
66 33
93 62
26 6
21 77
34 15
31 48
65 90
7 58
28 26
6 52
85 61
87 37
78 76
65 61
14 95
1 12
17 77
21 6
7 7
72 72
79 55
84 6
7 14
21 21
89 13
76 63
69 4
44 22
14 95
5 18
62 18
39 67
10 42
33 11
14 13
90 27
40 8
59 47
93 10
96 15
8 65
73 20
88 14
29 56
17 21
27 15
1 38
10 5
90 54
21 75
85 87
18 46
24 68
38 41
31 82
75 63
34 71
83 88
58 38
91 75
61 13
98 27
59 94
17 10
70 67
89 72
22 74
37 45
93 8
58 20
72 72
87 13
69 11
32 55
73 36
40 17
32 71
58 54
64 1
12 8
43 73
25 62
19 55
33 56
73 57
61 83
67 77
1 80
98 6
40 59
94 31
62 20
70 20
33 56
56 52
6 17
71 18
46 12
41 34
72 1
71 98
91 75
84 10
52 87
25 81
41 20
37 86
71 15
10 15
4 58
5 55
71 76
88 14
3 87
89 96
59 73
2 7
50 98
6 52
89 96
69 56
19 55
87 33
25 31
53 15
53 88
51 5
87 5
69 65
50 28
48 1
33 57
77 40
56 77
1 12
22 80
36 42
36 24
46 90
50 28
75 18
85 55
20 85
71 60
80 7
40 6
57 19
67 97
57 49
72 23
50 28
59 13
25 40
82 78
14 78
10 41
49 36
52 52
73 57
57 19
55 5
30 25
39 30
21 52
63 35
32 10
95 70
87 56
78 95
75 23
50 51
80 58
92 80
83 69
96 8
56 11
59 2
83 54
45 48
62 65
69 93
41 32
29 61
30 22
64 74
78 98
41 67
51 51
6 17
41 8
62 36
21 52
44 70
57 67
45 80
52 56
65 34
60 9
31 70
66 81
68 1
20 5
95 34
2 31
62 35
91 17
66 76
64 15
35 87
61 5
5 42
75 24
65 53
7 47
71 15
78 93
70 20
58 20
5 79
92 35
69 14
41 32
85 81
0 38
4 51
49 35
77 13
85 60
70 47
21 10
27 20
54 86
1 80
46 90
42 6
34 66
47 95
65 34
31 56
49 28
3 4
54 44
29 21
26 96
45 96
75 24
49 64
74 53
57 41
94 56
20 82
19 14
47 77
2 23
26 6
28 76
8 74
32 96
30 30
6 52
51 90
83 94
52 47
19 1
26 58
44 39
37 66
59 2
48 82
52 36
22 92
10 41
96 17
28 21
79 50
8 74
49 8
62 20
4 7
90 69
73 82
2 31
39 30
26 33
37 29
61 53
82 45
67 41
36 42
46 12
35 85
90 39
21 21
86 83
64 33
41 27
53 69
53 25
14 49
89 13
31 38
14 17
58 28
21 6
98 68
53 86
16 85
95 83
27 18
20 91
23 76
43 87
40 8
92 92
91 27
79 50
89 77
71 4
70 20
11 96
90 44
96 15
16 91
63 54
59 24
37 44
80 85
26 96
79 84
96 81
26 83
49 8
26 67
25 63
28 18
64 95
59 43
78 42
72 20
80 70
38 63
64 1
2 21
55 67
51 4
79 78
86 2
32 70
71 76
90 27
5 88
70 95
61 79
40 45
52 87
68 98
80 87
65 18
50 48
88 62
0 2
26 61
33 11
8 11
97 1
42 29
93 80
88 55
47 23
44 70
55 94
32 96
69 93
92 80
70 95
28 88
80 7
13 77
50 36
21 75
57 31
87 74
85 60
25 31
30 36
52 47
90 6
53 43
49 87
12 3
69 22
80 68
97 5
20 85
7 23
37 43
13 22
17 90
42 56
60 47
22 92
65 65
87 37
66 81
7 12
34 51
92 37
18 14
50 4
22 69
77 13
83 66
71 31
32 3
92 16
60 47
14 27
77 37
75 29
27 18
10 7
8 70
7 50
60 48
16 17
59 73
60 44
46 12
40 13
26 31
59 73
5 88
24 76
6 12
44 91
93 76
64 46
10 5
57 39
51 85
21 46
39 27
9 56
71 31
39 35
24 76
86 73
33 75
35 87
35 23
54 58
78 95
92 97
45 39
41 67
37 38
27 94
51 75
14 49
59 18
68 69
82 39
51 39
80 87
5 42
28 76
68 0
72 21
21 27
1 80
52 71
40 6
18 33
60 40
4 7
28 53
18 53
29 60
91 11
91 93
53 60
39 31
30 80
85 48
21 39
32 96
59 13
30 30
78 27
85 6
69 4
70 92
97 39
38 54
76 63
0 90
31 38
24 45
84 6
19 14
83 27
96 8
22 11
39 31
68 98
18 14
46 75
78 98
47 72
76 63
94 83
56 60
52 56
15 78
22 92
14 49
28 21
82 39
10 41
59 97
42 29
93 10
31 32
7 71
43 97
45 67
40 59
2 32
7 17
41 20
95 83
91 17
95 73
4 58
51 39
80 28
4 91
54 44
75 79
2 23
54 17
34 15
35 73
94 43
46 55
49 96
53 74
93 31
82 55
68 39
25 81
39 35
92 41
32 31
95 24
18 53
2 88
91 75
40 83
71 60
44 94
16 13
16 13
37 10
38 63
38 83
20 17
83 94
42 68
63 91
6 47
12 3
51 62
51 85
66 37
86 73
3 86
25 63
42 86
44 22
1 43
44 87
12 26
48 41
8 70
90 39
53 24
69 56
17 39
36 96
8 65
73 26
48 44
93 8
6 52
17 53
40 45
64 46
21 54
26 24
5 55
22 74
31 48
53 15
24 42
47 95
47 80
91 52
83 69
68 39
43 87
91 77
38 41
55 20
72 75
49 2
41 26
30 22
34 27
80 53
67 10
26 24
57 96
25 81
21 54
18 53
12 49
77 15
90 65
33 75
10 7
55 20
43 30
65 80
2 7
30 75
7 58
22 74
85 81
41 67
84 17
49 35
64 27
80 19
87 56
87 76
8 74
46 94
32 96
39 95
28 43
87 79
19 55
71 59
33 5
68 29
78 98
28 47
18 33
14 20
61 11
26 31
46 87
41 86
16 13
91 11
53 60
12 40
90 23
20 17
77 95
94 4
3 87
76 4
1 84
61 53
35 85
45 77
67 9
26 83
86 13
96 59
2 32
65 65
10 15
19 35
25 85
84 79
86 60
50 44
50 29
57 8
66 76
78 93
83 28
58 28
71 59
68 1
89 72
27 1
58 44
54 86
31 70
8 11
49 28
47 23
64 74
6 47
36 24
56 48
88 55
62 89
10 35
72 50
57 58
37 10
34 27
92 97
31 98
78 84
3 4
63 67
5 18
42 20
4 7
80 28
78 76
48 50
42 28
24 77
65 61
40 83
19 18
51 85
65 84
67 83
47 95
20 5
2 88
36 61
28 26
25 12
39 95
65 61
92 37
93 80
53 89
92 31
87 76
33 46
71 59
39 95
89 61
86 11
32 31
49 4
67 10
7 14
62 35
6 24
25 51
38 59
76 90
96 59
90 6
33 13
22 11
93 8
60 40
17 33
81 29
37 30
76 26
21 58
87 37
59 53
57 67
73 36
72 28
41 88
31 38
53 69
56 77
59 18
33 38
31 78
91 75
39 67
86 30
72 50
7 23
58 27
35 87
89 77
65 95
60 52
13 22
48 81
7 87
74 82
37 23
78 27
33 11
81 16
38 87
97 1
52 85
98 68
36 61
18 86
37 94
95 34
94 83
77 37
10 79
92 16
50 8
74 28
23 76
89 77
35 63
19 35
91 15
92 59
22 67
16 73
48 65
59 24
31 82
30 3
73 82
3 32
54 11
21 46
86 54
51 98
40 66
15 79
91 93
53 86
95 34
60 52
29 61
30 8
45 67
14 20
4 58
68 0
69 65
7 47
21 75
20 70
47 95
18 52
36 61
23 13
23 76
65 80
15 79
84 10
86 2
95 83
5 17
84 79
56 48
74 27
72 21
29 60
10 7
52 85
68 38
57 96
34 57
50 0
92 74
76 90
66 66
59 53
38 33
25 85
11 33
49 36
86 81
72 69
92 91
25 12
45 39
17 65
21 58
15 79
98 0
47 61
37 45
13 77
73 19
53 74
1 54
89 13
78 28
17 17
37 45
87 13
75 18
91 15
54 86
37 66
84 6
12 3
82 55
59 64
14 79
1 43
59 47
51 75
77 61
46 12
2 21
4 91
17 21
80 53
84 24
90 65
27 18
97 29
86 31
53 76
62 50
27 94
34 66
91 52
98 0
37 23
37 38
50 48
69 14
23 40
18 46
59 11
80 58
86 51
69 0
56 11
58 27
91 28
74 5
43 45
67 77
57 96
51 4
85 58
63 42
86 60
79 13
34 71
49 65
79 78
12 40
68 10
17 39
45 36
44 39
90 39
60 27
41 88
48 82
66 66
15 0
35 63
79 55
18 86
80 7
90 44
50 0
84 24
87 5
69 4
62 43
45 53
95 0
60 44
74 67
51 52
33 38
7 58
81 29
72 50
7 7
47 8
92 37
34 51
28 18
21 10
7 63
19 35
52 56
7 87
11 39
72 11
27 3
60 27
15 30
72 11
75 41
52 87
21 77
46 94
47 80
96 44
71 76
65 84
33 13
92 16
57 8
72 36
65 90
94 24
87 56
24 77
68 38
95 73
11 33
60 9
80 19
88 62
37 94
34 91
57 97
58 44
25 9
96 44
41 34
51 62
32 71
76 26
72 64
4 29
39 67
10 15
67 50
21 27
81 16
90 57
63 54
27 3
70 94
32 31
21 10
54 80
34 57
45 53
65 53
14 78
78 28
23 57
95 42
26 33
21 74
70 71
32 71
26 33
26 30
69 77
47 61
52 85
71 31
11 33
0 2
57 58
7 42
73 57
55 5
62 36
30 25
72 69
94 43
43 73
82 27
36 37
21 46
90 54
84 25
85 87
79 78