54 66
92 75
74 62
76 57
63 56
12 15
73 38
69 92
2 18
52 55
83 13
39 61
34 81
67 24
53 72
7 3
59 76
59 35
43 55
89 24
45 25
11 95
24 10
75 60
71 79
2 59
91 90
82 46
2 10
97 11
95 87
85 86
21 57
80 34
39 97
46 20
60 86
41 37
61 6
14 76
84 35
34 30
81 0
54 65
27 71
69 30
10 6
75 6
71 36
47 63
76 62
78 4
50 30
67 40
75 91
59 39
65 78
80 63
83 85
92 51
46 57
38 20
12 79
17 89
96 92
27 60
91 54
21 68
91 13
56 78
82 49
54 81
89 27
16 28
87 0
97 49
46 50
59 16
60 80
48 51
56 12
38 67
48 59
57 73
73 77
14 86
27 36
74 89
39 41
92 65
58 10
15 11
18 59
54 53
10 20
64 2
43 95
88 49
18 63
93 48
16 7
36 35
13 88
30 6
53 16
77 44
65 85
23 61
31 21
57 98
71 93
11 50
90 40
12 12
39 60
15 63
43 90
70 49
34 10
15 86
67 70
56 49
52 22
86 43
10 27
55 2
47 82
83 8
25 73
58 49
6 69
70 26
76 28
38 43
47 98
11 56
72 43
86 41
23 74
75 75
50 90
57 55
75 33
54 92
9 10
56 46
16 38
15 93
67 22
17 78
64 83
84 23
75 40
8 31
25 34
29 17
40 10
61 52
87 1
0 32
20 49
83 40
29 71
39 12
70 70
60 41
56 13
5 85
93 32
40 84
17 13
63 6
14 15
71 7
94 10
33 15
36 85
85 98
67 26
98 24
24 29
55 14
77 12
18 48
82 59
79 40
10 17
41 90
59 54
64 22
1 28
94 97
51 96
84 43
81 76
82 84
12 68
53 96
49 16
24 78
36 55
59 69
70 32
62 59
77 76
73 17
41 5
54 76
62 57
32 5
17 97
8 78
50 87
7 85
91 59
82 83
10 82
60 72
77 47
41 7
19 39
6 87
42 51
12 88
86 48
82 95
46 34
68 21
40 63
13 76
55 87
61 80
80 48
89 16
30 79
84 44
96 18
9 26
84 28
57 60
65 23
97 69
93 21
96 29
45 72
14 39
28 14
32 80
39 7
87 77
10 58
29 20
59 77
65 2
44 57
59 45
66 38
31 29
73 55
49 15
60 35
95 82
88 43
49 80
87 11
43 50
86 6
98 5
58 17
18 64
80 83
63 76
89 94
39 48
62 58
71 23
50 37
82 15
97 18
63 96
45 34
69 9
81 84
0 34
9 98
76 27
40 12
24 70
10 55
93 47
92 8
28 4
40 41
11 35
19 64
77 77
61 15
76 68
45 40
48 17
96 45
41 52
54 48
66 70
72 73
88 86
16 37
51 48
14 28
56 84
83 25
24 12
27 59
53 38
63 11
22 43
52 39
2 77
66 28
16 89
26 23
24 35
78 19
96 69
66 91
30 91
42 40
14 8
32 28
69 84
66 87
82 0
74 96
97 14
77 60
23 12
95 69
43 23
47 96
33 32
18 87
6 50
36 66
43 94
10 44
57 27
50 70
71 29
75 55
28 55
89 34
98 20
10 27
71 11
96 22
63 5
9 22
48 8
60 2
82 41
2 81
18 13
91 84
2 61
20 97
5 14
65 12
52 1
12 24
81 33
28 87
84 5
29 28
39 26
74 92
37 78
44 24
84 40
16 6
6 56
43 71
38 78
28 54
20 11
62 54
50 9
29 50
59 14
64 88
47 11
93 68
38 94
33 50
18 26
40 52
14 32
10 84
60 45
88 66
57 10
72 10
59 46
64 96
20 36
46 77
90 7
4 24
40 25
33 34
47 71
70 43
57 93
22 17
92 96
49 37
51 28
27 95
72 58
27 62
73 67
35 43
92 25
67 81
11 85
41 15
92 19
35 30
21 90
23 49
31 22
23 11
91 51
98 75
92 24
81 25
36 6
92 50
68 50
12 77
82 30
22 51
86 50
72 65
37 73
7 45
18 60
20 57
81 32
80 35
27 50
36 40
97 25
76 60
96 96
71 35
38 14
77 96
4 14
22 7
70 10
56 74
23 56
58 64
70 55
53 27
72 92
28 44
85 37
14 40
55 11
59 20
30 11
92 38
76 72
75 67
51 97
81 68
56 15
56 95
52 75
84 29
98 22
58 91
12 76
70 62
44 18
61 71
84 39
43 47
49 49
66 65
42 4
77 91
13 37
84 58
41 19
63 73
84 15
56 65
21 86
57 66
90 8
98 31
90 53
59 32
22 42
74 4
51 36
48 47
48 37
84 13
38 93
70 50
66 82
29 57
20 53
31 54
16 3
96 3
6 58
55 13
69 3
92 82
41 9
25 97
53 22
52 82
56 70
81 69
6 41
3 31
65 47
24 19
13 12
32 20
60 19
88 5
82 36
89 49
27 28
72 61
89 68
62 66
20 48
68 96
46 8
74 21
6 92
16 58
87 81
65 41
62 84
21 98
92 83
76 82
4 92
51 53
28 57
45 59
0 96
20 72
31 90
79 45
53 77
94 71
62 75
74 75
18 76
28 62
64 80
18 7
53 59
22 39
41 95
37 77
54 67
55 78
70 82
74 43
26 57
86 49
14 94
71 49
73 43
84 88
71 88
82 50
69 59
98 18
17 83
89 81
65 1
77 22
51 18
25 6
31 33
64 16
52 17
56 14
37 91
50 84
32 6
77 87
52 26
63 41
43 28
7 41
80 54
12 80
34 5
10 85
95 41
71 58
14 21
25 38
13 41
47 57
39 46
63 34
41 53
55 16
17 79
2 60
86 77
44 45
59 50
83 55
41 40
41 70
20 80
26 26
17 28
52 29
94 86
17 98
79 39
39 62
0 15
48 43
15 41
20 52
35 39
64 66
46 37
50 38
81 64
88 57
58 48
86 94
37 13
73 54
23 89
52 51
36 14
60 17
15 10
52 20
8 12
28 78
45 11
64 14
78 22
10 81
45 50
38 46
58 37
95 95
54 26
30 7
57 44
97 53
98 88
42 88
78 8
84 59
35 29
70 84
24 86
6 3
65 83
70 89
72 22
18 50
92 18
89 32
58 94
67 98
44 6
83 6
82 44
42 23
92 3
89 88
66 43
18 20
50 39
75 52
63 87
76 9
13 7
22 18
59 67
3 70
45 75
46 80
64 54
54 72
7 80
12 16
77 49
71 8
83 43
59 27
46 96
63 68
42 65
56 72
22 87
1 46
8 9
13 20
46 88
11 22
58 24
37 40
36 56
92 7
92 57
43 1
0 73
21 96
25 42
70 60
22 13
22 96
79 79
2 41
37 89
33 23
40 40
14 70
28 6
56 10
53 78
17 84
86 16
7 81
67 43
39 47
42 25
70 75
22 9
21 37
74 70
26 63
81 47
36 54
89 30
67 3
83 78
15 16
85 22
76 20
70 27
26 28
69 96
60 91
8 79
2 22
92 42
81 61
28 5
65 35
95 9
77 42
5 90
5 56
38 86
4 94
70 96
39 9
10 21
21 11
51 71
5 26
48 30
14 89
66 61
68 37
86 72
63 47
78 33
96 9
71 16
49 48
40 67
24 52
17 54
91 61
91 68
58 9
19 85
45 52
46 2
9 82
60 83
81 46
53 73
63 79
92 69
82 70
12 98
76 19
95 97
86 12
69 21
46 0
8 44
21 23
38 13
68 80
69 34
8 8
73 93
15 17
17 59
52 67
25 14
22 86
2 15
70 80
3 29
55 97
18 16
11 6
67 31
92 90
66 46
77 1
11 24
88 92
86 39
34 98
53 26
98 70
98 52
27 17
43 86
7 65
22 40
18 54
91 95
46 54
2 11
80 43
96 42
65 66
88 76
0 95
94 61
30 5
8 26
53 18
78 29
19 24
10 71
13 44
90 77
46 73
39 21
54 7
12 82
59 51
50 67
68 22
9 19
47 62
25 45
33 77
53 28
62 60
1 42
14 7
30 26
17 23
76 87
21 8
79 74
48 63
80 84
95 17
94 45
27 66
51 72
48 10
48 32
49 34
36 11
53 55
67 62
95 66
29 48
7 6
38 21
66 58
22 34
91 82
55 7
20 10
16 46
91 60
9 46
18 25
36 88
50 72
66 20
79 48
20 18
16 39
36 13
83 67
78 6
31 47
29 38
19 81
58 35
8 52
53 91
35 34
98 3
31 93
37 14
72 94
43 12
34 25
43 27
66 15
92 52
19 44
79 98
79 67
34 38
7 20
98 73
84 12
80 18
96 73
33 51
67 29
14 1
66 48
30 94
11 58
63 97
4 46
8 30
11 80
75 42
57 62
53 37
58 5
62 37
51 92
69 41
78 60
51 84
78 5
62 28
81 86
79 47
79 17
79 68
70 74
55 22
38 3
37 63
63 92
28 49
89 53
16 53
64 3
98 63
49 71
90 83
22 32
5 7
93 41
23 23
83 74
59 95
43 92
63 70
87 46
40 35
11 10
75 62
3 48
11 49
32 22
66 21
16 8
10 2
93 16
39 90
14 5
91 2
97 31
46 74
76 54
77 88
41 76
93 71
48 15
54 51
55 37
31 35
44 30
26 54
74 86
87 49
97 37
61 7
58 4
88 26
3 66
54 2
18 42
58 97
12 81
30 98
43 93
16 59
16 23
28 46
9 7
59 74
91 88
6 38
89 48
20 26
76 61
91 94
98 17
5 52
1 4
21 34
4 97
47 31
15 33
33 49
14 83
87 31
40 95
91 74
11 19
54 71
50 66
88 87
43 25
35 4
95 65
0 81
2 87
25 71
7 54
97 44
80 47
57 38
47 45
29 36
15 23
37 26
52 57
36 46
27 37
60 55
96 1
27 13
41 29
67 36
33 37
32 90
16 20
78 56
0 87
77 32
24 53
54 89
19 46
35 41
54 49
7 38
85 50
88 82
76 12
67 72
15 15
26 25
56 68
35 93
62 47
22 37
67 38
93 20
87 24
25 75
64 11
63 38
54 4
52 25
46 11
57 52
40 90
97 32
84 87
17 11
56 94
23 7
37 35
13 1
19 50
40 26
85 78
68 51
74 50
52 30
73 81
44 72
91 62
92 85
26 15
28 12
24 47
78 7
33 14
88 93
81 13
76 52
84 97
92 17
92 34
28 84
61 4
74 73
27 23
30 21
45 90
24 6
42 30
63 69
39 74
98 2
88 3
84 91
66 44
2 5
47 7
70 13
74 7
76 40
49 39
58 53
7 69
60 43
39 64
29 39
82 31
29 67
50 96
42 96
63 77
13 21
0 40
42 32
84 9
82 65
35 40
31 66
84 8
42 67
46 28
90 96
1 73
75 64
55 12
38 76
34 19
38 84
6 53
24 61
5 53
85 14
65 98
41 68
13 78
96 50
41 38
12 86
28 31
79 97
13 87
13 5
85 25
72 0
94 95
25 58
70 93
79 30
30 67
83 14
44 66
88 4
74 34
47 26
74 29
28 50
84 55
51 8
23 58
91 56
24 98
45 12
78 86
81 7
38 53
17 15
57 71
65 27
97 8
56 39
64 86
28 75
82 97
55 45
59 56
19 83
90 43
46 69
10 18
72 91
35 20
56 4
85 47
58 75
61 67
58 88
79 57
77 26
9 84
36 30
17 12
90 11
57 94
39 65
76 14
40 54
68 55
49 12
92 36
34 88
89 7
86 89
17 4
40 21
6 42
37 12
85 53
36 95
2 29
28 72
91 47
45 20
22 10
42 95
23 86
39 45
67 79
21 78
78 78
92 10
71 91
51 87
60 85
42 63
41 63
43 38
64 72
19 53
23 36
6 55
79 76
81 8
29 53
61 74
47 53
86 82
60 53
68 85
12 46
15 53
34 39
62 92
69 15
57 70
26 53
28 64
71 12
64 28
3 20
55 91
64 12
91 35
83 15
43 39
54 16
98 56
60 10
25 5
41 31
85 43
33 39
97 6
17 45
33 21
73 94
19 40
27 25
17 7
80 55
0 44
50 43
54 13
13 48
58 72
13 33
91 58
73 65
93 42
2 52
82 3
95 18
44 28
3 16
29 52
1 31
9 17
91 46
9 27
72 60
78 44
46 86
65 0
29 94
16 48
29 22
47 13
55 9
41 56
58 82
23 6
16 61
31 44
43 98
30 44
61 94
63 43
67 45
94 12
27 4
7 37
12 93
12 92
95 38
19 31
29 46
93 97
21 45
68 28
64 4
35 8
12 27
85 51
91 50
37 41
68 8
16 12
45 0
13 6
47 1
84 68
95 84
69 89
73 59
15 27
79 54
70 86
59 60
20 14
60 39
44 52
36 62
98 86
62 38
17 18
26 3
49 11
69 35
64 59
19 33
97 20
1 78
24 33
43 24
51 73
70 83
45 22
11 14
28 8
79 14
42 92
45 29
38 26
75 10
88 39
56 44
66 77
2 53
11 21
23 19
42 44
50 5
9 97
87 32
85 15
26 89
60 22
79 38
47 39
66 14
51 34
54 96
28 35
36 69
77 52
42 89
80 39
63 31
15 91
44 19
76 76
24 48
91 36
74 3
73 73
52 91
27 38
13 34
48 28
82 8
63 0
44 27
2 69
96 88
53 82
32 43
34 74
55 44
27 39
91 92
12 9
35 92
78 75
55 41
95 7
56 86
82 98
94 77
10 8
5 87
21 4
57 90
22 89
70 23
83 24
15 6
22 38
51 7
83 82
72 78
77 57
13 38
22 12
19 45
47 14
69 33
37 67
68 3
83 89
45 87
92 58
68 93
9 79
63 64
47 78
66 7
60 33
29 27
55 65
38 89
58 42
78 89
89 78
10 62
57 76
24 13
48 14
51 89
59 49
45 42
7 55
7 74
62 98
53 52
65 50
33 71
24 34
53 93
83 59
60 20
78 34
73 70
79 23
13 94
25 90
60 7
35 15
37 36
36 36
40 30
18 72
21 31
4 84
34 9
22 24
90 60
0 29
94 38
73 92
57 40
12 11
21 84
41 36
76 11
32 38
43 5
75 8
54 25
55 15
11 94
57 34
89 95
15 89
35 26
41 58
34 5
92 77
67 27
66 47
76 73
4 49
89 93
75 84
41 23
56 79
23 37
68 88
77 20
24 66
72 59
25 4
69 26
32 26
60 92
77 19
51 56
38 44
81 17
88 98
10 67
13 35
80 77
6 9
55 6
78 71
49 56
2 40
3 96
3 94
59 52
85 27
93 1
4 6
68 35
61 54
12 22
8 82
89 55
28 17
5 41
84 66
30 2
88 13
16 90
32 44
43 6
63 98
72 34
57 83
80 76
2 9
37 47
91 23
86 24
48 45
63 84
70 98
85 77
46 24
55 34
92 15
55 64
21 94
0 53
24 69
59 41
35 19
38 56
28 81
75 68
65 42
33 58
17 52
69 43
80 69
95 47
15 62
10 57
53 19
11 55
34 32
95 14
63 36
46 40
17 14
78 79
3 64
82 1
3 43
67 8
90 14
49 17
79 51
91 38
37 90
47 22
11 41
94 8
77 58
4 80
73 35
83 58
20 47
95 37
17 36
90 61
66 31
3 79
48 97
35 70
91 53
24 43
12 38
49 51
46 10
61 27
59 19
49 75
86 35
30 68
95 88
54 73
23 17
3 28
78 64
83 65
61 49
86 92
71 33
95 1
38 49
4 17
8 71
33 35
59 42
50 68
56 30
40 50
33 12
36 73
94 63
78 83
40 65
97 89
36 23
63 21
40 23
89 37
76 10
20 84
4 25
32 57
12 28
72 52
69 27
38 82
74 49
50 82
19 78
32 98
78 38
77 16
78 15
72 66
79 8
93 15
89 76
98 29
53 12
1 16
38 23
39 23
47 54
36 81
79 56
40 97
17 69
56 64
30 96
75 73
37 34
49 73
93 12
32 86
12 14
12 89
83 35
73 29
79 33
95 68
17 19
81 37
77 53
42 46
29 14
3 92
24 40
46 65
81 28
35 37
81 48
45 37
82 21
60 75
57 47
76 80
85 13
77 30
2 20
97 10
73 3
37 6
41 66
25 57
11 40
16 21
30 37
69 72
74 54
41 61
41 69
70 25
87 40
60 69
35 46
45 35
71 75
60 25
39 93
12 63
22 73
4 77
77 74
7 83
55 63
80 25
28 65
59 57
89 74
3 26
31 39
88 83
63 2
13 70
39 24
94 5
93 19
38 61
39 6
16 98
80 88
78 43
6 63
26 13
92 68
8 73
19 19
83 44
29 3
1 11
15 37
27 48
3 42
84 54
7 73
39 58
55 77
49 62
81 56
60 18
89 6
34 83
15 49
13 86
64 84
43 96
10 4
33 18
23 48
40 85
65 9
7 28
80 37
75 57
0 82
44 77
22 25
93 64
72 67
81 30
26 97
23 80
29 51
91 96
92 71
61 28
69 20
97 16
3 72
64 65
45 86
42 33
13 85
20 78
96 6
85 73
59 4
91 22
47 40
79 73
91 81
59 61
64 48
75 49
29 26
1 97
87 95
16 88
35 17
34 31
79 62
42 49
71 95
28 25
9 6
52 54
91 87
83 76
0 30
39 73
72 12
28 60
51 76
82 23
70 97
35 18
8 19
67 21
94 66
82 67
91 49
10 51
78 39
34 23
87 83
28 85
13 83
22 41
5 74
4 68
91 10
91 45
12 78
82 2
72 53
65 76
67 56
31 30
17 42
21 29
96 91
75 25
16 15
30 4
95 36
18 37
83 73
40 31
26 55
47 67
79 41
19 17
57 65
84 16
93 61
34 37
27 44
19 76
29 86
26 4
19 94
58 0
77 35
72 2
21 50
7 5
6 40
57 20
53 1
41 60
39 79
18 85
88 1
68 2
9 47
35 83
85 21
69 83
73 41
33 26
50 52
16 87
58 15
56 61
7 98
50 55
3 81
16 63
98 81
61 17
30 73
50 26
71 38
42 87
11 86
87 12
56 75
66 62
49 95
46 41
7 36
80 17
45 46
64 92
48 95
16 31
8 69
96 20
20 40
76 51
16 81
59 85
96 5
76 91
66 5
14 73
60 71
96 21
23 91
34 90
97 90
45 28
44 46
50 85
79 15
31 71
86 74
47 38
11 64
57 59
33 90
90 62
69 50
82 80
14 98
24 59
80 24
4 12
81 19
42 52
77 36
56 36
63 8
65 33
8 61
91 65
52 37
11 26
36 34
53 13
22 50
44 86
93 23
34 45
64 63
19 23
85 76
58 79
63 49
63 48
13 82
25 24
58 81
85 90
94 7
80 20
26 64
8 38
13 49
64 9
3 57
29 69
80 97
49 26
24 97
60 78
37 93
13 0
57 79
88 67
23 2
94 14
38 74
41 54
89 82
21 97
68 81
93 79
39 14
17 76
20 66
10 54
76 16
89 98
19 73
81 4
13 2
9 52
8 13
95 43
19 20
34 52
81 98
31 5
37 48
33 74
37 32
79 6
29 75
72 24
5 92
48 67
16 42
19 43
1 20
87 59
45 97
78 58
42 77
70 7
61 61
45 63
50 46
13 89
1 75
95 72
34 24
27 35
92 11
45 88
14 91
35 48
18 83
59 92
37 57
86 9
56 96
20 22
93 25
48 72
77 3
9 18
91 44
46 63
54 23
56 83
98 89
55 60
70 59
62 14
27 55
2 71
49 7
57 72
46 62
34 56
66 30
38 77
53 95
69 42
41 77
19 63
3 80
96 57
74 14
81 66
89 65
89 47
23 60
26 38
87 27
83 9
12 45
86 53
15 36
22 3
85 32
70 11
57 30
16 10
36 38
43 36
24 30
6 37
97 12
82 66
22 22
31 31
93 94
80 59
15 32
65 69
70 39
83 38
31 8
31 26
50 23
27 24
74 6
90 52
10 29
57 24
21 19
43 33
46 81
29 25
96 14
11 48
62 85
14 80
35 76
18 38
46 39
53 98
44 9
34 93
3 18
17 82
20 0
98 16
61 12
26 70
44 8
26 73
58 55
96 80
59 25
13 98
42 18
73 75
48 0
35 9
10 56
30 24
83 19
77 4
39 69
54 9
81 53
23 9
26 45
93 30
27 74
18 1
10 98
46 13
12 97
62 34
71 17
35 91
4 76
73 61
47 79
28 10
61 47
15 28
18 81
43 46
5 93
47 64
74 41
60 12
20 28
53 23
3 15
27 33
27 7
30 78
92 53
13 90
86 37
29 1
29 63
61 63
20 89
28 37
14 90
25 95
21 32
94 93
25 91
81 31
50 81
95 92
2 12
34 55
30 81
78 68
19 43
60 61
42 31
57 48
48 2
11 17
25 44
11 53
96 51
74 26
10 46
23 43
70 87
61 38
20 30
64 7
23 53
25 39
43 91
55 82
50 50
4 98
79 27
85 38
25 55
20 56
45 47
31 58
55 4
87 68
72 81
12 48
11 47
44 69
34 13
29 64
78 51
71 24
17 74
57 88
10 40
24 17
25 11
92 78
48 46
47 84
51 50
90 51
70 76
51 15
60 81
12 19
7 16
81 1
35 75
93 82
20 39
7 56
18 91
17 44
15 56
82 47
29 4
47 59
81 79
23 85
24 81
73 27
9 51
13 45
51 47
90 15
18 23
34 11
68 59
90 48
59 6
96 65
12 94
9 75
43 77
16 9
83 96
19 96
56 97
26 39
55 24
36 45
17 51
7 84
57 80
7 97
40 79
20 96
86 33
60 13
57 16
87 80
6 23
76 65
50 47
55 80
28 39
62 64
58 74
93 49
25 94
62 95
11 79
72 33
76 45
4 54
49 76
16 32
9 29
31 46
34 48
21 48
25 88
31 85
38 62
28 94
45 8
5 83
81 2
55 59
10 30
86 28
71 69
82 90
59 28
7 82
64 85
15 61
9 8
11 44
23 32
23 79
30 39
18 2
63 53
5 19
73 60
63 74
30 85
12 4
11 42
98 32
44 54
62 10
21 38
40 64
89 51
61 50
36 97
46 27
74 15
16 49
77 86
86 75
27 61
91 12
4 52
23 50
26 10
92 81
81 36
64 51
1 3
27 6
20 20
97 4
13 26
69 51
33 94
82 14
82 13
71 20
2 82
47 66
66 45
60 1
88 73
12 70
40 55
27 41
22 81
2 30
34 77
94 96
20 15
8 97
16 5
91 48
24 44
86 45
22 83
39 56
83 83
94 57
68 58
93 74
6 44
68 90
83 23
25 53
60 93
93 18
49 55
9 74
14 45
13 96
51 91
73 84
77 80
76 77
81 70
9 35
2 95
78 18
63 33
93 44
64 32
31 96
72 14
92 93
60 14
80 60
89 35
7 27
55 62
69 1
55 75
21 12
91 41
9 21
24 87
63 78
70 48
8 49
40 76
22 35
22 85
81 94
45 92
96 38
43 37
0 39
35 31
4 20
25 89
51 2
44 53
89 3
9 4
17 73
6 26
14 33
11 65
66 90
54 6
13 97
58 26
21 3
37 95
89 84
98 76
24 62
45 33
97 21
36 87
60 16
32 97
40 98
47 47
40 93
66 12
24 51
65 15
84 14
59 62
87 3
0 60
87 8
44 12
0 91
47 36
5 25
57 57
74 69
80 93
61 26
93 88
0 71
8 48
27 47
4 87
68 14
34 12
84 56
52 88
42 10
93 77
16 74
76 55
3 17
80 71
13 10
94 84
41 96
36 29
1 55
48 64
24 57
69 98
29 5
54 39
47 65
24 15
46 22
96 89
40 18
28 28
86 55
32 23
12 6
21 82
77 29
64 23
55 30
44 79
48 75
59 5
74 22
21 51
58 46
21 16
88 15
77 89
77 6
80 9
55 8
56 91
35 50
82 68
92 9
15 14
69 90
56 53
87 30
73 91
66 11
73 37
71 9
17 24
42 11
53 48
98 13
54 98
35 77
70 91
46 21
14 87
90 31
39 42
19 5
61 95
38 75
46 56
35 3
78 24
86 85
90 78
42 71
72 84
82 12
78 81
17 3
30 23
60 76
86 1
13 92
50 45
27 2
92 46
48 38
20 9
46 61
46 36
27 54
62 70
17 61
22 45
67 85
91 98
83 37
21 22
10 70
58 76
20 45
89 83
43 64
47 2
81 71
47 33
42 9
10 78
40 87
95 54
12 64
54 52
68 95
46 58
57 42
72 47
40 51
27 97
32 69
89 40
81 73
53 71
79 81
52 90
39 44
0 18
44 55
87 55
23 70
47 27
72 39
85 75
74 87
62 25
59 80
95 58
61 66
21 24
39 10
85 66
11 3
53 67
16 84
23 97
89 56
87 45
1 71
75 85
73 18
48 40
32 9
61 25
54 82
40 3
9 20
98 9
75 20
74 17
33 87
37 79
67 30
66 80
73 12
54 77
29 85
2 58
52 45
72 19
43 66
85 89
95 19
70 38
83 26
67 33
26 34
83 70
59 10
45 32
25 98
66 35
96 40
29 43
81 92
60 50
55 95
63 13
48 13
35 2
98 23
71 66
31 65
94 36
51 66
90 58
41 41
1 60
12 17
7 25
35 21
13 40
74 90
61 75
88 68
57 14
51 33
54 50
66 3
28 29
69 78
25 20
21 20
39 49
92 70
87 41
85 82
68 43
15 55
22 16
8 47
14 84
3 67
46 71
44 67
52 66
59 34
63 58
80 62
59 55
87 53
15 90
71 10
94 90
32 95
7 52
43 29
38 92
71 78
76 3
5 67
9 9
44 25
49 32
42 27
32 24
67 93
37 58
92 44
36 49
23 28
85 39
64 19
34 22
65 6
48 34
93 46
67 82
80 8
8 75
23 84
41 48
86 78
79 26
75 22
59 86
34 2
49 46
77 85
82 93
83 95
98 95
3 25
9 72
24 1
86 14
52 69
3 69
16 75
9 13
71 55
85 57
31 3
79 28
26 60
85 91
78 14
33 47
39 84
84 63
63 83
62 96
33 29
36 84
84 77
88 32
29 73
29 74
83 81
16 22
54 41
74 33
93 75
27 27
57 53
13 15
33 98
6 54
94 42
36 59
54 19
3 53
20 35
2 80
47 42
14 41
37 87
89 59
41 45
98 82
8 66
94 67
74 52
94 44
35 6
25 83
42 26
58 12
9 85
61 24
10 10
78 82
44 96
93 35
78 46
77 82
30 49
18 45
54 20
18 22
55 55
53 58
51 3
77 0
33 82
50 17
94 0
21 44
21 92
18 40
52 0
78 50
78 62
56 71
8 23
21 73
38 91
54 14
92 87
93 72
14 26
14 14
75 76
81 83
62 93
70 54
75 74
36 47
50 80
20 19
46 47
14 22
11 37
75 72
77 93
45 56
13 42
77 75
23 51
20 33
72 79
80 56
33 60
61 21
97 48
49 10
22 93
48 31
34 97
86 95
42 98
29 47
34 80
60 23
21 14
50 74
42 64
75 28
44 95
91 24
35 38
55 3
61 55
63 3
94 3
59 66
70 37
86 4
38 35
15 87
36 79
41 93
34 50
21 56
50 15
35 49
64 78
42 42
22 15
85 3
89 10
70 21
48 4
92 55
11 57
48 66
60 5
50 7
56 43
63 89
65 59
13 24
6 60
6 75
7 4
15 54
29 45
56 29
2 86
81 27
73 28
88 82
17 64
3 41
49 3
30 47
65 49
39 53
68 31
8 28
33 45
68 6
16 55
76 41
21 83
34 43
55 90
71 70
78 54
55 73
67 57
46 33
98 8
28 93
2 50
37 68
79 94
65 7
64 76
95 44
16 4
18 35
87 44
31 77
21 7
89 45
14 55
95 13
40 69
40 29
20 54
54 10
84 74
82 85
61 14
22 77
31 75
33 27
70 22
20 92
33 97
91 5
53 91
55 74
13 11
2 93
44 49
61 98
17 31
91 7
3 84
34 20
62 67
37 96
78 25
49 81
13 46
97 15
88 50
9 24
28 11
74 84
94 46
24 63
44 80
79 52
78 96
45 5
19 34
17 32
54 24
26 66
49 5
32 48
49 29
4 53
54 46
58 18
33 4
80 3
14 58
54 30
10 66
67 78
41 4
80 78
29 83
79 49
91 32
66 36
37 50
41 89
40 49
28 69
80 15
94 13
47 9
43 35
32 27
47 25
40 7
17 42
9 87
67 11
25 23
55 36
50 35
55 1
4 50
64 37
25 21
50 2
52 89
46 52
66 63
40 28
11 34
17 9
66 98
45 74
72 17
67 49
54 22
86 3
81 34
47 58
35 86
98 7
94 89
19 9
14 9
14 47
95 45
7 13
19 91
52 68
95 46
81 87
26 29
20 83
28 63
9 81
29 18
54 60
39 92
75 11
6 65
16 47
34 49
63 66
90 68
3 54
32 37
3 74
13 84
23 24
19 37
85 59
75 53
49 68
75 31
61 37
31 69
33 88
50 41
7 44
9 64
40 47
21 49
9 42
40 48
60 30
33 73
66 89
33 30
53 87
90 24
75 77
37 85
56 88
12 50
65 91
87 47
2 17
5 6
61 44
90 25
0 75
78 48
55 70
69 82
62 13
71 67
10 22
69 54
16 92
96 71
46 66
13 91
92 76
70 63
90 79
88 54
32 93
27 57
25 29
20 81
51 35
82 89
55 76
52 48
92 56
83 53
23 20
19 86
28 3
80 89
91 64
88 79
65 79
49 74
66 92
11 4
76 95
20 79
26 11
97 80
69 44
54 85
57 43
44 1
74 36
50 77
59 91
23 75
9 73
93 63
46 7
87 22
97 70
85 12
82 96
25 15
50 14
63 20
14 96
96 79
1 47
66 22
58 14
31 63
1 64
77 34
76 13
29 12
89 42
72 35
90 76
81 62
43 72
89 29
6 82
83 93
75 17
88 47
38 47
10 26
74 93
77 10
78 41
86 80
56 41
76 67
78 16
85 41
18 65
74 18
49 24
50 73
93 17
61 70
30 50
11 20
20 50
74 12
49 70
62 33
10 3
64 17
4 56
82 53
87 86
36 43
49 6
82 32
43 26
22 58
69 91
6 30
23 33
20 87
98 67
85 63
46 26
66 32
89 12
31 37
63 45
90 70
45 91
36 9
32 7
86 34
19 25
43 42
51 30
51 40
79 93
37 31
59 59
65 57
2 67
35 84
42 12
10 11
89 75
28 89
56 40
9 67
82 9
38 12
13 27
94 98
59 70
32 77
25 26
98 64
9 2
16 83
7 34
31 23
58 69
52 8
70 68
41 74
41 85
32 74
3 7
71 73
28 16
60 4
45 19
55 29
44 90
15 7
63 65
45 18
97 3
19 3
45 58
40 74
17 5
25 61
30 86
55 1
11 45
10 75
93 66
36 90
4 4
27 5
62 52
72 76
70 17
12 21
56 81
30 66
29 24
98 87
7 93
55 57
41 51
55 71
84 4
36 94
27 21
67 89
74 39
11 68
95 40
42 16
64 8
65 77
34 6
45 94
72 4
7 19
53 90
34 3
31 74
9 28
16 62
39 52
7 22
73 22
81 18
47 56
23 41
89 70
87 25
85 54
95 80
2 8
76 48
2 6
82 74
9 1
54 70
98 26
85 26
89 5
54 63
41 49
33 9
18 39
6 91
32 33
0 12
11 38
41 55
80 57
12 72
66 88
92 63
67 44
38 22
35 52
48 42
70 85
8 51
28 36
26 14
9 57
51 69
85 64
22 72
33 36
86 26
87 14
19 22
20 42
93 93
46 91
30 27
74 19
48 60
29 55
8 16
91 3
8 89
98 58
92 98
37 60
3 21
9 77
91 43
85 4
70 44
68 70
30 43
91 26
31 43
67 19
61 78
94 35
11 9
82 7
37 9
77 59
25 19
11 43
62 15
35 71
78 20
47 30
46 48
46 30
96 54
89 17
1 37
41 13
20 34
23 68
19 8
40 58
74 10
76 84
94 11
15 40
58 7
87 98
69 10
1 21
67 34
65 4
49 42
89 4
77 27
32 32
97 74
72 29
16 36
51 16
8 6
24 96
43 65
36 78
61 72
35 51
63 39
30 48
40 89
5 45
76 23
70 81
65 82
15 5
26 7
31 86
69 60
71 81
67 60
5 94
92 23
35 60
64 47
68 82
77 23
59 96
84 81
55 86
81 24
82 57
97 81
92 21
68 42
81 96
8 45
75 15
43 9
47 68
61 68
56 42
32 58
91 97
96 72
12 10
71 96
66 79
28 23
5 43
31 81
6 43
8 14
33 66
68 19
67 91
81 44
34 65
2 57
50 54
96 0
25 80
28 59
47 28
27 10
88 18
95 79
22 44
0 5
44 92
5 73
74 35
10 1
93 3
11 63
17 75
71 43
69 16
16 54
89 33
41 21
94 54
86 57
97 7
66 41
27 72
33 78
71 21
5 46
59 38
37 8
80 74
49 47
56 2
38 24
28 48
90 80
70 8
16 44
32 85
8 85
3 40
94 94
5 30
82 38
8 35
8 84
83 11
48 48
46 1
41 10
66 26
0 92
60 49
87 88
39 36
49 45
1 72
68 53
24 49
16 19
80 46
51 1
45 79
13 13
73 10
64 62
41 35
60 51
61 23
64 97
70 35
3 27
48 25
62 45
68 26
12 41
69 95
69 23
51 49
98 37
6 8
63 32
65 48
82 82
83 60
88 56
16 40
61 59
42 17
89 38
74 59
22 76
64 78
77 9
66 84
23 21
71 14
22 29
3 24
47 12
10 43
15 44
95 6
69 31
38 31
16 14
12 87
12 90
18 78
82 60
58 6
41 22
4 70
68 48
60 68
95 3
65 51
41 65
13 80
32 36
29 81
74 10
26 9
49 27
89 43
64 61
63 51
60 94
88 72
86 56
39 68
75 90
60 79
33 2
89 50
58 36
74 16
91 85
76 38
24 90
64 75
54 75
38 34
33 25
40 11
78 45
58 77
70 6
61 86
94 32
0 56
40 22
37 71
11 36
49 44
37 7
67 53
19 41
83 3
65 89
39 82
2 76
69 79
45 1
71 62
5 95
68 27
63 52
52 73
76 34
33 85
56 1
7 72
86 79
37 69
40 62
67 80
2 83
59 79
61 84
33 7
15 24
56 62
20 4
66 2
4 28
66 1
29 62
62 26
10 14
32 46
88 8
76 6
88 48
89 41
93 5
57 87
16 94
77 21
42 63
46 83
55 93
97 91
24 11
51 6
56 8
35 11
26 98
6 6
81 35
29 77
95 51
78 9
68 89
56 7
25 18
78 30
61 58
27 96
93 0
69 24
14 35
67 6
10 72
69 62
93 59
48 96
67 2
62 56
88 7
49 38
95 33
22 49
50 31
50 32
10 77
73 0
72 62
18 8
18 84
19 52
73 76
91 25
74 98
61 1
6 88
20 23
87 97
68 16
75 48
60 46
41 57
73 23
54 47
2 84
53 40
7 26
81 85
67 55
58 56
83 36
87 7
35 14
78 87
51 20
92 62
5 39
54 43
87 72
15 92
68 78
67 48
85 72
6 16
60 77
74 13
39 15
57 15
77 64
58 45
16 30
89 31
50 97
65 70
60 58
40 34
55 61
78 61
12 84
12 55
61 85
56 87
35 90
4 73
6 62
8 5
86 59
70 4
58 89
68 83
73 48
25 17
63 93
24 2
11 5
45 27
53 50
44 89
53 45
11 23
54 74
24 14
97 47
43 63
10 64
6 19
29 79
10 39
55 38
62 53
12 37
30 29
63 37
89 25
45 32
43 4
45 13
13 54
38 97
17 37
66 50
44 97
36 32
38 70
56 35
0 45
60 3
70 15
59 9
1 45
11 16
86 98
63 88
39 4
9 86
42 47
59 17
40 68
71 71
12 54
43 56
52 27
4 57
2 28
12 25
20 8
63 60
60 74
25 32
84 78
92 49
75 32
75 65
24 56
63 72
41 64
93 13
0 1
80 49
21 81
61 42
9 11
77 2
51 74
66 83
38 64
7 92
81 75
68 60
19 51
23 55
48 24
16 60
45 31
4 83
41 18
77 25
92 39
82 6
68 5
44 76
85 74
90 49
82 43
22 56
73 79
59 65
24 50
11 11
43 75
18 98
4 66
7 62
70 65
26 59
49 97
62 97
18 28
22 8
87 42
85 28
45 65
28 30
87 15
46 9
38 6
9 3
59 3
36 76
14 30
25 64
77 90
93 89
54 57
92 13
46 97
69 6
78 53
15 95
62 94
55 92
15 76
68 23
44 40
36 63
6 70
81 43
98 90
77 55
69 2
8 63
62 73
31 24
79 71
70 77
51 45
19 10
22 0
1 95
85 36
16 24
92 12
27 64
75 45
9 39
79 77
94 72
14 19
44 47
87 57
80 6
68 72
98 11
96 52
96 7
77 24
23 69
93 78
82 37
23 62
91 1
87 26
57 69
81 93
37 15
28 34
56 45
96 95
48 5
2 49
57 74
79 34
65 38
23 63
13 81
19 2
76 15
0 98
61 36
52 3
3 59
57 61
62 91
98 66
97 2
10 61
48 62
43 8
62 83
13 4
23 92
81 63
61 43
55 21
71 97
54 55
54 79
26 18
13 72
67 12
34 21
52 7
37 46
24 67
33 80
44 65
18 43
27 8
13 53
72 25
74 74
55 48
68 77
24 54
38 95
85 24
68 42
57 51
12 47
32 82
32 45
81 57
64 87
81 89
2 51
86 64
63 44
25 76
39 20
63 55
60 70
25 13
44 63
96 70
55 47
82 4
71 46
87 2
53 49
1 69
54 94
19 87
96 83
26 8
1 90
81 59
47 70
34 46
15 94
68 25
21 76
28 33
13 73
40 36
17 68
94 20
41 79
52 46
23 25
76 66
31 28
91 78
71 54
75 7
11 78
21 53
46 98
61 39
25 43
67 25
19 4
26 2
65 17
93 55
82 63
7 94
77 54
42 35
71 74
73 39
14 81
56 89
32 54
37 5
86 87
25 60
28 56
47 43
54 15
51 0
26 35
97 38
33 89
80 82
51 88
82 5
92 60
82 64
24 71
21 80
96 78
8 27
76 75
70 2
11 88
74 85
6 93
61 2
20 31
19 42
64 71
8 88
52 2
80 26
49 25
22 90
97 9
50 25
91 21
79 63
84 27
55 88
92 54
59 90
10 16
51 68
53 68
76 22
82 25
85 34
79 80
83 41
72 15
45 70
69 17
16 82
62 74
45 3
10 13
66 64
46 59
15 45
64 35
83 68
15 77
52 4
64 43
16 93
24 95
88 40
55 19
43 21
94 64
94 41
4 74
9 96
45 45
56 55
95 96
22 28
21 26
65 86
47 50
7 53
6 48
23 95
4 21
94 69
81 74
43 58
65 19
28 71
80 51
3 93
22 57
39 85
40 57
21 25
95 5
44 98
15 88
40 86
83 7
69 94
42 48
83 2
68 7
94 73
24 91
22 97
84 26
88 46
72 54
55 89
46 19
12 5
27 16
19 38
5 82
87 43
8 50
89 64
69 53
41 25
20 13
25 3
23 52
32 83
75 44
18 10
93 39
35 1
10 86
42 53
32 56
32 67
61 69
79 42
34 16
66 0
62 86
90 87
37 25
49 98
30 63
54 95
2 64
82 10
23 38
23 65
50 16
36 10
44 36
79 21
42 54
19 54
13 71
4 72
18 9
75 14
31 79
44 37
74 65
22 53
51 46
72 71
29 7
13 32
43 22
48 16
23 31
66 10
84 82
75 78
66 85
23 67
58 78
66 97
64 49
17 35
77 71
35 94
83 29
71 51
89 26
71 77
60 66
88 59
35 59
22 78
39 29
33 40
78 44
52 53
20 37
25 67
81 95
89 44
90 18
51 19
11 62
58 73
39 66
87 36
18 29
86 5
74 48
2 27
74 81
63 61
96 37
42 19
59 78
79 75
23 93
53 51
22 59
62 41
46 29
48 36
38 7
58 71
4 16
13 18
73 11
5 23
80 73
73 24
46 6
23 34
65 5
74 83
26 36
56 37
72 55
18 44
24 94
95 79
95 35
38 48
44 5
59 44
71 5
39 98
29 33
16 18
5 57
35 12
3 58
4 27
5 69
85 95
70 0
12 91
64 21
52 14
86 7
28 80
43 76
95 98
58 1
91 71
62 21
74 32
84 3
23 39
25 74
92 32
25 69
56 25
29 59
78 13
37 24
91 37
54 68
51 82
96 48
42 24
14 10
91 69
75 27
36 89
50 69
53 4
64 39
69 48
20 86
80 29
72 96
14 16
43 20
25 35
53 2
89 18
12 83
9 78
80 50
47 32
37 64
18 15
17 85
24 73
1 23
70 14
22 21
75 46
6 39
45 26
22 60
13 75
33 44
50 62
51 65
21 41
59 33
68 15
76 71
27 14
19 47
48 22
93 22
34 17
8 56
91 66
39 32
93 58
5 22
65 88
54 69
71 65
80 23
82 79
34 87
2 56
45 9
93 6
14 44
56 31
40 96
47 16
13 23
82 34
14 92
54 18
90 12
2 42
82 24
75 89
55 31
9 63
1 91
80 2
43 70
15 19
31 67
70 28
40 82
61 10
38 5
33 3
64 38
45 23
25 56
94 76
89 67
30 92
87 9
64 13
20 29
4 59
82 29
10 73
88 42
46 67
31 88
53 66
17 50
29 96
95 20
52 59
73 50
71 64
18 32
5 80
54 32
27 92
48 12
81 60
56 38
64 18
23 66
3 46
14 34
43 53
20 94
7 46
28 15
55 49
5 66
18 74
48 55
85 40
33 86
87 84
24 23
69 36
87 6
19 28
82 54
1 29
30 87
5 86
6 59
88 74
36 44
50 75
10 12
43 85
29 16
41 28
7 48
92 1
63 12
19 30
45 81
75 12
70 16
79 16
76 35
23 65
67 76
56 0
91 79
86 84
65 39
40 4
37 39
84 13
72 51
1 17
65 43
86 63
79 32
37 70
28 7
45 89
2 96
97 71
45 64
50 3
15 4
3 97
52 15
30 74
23 1
60 56
58 39
4 8
13 28
57 9
30 90
34 86
48 98
52 19
65 71
6 4
32 2
42 58
15 58
6 94
6 64
82 42
18 17
91 67
83 5
21 47
77 62
36 75
58 2
29 8
21 13
9 44
28 20
32 88
45 49
24 64
90 29
43 88
65 58
1 81
37 59
58 66
19 72
17 46
89 39
10 83
90 32
93 9
55 40
66 8
69 47
10 47
79 20
32 73
5 49
84 38
39 40
55 0
59 72
74 11
15 9
89 79
36 80
98 80
62 68
44 81
29 31
63 10
89 19
44 85
77 73
90 82
83 87
94 58
35 82
36 41
21 35
68 17
3 6
64 69
35 89
82 20
76 58
50 65
50 53
75 26
68 18
76 59
11 87
15 59
57 95
49 63
12 62
98 69
88 78
38 96
8 29
70 5
38 58
35 72
91 91
61 64
31 27
71 50
33 28
12 2
51 93
85 45
38 57
94 82
88 75
29 11
65 63
22 23
88 44
67 35
22 19
57 56
87 67
79 18
28 27
57 84
98 85
54 87
27 45
17 41
10 97
14 82
90 59
78 57
41 11
29 6
8 18
54 12
52 18
73 56
80 98
40 61
80 30
56 23
18 49
71 48
85 92
60 37
2 94
5 28
49 89
73 85
54 61
81 20
4 55
72 13
89 92
68 92
83 57
88 10
20 41
67 88
76 42
20 93
52 34
81 26
22 26
14 88
42 76
92 66
54 8
41 91
1 79
69 57
95 56
80 67
14 12
31 57
34 72
81 42
58 50
73 40
63 15
19 92
80 31
14 18
57 35
56 80
61 51
20 73
27 49
38 72
22 68
50 40
37 42
1 30
82 26
45 95
9 71
35 24
1 96
23 42
38 8
5 84
67 84
23 88
12 13
8 21
30 52
93 96
96 2
3 98
65 62
54 54
80 42
72 3
74 31
83 30
64 94
15 52
2 98
32 65
96 68
62 61
76 96
21 28
61 73
39 3
23 90
69 80
38 69
93 73
15 98
1 41
22 75
35 22
75 59
33 20
80 52
97 30
9 69
96 74
61 65
53 85
29 49
75 13
7 18
64 77
17 30
17 40
46 82
55 43
82 91
33 6
94 47
97 83
78 49
8 43
1 6
74 95
47 83
77 39
76 44
71 22
98 74
42 41
93 24
56 16
65 97
33 59
55 26
17 62
46 95
34 89
36 50
21 43
42 91
72 68
14 71
36 86
71 61
82 35
38 71
51 54
50 88
74 66
64 10
18 18
88 65
39 89
13 57
46 31
57 54
13 79
73 62
90 95
14 72
95 71
37 33
84 84
32 68
83 84
38 68
76 21
57 64
90 55
92 88
64 34
74 61
18 5
56 9
55 46
32 39
38 15
3 10
0 80
45 21
18 88
50 42
36 48
80 75
2 48
44 71
83 79
29 37
51 9
9 0
87 4
78 67
88 88
82 40
25 36
93 54
0 97
56 58
79 7
74 23
70 24
97 23
62 12
64 35
85 33
30 71
4 13
47 44
38 39
43 34
20 7
90 93
23 96
52 63
30 38
91 34
60 0
64 5
86 76
79 95
89 2
37 84
88 12
18 90
3 82
25 52
87 73
48 9
17 8
91 18
98 47
49 33
14 0
38 55
7 64
8 10
58 34
42 5
11 15
43 57
22 98
88 6
57 17
4 95
23 47
30 45
66 69
18 66
51 32
73 74
9 66
72 90
91 16
23 29
24 93
62 51
74 30
11 2
15 35
42 97
48 74
14 77
32 72
31 91
92 79
44 48
59 84
76 49
93 56
61 56
35 47
81 49
82 19
7 59
3 95
46 72
43 10
41 6
15 3
8 17
67 69
71 34
47 37
83 63
15 1
59 48
54 93
38 79
47 52
37 61
82 92
41 59
48 33
67 90
93 91
56 66
92 20
60 57
36 33
55 79
39 33
83 56
15 18
66 19
66 60
59 0
53 8
15 12
93 67
46 44
67 87
6 83
46 53
62 79
18 19
90 19
94 2
76 89
90 89
60 34
53 11
30 20
9 43
27 53
49 52
13 50
16 52
90 88
29 48
25 33
75 83
82 56
85 5
73 72
54 59
71 90
90 30
43 11
87 54
1 89
58 19
93 33
55 96
25 8
6 27
1 63
14 42
80 96
76 46
61 60
21 15
86 38
68 91
6 51
50 78
83 77
57 63
26 72
37 92
29 93
84 60
78 59
25 28
17 58
12 56
10 63
72 49
13 95
65 16
52 33
65 86
44 64
97 13
63 75
76 0
92 43
45 73
79 36
95 39
11 0
80 95
46 89
19 12
31 95
20 76
85 10
19 11
94 30
83 10
84 76
3 51
29 2
21 18
26 56
91 80
77 41
21 5
3 23
60 84
86 25
45 6
97 0
20 21
91 70
14 93
63 57
70 9
19 84
9 61
73 66
94 91
78 85
24 88
89 73
73 2
26 69
21 69
42 38
16 78
77 83
21 72
90 45
79 83
10 52
19 13
27 63
53 30
73 47
45 98
31 4
93 65
42 90
81 78
56 59
22 36
70 78
47 24
34 76
86 42
11 12
42 50
56 90
21 79
90 3
20 32
13 8
71 70
96 4
70 31
41 62
36 53
17 43
79 37
24 26
63 94
1 10
52 70
75 96
87 21
73 51
35 69
63 7
45 54
26 32
87 78
30 62
88 95
53 53
92 45
76 50
24 84
50 89
11 27
25 30
73 86
65 46
70 61
38 2
34 8
34 75
54 97
79 22
29 32
55 18
22 33
93 11
86 65
98 15
60 32
61 90
36 8
53 21
48 39
48 7
5 15
97 73
21 9
51 38
26 62
88 25
55 10
27 51
51 29
18 3
62 55
55 17
62 22
52 5
23 27
62 49
9 95
35 62
32 35
68 56
20 27
96 49
73 87
41 12
30 12
18 82
47 55
64 93
52 38
1 2
47 21
66 42
29 44
52 28
49 77
73 21
77 14
11 54
38 65
42 82
36 91
67 42
63 22
28 83
61 77
24 16
21 0
53 94
5 40
25 37
77 81
33 22
60 38
60 26
32 25
81 14
17 67
56 17
44 73
40 46
47 49
3 52
85 7
81 58
81 6
79 69
70 1
40 60
82 18
96 16
29 10
17 38
75 19
20 77
89 36
17 34
76 86
53 5
58 70
55 50
24 24
31 34
43 89
78 52
34 84
72 8
38 51
8 15
34 34
91 55
76 74
56 3
5 3
0 37
74 40
69 25
59 23
91 37
31 55
36 70
42 18
16 61
14 37
63 46
34 58
23 78
88 80
1 18
66 39
72 93
9 5
5 27
98 55
65 52
71 39
7 66
62 69
47 51
74 72
84 98
9 78
76 53
93 57
20 51
32 34
43 68
72 97
76 7
25 2
56 93
57 25
88 19
56 63
22 31
69 49
25 5
34 79
85 97
56 85
71 80
63 86
67 47
24 74
39 11
82 48
19 29
7 75
75 50
33 33
58 90
24 41
85 30
46 25
59 12
87 50
96 87
36 12
63 7
44 20
72 77
46 46
11 93
26 81
71 45
0 94
50 79
35 88
53 20
71 44
24 60
40 53
16 45
30 93
66 49
57 18
36 39
73 71
84 64
18 58
31 45
85 52
16 76
75 35
21 36
72 57
14 11
94 59
27 34
61 62
67 59
15 80
93 92
87 75
32 4
80 94
39 43
53 6
57 0
6 29
85 42
93 87
6 7
88 60
38 32
96 66
58 43
88 11
39 13
6 89
81 45
44 68
47 41
10 0
94 80
31 80
34 28
16 77
40 77
57 92
44 78
85 83
93 81
73 4
94 74
24 25
63 85
90 71
23 26
69 28
23 22
31 68
30 28
50 83
67 92
47 81
32 40
28 77
8 46
95 53
8 85
59 40
59 37
91 39
72 74
83 39
1 40
11 7
22 84
24 72
93 95
35 32
93 69
12 53
75 58
86 90
67 5
20 84
16 43
20 44
15 42
12 57
63 80
46 45
95 21
46 49
35 61
89 66
42 72
57 22
0 79
25 68
24 83
13 93
30 95
78 37
57 23
85 79
5 5
77 7
28 45
18 51
43 51
62 46
15 13
2 39
70 51
56 21
81 3
27 11
34 92
47 35
90 81
65 56
14 57
40 5
3 88
34 44
44 23
88 17
92 48
35 33
41 87
32 8
96 19
85 35
59 15
42 8
2 66
10 65
47 97
75 81
39 57
81 77
17 60
39 50
83 42
91 33
8 86
30 46
71 89
60 24
74 8
65 20
39 94
19 48
76 43
20 24
15 96
93 4
86 32
97 26
1 77
80 81
76 24
95 59
39 51
22 27
92 2
58 22
0 54
96 39
19 82
4 79
39 25
68 97
50 71
89 11
85 11
21 70
57 50
5 50
21 30
43 41
59 22
90 9
12 65
18 41
78 40
18 31
36 72
92 47
34 29
59 1
8 80
19 65
88 45
29 80
56 56
53 14
38 36
75 43
70 88
3 8
9 83
97 17
40 19
16 68
42 66
75 61
6 31
7 21
73 49
26 88
24 36
78 21
37 75
6 81
95 81
21 33
64 57
4 88
34 47
65 21
83 97
94 37
84 30
79 53
23 35
86 47
34 40
87 87
82 87
44 75
57 91
53 92
39 5
67 63
86 97
97 82
58 25
69 40
68 33
87 34
60 6
65 14
47 0
3 14
52 24
33 10
55 85
96 13
66 27
69 12
59 75
42 93
6 57
1 15
90 4
7 91
75 82
29 95
70 12
0 76
19 6
87 38
43 19
82 11
68 45
94 55
56 76
25 96
62 32
24 3
6 84
80 16
2 97
49 54
73 14
1 74
13 43
52 77
29 68
74 60
48 70
91 89
45 38
14 2
47 60
31 62
26 41
84 57
38 25
90 94
91 9
0 89
2 14
7 70
79 82
29 13
34 85
72 63
8 22
28 2
10 28
65 75
77 17
40 9
23 83
4 78
1 32
33 95
9 14
10 96
48 26
44 13
58 67
84 96
64 53
41 47
71 72
42 15
65 72
78 55
53 47
2 43
17 87
23 94
94 48
2 54
95 4
92 33
71 6
71 47
44 29
49 83
58 95
96 58
34 14
32 79
84 42
59 26
0 74
18 12
0 72
22 88
38 50
8 98
89 46
86 91
70 73
71 32
69 97
87 48
27 70
85 96
33 52
15 47
60 36
97 24
57 82
88 2
5 65
38 90
1 87
70 42
13 55
26 95
85 1
90 1
53 81
55 25
66 78
91 83
78 17
20 55
46 32
29 29
37 54
48 35
2 92
63 14
56 6
58 63
96 67
25 59
14 36
23 82
70 21
3 78
25 10
95 8
98 21
0 35
7 88
76 29
9 30
15 97
81 52
67 28
60 73
3 5
44 41
27 12
86 40
6 22
43 67
37 11
74 20
34 94
73 16
19 79
8 64
15 43
11 1
22 30
89 8
89 52
42 45
30 72
52 84
45 30
93 98
22 52
22 47
21 42
90 42
19 15
22 79
55 81
49 53
48 27
98 65
67 20
3 56
55 58
11 61
44 38
10 9
9 16
29 84
5 29
9 58
30 76
62 76
19 49
56 82
93 53
9 65
53 7
33 84
52 86
48 29
56 57
17 25
57 89
78 23
12 95
76 47
86 27
29 35
79 29
58 41
77 8
15 21
13 19
37 97
22 70
50 76
81 23
48 71
6 18
50 6
20 6
41 17
89 62
20 74
62 27
30 1
15 82
88 84
52 72
20 69
15 34
24 89
98 57
3 73
3 68
58 52
95 78
83 90
71 28
72 6
59 7
95 57
29 76
90 66
35 74
31 87
35 7
10 68
44 56
18 24
98 84
47 29
95 16
1 76
60 11
4 93
97 95
81 82
28 68
4 26
40 75
55 32
15 46
39 91
87 65
62 77
16 11
89 69
17 88
13 17
83 62
19 32
82 73
84 89
29 23
41 44
48 69
54 91
85 84
62 42
33 19
90 41
89 60
33 65
47 15
83 61
88 33
1 61
58 65
55 39
87 10
66 16
36 7
8 62
91 42
28 61
74 71
15 39
24 75
26 17
49 50
38 42
65 29
23 59
18 73
94 1
33 48
68 84
53 63
70 41
7 57
90 10
88 41
21 66
17 81
18 11
90 64
69 55
7 33
94 15
51 17
58 47
14 53
53 57
52 23
52 16
77 28
95 74
80 22
49 40
39 55
54 56
35 44
92 89
5 51
96 97
12 7
75 80
98 10
0 61
82 86
71 57
49 9
40 32
1 22
98 83
66 53
44 21
11 18
33 91
38 40
58 16
80 66
95 64
6 74
58 3
85 8
49 69
74 57
88 77
51 55
94 79
97 54
18 89
89 80
94 9
78 73
60 54
63 1
74 42
46 78
23 3
56 47
24 4
85 85
2 63
1 53
85 56
17 16
92 95
33 92
28 70
79 46
56 22
60 21
64 20
62 11
26 5
96 98
26 91
56 51
19 16
0 4
81 65
77 68
3 50
80 38
64 60
75 66
54 78
24 21
40 27
93 43
60 31
0 55
42 70
1 83
65 44
30 77
54 88
25 72
79 12
88 24
28 92
97 58
52 50
3 60
97 22
55 66
34 18
28 32
4 69
26 68
79 9
39 96
48 53
84 41
58 48
34 73
64 26
11 46
83 45
84 7
78 12
68 79
71 13
2 74
45 24
98 77
60 65
48 52
64 6
40 91
69 81
77 51
26 16
17 20
90 56
33 93
0 31
96 12
5 44
95 15
25 84
6 66
81 51
60 67
14 56
17 63
32 87
54 3
65 36
87 39
53 75
75 30
86 15
26 44
76 1
76 37
33 55
64 52
38 9
31 73
13 14
16 67
45 41
49 79
68 36
9 41
90 17
10 95
54 90
58 23
15 26
35 45
84 90
85 9
6 85
18 30
58 11
98 1
91 14
2 78
8 7
93 38
5 4
56 20
24 58
7 40
90 26
64 89
27 91
63 4
23 81
25 16
4 86
36 74
19 36
45 57
25 66
56 5
34 33
98 12
59 83
40 92
37 4
32 94
91 57
54 45
5 64
93 83
47 69
70 36
48 56
80 45
64 50
77 38
3 77
45 78
23 30
39 22
53 54
81 22
49 13
71 63
72 18
78 88
33 96
95 12
70 79
65 8
39 39
85 49
36 25
22 91
95 90
94 22
75 38
41 30
75 71
78 35
63 18
17 48
11 59
72 48
65 96
76 2
23 87
57 81
69 61
23 73
42 37
24 55
89 54
44 4
27 56
80 32
73 1
60 64
82 33
33 81
84 83
52 6
6 86
67 32
2 73
53 44
0 83
49 61
53 65
49 72
91 76
39 8
24 80
19 66
87 82
22 66
18 34
31 72
15 8
10 19
13 16
50 91
92 61
12 23
4 22
43 54
68 11
29 87
47 6
26 80
46 38
22 54
38 85
15 48
41 92
79 19
78 47
47 10
71 87
1 82
34 82
21 55
73 53
56 18
76 25
74 94
11 81
7 67
22 94
20 46
39 83
79 31
73 58
9 12
66 29
81 9
76 8
10 59
2 79
94 23
50 49
0 41
7 79
26 82
6 5
95 91
37 49
47 46
48 68
8 20
95 52
4 65
4 5
83 12
91 63
93 90
55 56
5 91
95 67
22 20
1 44
79 87
38 98
70 72
60 51
96 82
94 78
76 94
2 72
57 3
88 35
75 51
83 4
69 58
39 59
72 56
57 36
83 91
84 36
94 70
81 97
74 38
67 4
5 70
50 34
12 1
31 92
7 51
84 11
60 42
69 5
7 43
48 54
60 62
80 4
96 53
14 48
53 0
29 30
29 70
77 50
60 59
68 12
59 21
22 4
36 77
42 36
93 14
58 21
14 43
77 63
78 63
94 68
26 37
64 79
35 16
14 54
68 30
33 72
37 62
55 33
69 19
62 48
40 15
64 0
56 24
28 79
57 21
51 67
57 75
16 79
83 20
90 50
67 39
78 74
71 3
40 24
52 78
22 5
4 30
79 59
33 79
23 4
62 90
90 97
28 13
89 71
55 72
39 54
55 51
40 20
33 16
60 28
19 74
94 65
78 36
35 13
75 54
91 29
2 16
70 3
81 41
43 18
72 70
67 1
72 85
2 55
11 25
68 94
3 83
82 52
5 8
58 80
72 7
36 71
94 87
38 73
62 44
11 13
6 15
96 46
8 72
82 69
15 22
76 64
21 67
61 22
52 40
82 88
88 81
22 48
7 8
32 29
79 44
28 38
18 60
34 26
93 45
48 77
9 80
49 41
19 21
37 72
3 9
34 78
77 46
64 98
63 71
75 39
6 32
7 15
46 79
39 34
83 52
86 8
48 83
33 17
61 45
80 27
17 66
8 87
39 72
59 93
68 57
10 74
77 45
32 47
27 26
52 49
53 3
79 43
45 55
1 5
43 74
90 16
95 23
93 37
45 10
20 25
12 18
80 61
64 64
54 21
45 4
5 89
48 80
70 19
48 61
86 58
96 41
78 94
56 92
67 0
35 25
50 24
19 7
53 46
80 14
80 64
70 33
63 59
74 24
92 84
30 65
40 72
94 75
32 75
56 19
41 24
22 82
35 5
63 95
98 25
20 38
86 66
86 0
67 37
56 50
62 62
71 56
80 65
74 91
13 47
10 45
90 2
37 53
8 67
81 88
33 43
23 8
10 80
78 77
32 66
52 65
68 34
73 13
71 68
14 6
44 88
79 86
94 62
32 84
37 37
31 25
29 66
53 97
61 16
74 51
92 22
4 67
36 60
33 24
56 54
44 42
59 71
34 4
79 85
63 50
57 29
86 88
20 12
24 85
31 36
52 58
75 95
32 78
17 49
67 58
68 40
3 63
29 78
49 88
35 10
37 74
3 49
7 35
66 4
46 35
18 47
45 2
41 46
83 81
44 26
30 51
8 41
77 36
56 7
57 37
82 94
70 66
31 94
58 51
36 93
76 39
4 23
77 84
70 69
56 34
28 96
42 57
66 17
57 11
42 73
1 27
61 76
1 7
11 98
55 68
1 56
14 46
17 22
23 10
76 85
84 67
27 73
65 22
24 20
0 88
6 25
85 29
33 31
23 90
11 8
59 58
0 36
92 67
93 36
30 69
38 4
57 2
62 39
89 15
0 16
21 93
9 70
88 61
32 89
73 83
78 32
68 4
25 25
7 86
37 65
28 66
91 19
60 60
26 71
9 15
96 47
94 49
66 25
49 43
66 9
36 26
29 72
22 55
58 13
84 53
20 43
67 7
94 33
60 15
9 94
52 61
65 11
68 24
80 44
28 24
14 38
56 69
82 71
82 75
86 86
80 36
64 70
2 4
53 56
93 70
51 37
72 9
1 98
80 33
90 38
12 42
21 91
98 45
84 65
68 49
38 52
96 90
68 44
7 49
87 35
65 37
74 58
95 48
76 36
64 36
84 37
25 7
94 92
87 66
57 1
66 93
47 34
66 6
76 93
5 54
73 69
61 57
94 88
40 16
35 98
92 14
91 30
85 80
80 86
81 50
47 5
4 15
41 98
40 44
23 54
81 38
2 22
29 54
61 46
8 83
50 13
41 97
79 35
8 81
44 10
12 71
33 83
31 89
84 85
25 54
30 70
52 21
70 34
12 0
42 85
49 14
56 73
88 16
46 64
86 10
24 79
50 33
47 4
17 47
94 81
42 21
84 61
65 64
6 95
22 6
24 82
68 9
1 39
65 32
60 90
77 43
49 82
55 23
20 90
96 43
86 96
5 16
96 23
67 61
36 92
48 11
29 65
78 69
36 31
78 80
47 48
16 16
90 37
27 88
41 50
64 58
18 13
29 98
10 94
79 58
41 16
93 7
68 41
45 66
48 6
24 32
28 95
19 97
65 10
64 90
32 30
15 20
49 64
30 8
95 34
79 78
75 41
86 54
77 15
18 14
29 61
30 36
47 23
49 65
73 57
34 71
51 98
40 8
85 81
94 4
71 60
42 6
75 24
14 49
12 49
95 22
26 58
82 78
14 20
12 26
38 33
68 69
86 81
20 17
90 5
91 93
32 96
42 6
91 17
55 69
70 92
87 5
50 29
90 54
21 39
70 71
48 1
96 8
32 3
32 55
37 86
3 87
53 61
55 20
39 27
46 55
44 91
16 85
35 73
35 87
41 32
64 1
77 67
5 55
67 9
68 39
6 12
6 17
45 36
25 51
28 47
92 94
17 53
30 75
84 17
46 90
43 97
51 90
55 67
59 73
25 63
12 26
29 21
20 85
57 49
72 11
76 26
74 82
54 58
27 20
93 62
13 77
17 90
91 27
55 5
21 52
91 15
58 54
32 10
77 40
11 96
67 41
78 98
82 45
47 61
12 3
57 58
42 68
75 18
48 44
53 15
53 15
96 15
79 84
8 65
39 67
9 40
45 67
78 76
43 73
X
97 39
20 5
71 19
73 19
74 28
83 54
54 17
13 77
84 79
87 74
54 44
43 73
62 35
56 11
1 54
47 80
46 87
70 95
94 56
10 79
49 64
97 5
5 17
55 20
59 64
40 66
15 0
52 85
13 77
50 29
10 41
95 0
90 54
97 1
28 47
22 67
19 55
12 3
75 63
98 68
42 68
27 3
27 93
54 86
24 77
82 55
28 76
66 66
2 23
44 22
80 7
70 90
43 87
49 87
64 15
12 40
84 10
X
77 61
74 67
76 63
14 78
86 30
88 14
37 38
92 35
62 50
90 57
83 88
7 17
61 79
42 28
23 40
87 76
71 98
58 28
92 74
17 39
2 31
16 17
4 29
42 56
64 1
92 91
83 88
7 23
2 32
63 54
31 98
49 8
6 47
52 47
23 57
93 31
45 39
29 56
53 39
31 56
73 20
26 33
10 35
78 98
89 72
86 83
58 20
59 24
27 3
61 53
69 56
22 67
34 57
19 35
90 57
14 17
53 69
62 43
24 45
30 36
52 36
32 3
90 65
71 31
72 50
45 53
59 43
28 88
51 77
83 86
44 91
26 6
94 24
62 89
63 54
85 61
42 29
6 24
16 91
41 20
56 11
22 11
41 8
18 86
51 39
37 86
38 63
21 54
95 24
31 32
89 13
80 85
22 80
98 91
30 22
65 61
44 87
81 29
96 81
42 28
49 4
26 33
36 61
37 30
64 46
16 13
75 24
45 77
35 63
60 48
50 44
59 18
73 82
59 64
20 85
7 7
57 39
90 27
95 83
38 87
68 39
57 97
29 56
86 73
6 52
95 70
6 47
24 76
27 94
48 65
57 97
40 17
68 1
84 10
58 27
78 28
64 74
65 18
0 38
59 73
73 82
90 39
14 17
X
X
35 85
34 91
59 18
52 36
28 26
74 27
24 77
33 75
69 65
48 41
56 52
75 23
91 11
31 56
57 28
0 90
41 27
32 70
59 53
72 50
91 77
7 42
19 35
53 15
31 82
16 13
63 91
34 27
57 49
90 57
56 48
33 57
2 21
2 7
38 41
25 63
50 44
25 9
92 80
X
50 4
72 72
92 97
51 77
33 75
86 30
32 10
76 26
77 95
4 51
81 16
38 83
69 56
51 98
52 87
72 1
70 94
80 68
89 61
96 81
X
66 33
28 26
80 70
45 80
30 8
75 24
3 86
73 52
21 77
27 15
67 83
8 70
69 77
17 17
57 67
59 47
79 13
94 83
78 27
24 42
25 40
33 56
X
76 90
20 70
14 95
32 3
98 0
94 43
4 29
X
17 17
91 75
79 78
38 59
9 40
53 25
51 51
26 31
27 3
53 60
86 51
51 62
45 48
49 87
46 70
26 96
31 78
61 11
41 34
37 86
21 58
48 1
72 36
9 56
94 6
19 18
37 30
38 41
30 36
44 94
70 67
81 16
87 33
35 23
80 58
87 13
X
84 6
16 73
26 67
58 44
91 15
62 20
4 51
62 65
98 6
47 80
78 27
48 65
47 95
10 7
7 63
X
32 31
86 83
48 82
2 21
83 69
65 18
71 18
46 75
3 4
98 27
72 69
62 18
89 61
78 93
93 31
68 0
92 94
20 85
26 83
77 13
14 27
53 88
7 17
54 80
49 8
X
58 54
37 43
88 14
53 24
22 69
81 67
51 5
10 35
37 30
39 30
90 5
10 5
93 76
64 33
51 85
36 42
70 92
96 64
2 31
9 62
90 54
1 43
19 1
80 85
40 8
57 97
50 98
62 65
1 80
73 82
64 27
86 51
61 79
85 6
74 53
83 86
16 85
37 44
46 12
18 52
86 31
25 85
40 45
52 56
43 30
34 66
92 80
89 72
92 41
31 38
20 5
65 53
27 18
7 17
1 54
15 79
84 25
28 88
41 26
22 67
23 76
72 50
57 58
54 86
49 35
36 96
21 46
18 33
21 6
33 5
61 53
90 69
21 6
98 30
91 93
55 94
71 4
80 58
14 13
60 9
52 47
23 13
59 97
65 65
4 58
37 29
48 1
58 20
25 82
35 78
42 22
20 70
49 65
1 12
85 55
51 52
26 58
70 90
38 41
85 58
22 74
33 11
2 32
50 36
3 87
72 75
58 27
77 94
28 53
86 31
23 57
86 30
37 44
79 13
86 13
8 65
96 64
67 9
88 55
78 28
67 10
14 78
10 15
94 83
91 52
47 72
72 20
15 78
33 13
17 77
68 38
24 68
7 58
40 66
11 39
15 78
25 62
2 88
82 39
93 10
78 93
14 79
85 48
65 80
69 0
7 87
93 76
92 35
63 42
4 91
30 3
74 28
17 21
80 87
57 31
84 6
66 33
53 25
31 78
71 31
67 9
73 36
97 1
7 58
93 31
73 57
53 39
65 80
7 23
50 48
61 13
92 92
74 5
78 93
71 60
31 38
30 80
30 30
89 77
5 18
90 54
49 36
90 6
87 76
18 46
80 85
27 1
78 28
57 8
60 48
90 5
63 67
55 69
45 67
53 15
32 71
1 80
60 47
84 24
22 80
80 53
64 74
31 70
83 94
95 24
5 18
69 65
77 61
12 8
21 27
17 77
88 36
57 41
61 53
48 50
32 70
66 81
4 29
83 27
47 23
25 81
43 45
86 11
48 50
6 17
2 88
46 87
2 23
19 1
65 61
50 8
60 52
58 38
26 58
59 47
83 28
7 50
87 56
41 27
72 64
95 83
47 77
59 13
88 36
40 66
22 92
62 43
7 47
65 90
84 25
76 4
86 81
49 96
49 64
94 6
1 43
27 20
74 82
X
80 68
47 77
29 60
0 90
33 11
28 18
72 21
28 21
92 37
67 97
72 75
42 20
21 75
65 34
53 86
28 76
16 13
80 19
70 20
65 84
17 33
86 60
78 76
7 14
91 27
84 79
34 27
14 13
51 5
71 76
40 66
22 74
25 31
16 17
85 87
78 26
68 69
37 38
68 0
65 90
87 13
98 68
16 17
98 30
37 30
68 29
96 44
60 48
37 66
75 18
61 53
41 88
33 46
44 87
73 57
50 98
53 39
51 57
1 12
35 78
51 57
57 19
1 38
83 69
26 30
50 28
47 61
40 83
37 45
24 76
52 71
83 94
53 43
37 10
95 22
18 53
28 47
95 70
82 55
97 29
91 28
87 5
71 98
26 61
8 70
42 86
X
95 73
31 82
27 20
0 38
41 88
48 50
38 83
75 29
12 3
10 42
25 81
61 83
92 41
57 97
60 40
77 37
50 48
X
76 63
69 65
50 4
72 23
40 13
3 32
66 59
31 48
77 40
46 94
50 51
46 70
12 40
8 11
33 13
27 1
7 63
52 52
68 98
28 76
44 39
72 1
53 74
41 86
35 85
20 82
53 76
95 73
3 86
88 62
73 20
56 48
74 28
69 22
42 56
57 28
71 15
50 8
16 73
58 28
85 60
90 69
2 7
92 74
5 79
39 35
92 31
16 91
61 5
6 12
45 53
47 23
7 71
46 90
70 47
24 68
45 67
37 94
20 91
5 17
12 8
49 28
47 95
91 77
25 9
8 74
84 79
88 55
7 71
17 65
85 58
49 2
94 31
34 51
89 96
57 39
86 36
83 54
37 23
59 94
74 27
86 11
93 8
73 52
11 33
7 12
39 31
40 17
62 36
83 27
8 11
67 41
38 33
67 97
68 10
14 17
17 90
56 77
67 77
71 76
21 74
40 6
43 30
26 61
21 21
87 56
75 79
59 43
4 91
17 65
76 26
53 74
73 52
25 12
51 51
94 21
31 48
78 42
77 13
69 4
59 2
38 33
80 28
25 62
5 42
59 2
93 80
26 24
57 96
9 40
30 30
68 98
70 94
90 44
57 67
X
53 25
36 37
90 23
36 24
34 15
86 2
66 76
53 76
17 33
17 10
92 59
31 98
62 18
60 27
17 77
38 63
73 36
85 6
21 10
59 94
0 2
38 59
75 79
57 31
45 96
48 81
96 17
44 70
41 86
55 5
93 62
54 44
18 53
78 84
81 67
44 70
94 21
54 80
3 32
67 83
65 65
91 8
53 43
34 57
79 50
60 9
22 69
67 50
94 31
87 74
58 38
96 44
92 59
86 11
72 28
59 11
67 10
64 95
37 23
71 19
49 28
35 63
80 85
88 34
30 22
96 44
50 0
5 88
69 11
26 90
85 55
62 35
86 2
63 67
88 36
59 97
14 79
51 75
53 24
91 8
X
83 66
98 68
33 38
68 10
66 37
63 35
92 97
1 84
39 30
76 90
69 93
9 62
60 44
17 33
36 61
94 43
82 27
29 56
57 41
40 59
77 95
70 95
63 90
60 27
49 2
90 23
27 18
89 61
56 60
57 8
5 42
60 47
17 10
46 55
10 42
95 42
46 90
82 78
87 79
21 27
X
64 15
93 8
88 62
62 18
87 37
56 48
21 74
51 39
21 10
65 95
41 67
7 12
96 59
80 7
28 43
77 48
4 7
39 31
75 79
63 90
X
84 25
67 41
59 13
41 20
56 52
13 22
23 13
90 27
80 53
7 14
7 50
92 94
85 58
5 79
79 55
21 52
54 58
73 26
37 29
64 46
80 19
53 89
38 54
39 95
79 50
19 14
53 88
44 94
32 71
21 77
38 83
51 4
77 67
X
57 39
24 68
91 17
93 31
10 7
7 7
30 3
72 75
79 55
62 20
56 60
54 11
59 18
64 33
32 31
46 94
98 30
30 25
52 85
47 8
72 23
83 28
51 75
78 95
64 27
38 59
62 20
48 44
92 16
15 30
91 8
71 59
69 14
65 95
20 91
54 11
80 68