10 51
30 93
45 21
43 77
92 84
77 50
51 17
79 83
4 14
67 1
34 3
84 53
89 95
80 64
96 69
55 95
40 63
83 63
7 43
96 40
38 55
37 73
81 76
1 7
58 12
9 39
67 84
63 96
X
31 88
87 1
98 11
33 74
85 78
60 65
33 26
35 33
24 89
7 83
81 56
8 71
X
83 19
60 67
66 46
69 24
83 14
29 6
0 37
18 29
77 68
50 85
84 4
98 15
66 61
55 8
15 22
61 66
73 60
69 91
40 36
23 79
X
57 42
23 81
77 27
83 7
89 3
11 79
60 72
23 53
38 57
87 48
15 89
63 22
75 52
88 25
18 90
6 26
78 78
71 28
66 69
8 15
24 48
27 61
88 82
75 55
91 91
70 78
98 37
62 39
28 62
11 44
73 21
91 51
33 88
46 26
X
73 39
82 19
55 29
31 86
75 78
77 54
81 48
97 48
77 35
3 88
91 30
17 49
96 98
15 45
39 34
58 4
58 17
68 59
63 53
52 90
1 21
96 65
64 28
78 56
95 91
76 48
52 46
87 45
59 41
95 52
2 28
57 11
81 87
54 69
54 55
34 40
46 82
72 65
57 71
92 79
89 93
41 5
82 21
67 76
2 69
18 85
52 15
19 47
31 44
35 48
53 93
23 69
35 17
88 5
22 18
67 33
78 53
24 84
60 91
69 9
62 98
42 21
6 48
19 76
6 30
63 87
7 25
67 58
48 67
0 40
17 81
1 16
52 63
11 41
33 85
8 23
85 49
28 78
12 6
55 90
22 8
22 25
85 96
45 26
65 78
19 39
39 89
62 37
9 22
5 28
20 97
42 77
83 15
91 80
0 82
33 36
25 54
68 21
65 12
56 88
50 2
4 80
91 96
86 4
75 22
77 9
18 8
32 93
14 7
6 38
44 97
5 92
64 52
22 15
36 87
94 66
37 87
31 43
97 89
80 77
20 57
33 58
74 92
97 22
53 23
12 97
50 30
68 82
72 67
2 16
19 91
93 75
18 18
48 37
49 16
42 87
66 80
62 83
76 71
35 94
53 53
2 49
2 20
24 40
44 89
50 77
6 31
18 83
24 32
33 24
74 3
78 61
27 71
80 2
64 21
28 46
60 39
74 54
43 66
40 25
77 26
49 13
16 24
59 10
47 21
14 44
62 33
47 56
45 72
13 92
15 1
41 23
90 70
73 10
57 51
56 13
30 6
50 88
12 17
95 9
6 75
81 25
52 57
26 41
58 89
79 18
28 69
50 97
39 12
39 36
79 32
66 4
50 31
14 15
45 4
96 13
X
13 70
7 41
22 12
42 73
28 94
9 70
11 57
36 91
54 89
47 26
64 13
39 66
15 39
69 47
24 36
46 80
25 30
34 38
8 82
76 0
96 54
47 48
68 57
68 4
40 87
69 1
68 24
56 37
32 73
12 84
37 72
22 68
96 37
33 78
34 18
65 43
31 81
75 65
59 69
90 18
X
86 72
34 2
65 69
11 42
83 43
44 90
23 29
28 87
93 88
59 34
61 84
73 93
40 51
38 42
94 93
26 69
18 42
57 1
59 62
41 97
69 61
16 20
26 13
15 41
54 47
14 2
89 27
34 24
66 12
93 74
20 35
75 76
79 74
33 84
19 42
82 13
51 3
14 80
54 78
41 60
36 79
53 8
39 50
77 91
62 11
36 90
90 50
14 94
16 6
67 2
7 56
1 97
79 43
60 20
49 37
29 86
54 66
9 67
32 26
35 71
21 4
80 44
35 29
73 35
79 73
33 2
90 43
96 58
60 45
16 15
19 74
4 54
88 49
61 60
51 47
21 73
38 58
36 34
81 20
35 38
63 75
46 30
49 54
85 53
2 17
87 38
46 52
19 66
98 85
2 83
85 42
49 29
7 37
80 95
21 53
41 48
5 83
71 20
69 60
87 83
80 63
60 2
83 25
64 76
84 82
57 54
77 58
40 20
58 78
87 97
35 70
44 75
8 72
7 88
45 65
74 40
90 83
94 49
93 77
71 49
37 57
27 91
71 78
75 13
86 85
63 59
79 39
91 46
89 18
28 29
59 70
80 32
80 50
5 6
97 73
2 78
67 55
21 79
86 26
29 7
8 73
76 15
23 92
72 70
12 79
46 37
28 5
2 56
41 66
59 5
28 25
28 96
72 62
84 30
64 90
39 42
53 30
82 64
61 75
2 98
88 59
87 66
74 94
20 13
42 10
29 78
72 25
19 49
3 9
61 51
36 92
17 37
22 90
38 7
83 73
14 18
1 2
94 81
69 10
23 94
7 15
32 48
38 70
81 33
89 69
90 10
19 50
86 7
19 5
26 91
33 16
92 70
91 70
98 75
14 71
61 68
45 23
66 1
69 25
86 25
51 76
43 47
94 12
95 56
41 65
24 66
23 26
10 62
37 33
1 3
59 22
38 74
47 7
29 14
8 89
26 56
89 44
60 61
32 29
84 61
81 38
48 30
47 10
19 23
5 93
13 24
28 77
43 51
98 20
16 36
74 71
61 94
60 83
31 85
63 44
75 54
94 42
76 75
76 55
44 77
92 93
85 22
85 40
15 44
52 21
31 65
74 96
43 85
94 8
74 90
96 2
81 61
8 48
23 1
56 12
44 69
62 60
37 9
45 59
37 5
61 64
58 11
20 93
95 13
81 0
22 81
8 6
44 95
82 50
9 57
91 88
70 49
42 85
15 82
40 50
20 53
0 34
6 43
73 92
18 10
51 29
25 97
68 88
89 83
20 31
96 73
17 7
47 70
17 59
41 93
37 11
10 17
97 20
67 62
12 83
61 4
37 47
12 88
77 82
44 46
22 58
27 74
63 1
42 48
74 11
96 14
89 5
71 55
20 15
37 13
66 28
56 68
21 41
9 15
1 11
11 45
3 29
13 17
64 6
45 25
81 97
85 29
89 17
28 48
85 63
59 79
21 94
80 3
33 21
11 36
24 14
51 88
89 98
53 72
84 43
24 73
83 37
X
60 74
77 83
46 71
77 63
14 35
75 35
25 26
25 8
40 79
70 69
10 73
37 39
X
9 24
16 98
21 11
22 88
62 90
76 36
33 51
75 51
70 89
40 16
44 27
6 65
4 84
31 31
10 80
76 25
19 20
81 53
90 49
4 87
30 73
3 48
24 56
15 3
8 98
25 88
36 23
51 2
0 81
8 7
52 27
15 54
9 13
7 45
48 70
66 19
39 8
77 8
87 22
23 85
34 13
4 4
62 10
74 98
56 2
50 43
42 47
63 3
74 7
86 15
12 71
92 10
72 56
93 96
5 40
65 29
93 97
98 65
86 84
29 85
10 94
30 81
61 36
20 79
12 14
31 68
51 73
5 26
48 11
10 45
74 35
7 67
79 19
83 13
77 25
58 6
68 93
11 40
87 67
25 6
32 98
24 61
85 10
2 22
28 33
74 21
13 28
35 15
85 39
38 13
16 38
76 6
9 64
59 58
89 62
45 24
5 7
43 22
89 46
47 60
20 11
30 85
6 5
84 15
62 41
29 70
54 3
69 54
59 84
4 77
10 12
13 78
40 84
89 42
45 47
23 50
33 77
20 66
86 79
48 0
19 8
2 53
48 56
42 65
66 44
69 33
30 44
79 54
75 32
81 13
3 66
49 45
31 94
87 75
96 52
61 50
34 81
63 14
83 60
90 82
81 78
2 93
64 79
70 24
29 87
72 52
61 28
43 18
2 73
57 17
78 8
88 78
90 40
82 41
72 14
72 24
53 71
60 6
0 98
31 90
31 62
42 89
25 11
20 41
54 63
24 81
42 17
38 2
18 78
4 23
3 7
92 68
57 2
36 48
42 96
18 30
91 67
82 69
80 6
66 91
86 87
88 10
39 23
25 14
45 64
90 38
18 34
81 7
87 73
79 27
81 51
75 19
66 20
44 49
93 15
94 97
79 59
81 92
66 38
89 39
16 81
30 20
47 65
94 14
74 20
58 56
22 41
92 47
65 4
20 10
48 71
97 14
49 5
78 46
70 7
66 84
21 8
72 79
57 15
62 79
60 90
95 64
30 69
12 27
13 45
38 14
5 54
77 73
57 90
20 51
78 33
33 27
80 83
50 82
15 28
23 24
93 56
67 69
98 2
38 34
91 66
72 3
6 84
44 41
24 79
40 74
90 79
4 98
77 71
1 89
23 10
25 64
X
82 44
23 12
46 64
75 12
28 36
93 21
46 62
27 21
92 83
7 98
38 12
43 19
56 53
53 28
36 31
92 49
77 14
88 40
22 82
69 81
10 6
38 72
11 12
0 75
60 37
35 62
55 21
94 84
28 13
44 29
45 11
0 39
21 0
36 35
71 73
84 66
1 81
7 36
65 66
48 9
35 44
42 26
65 36
33 28
37 96
34 74
47 30
41 87
37 25
93 64
82 23
23 68
78 14
33 50
76 28
72 77
67 45
70 0
2 58
27 8
89 29
62 91
54 2
74 70
35 52
71 29
8 43
98 32
82 53
63 71
25 28
22 50
38 36
2 59
98 70
7 20
44 48
81 65
20 76
71 21
56 54
56 35
33 59
18 81
70 25
59 55
85 35
27 26
65 0
87 72
85 91
29 66
30 24
57 88
39 57
70 15
49 74
13 4
52 3
44 21
55 30
72 15
4 20
62 64
88 15
78 94
44 76
94 95
64 34
33 18
82 40
12 90
83 42
25 59
9 58
22 3
96 88
80 65
60 26
12 41
92 9
92 21
50 6
75 50
42 82
46 89
80 46
41 91
89 7
70 98
28 32
48 35
30 87
48 83
57 93
35 30
29 51
22 34
32 24
31 63
28 12
73 74
90 29
89 2
13 42
65 19
51 16
38 56
29 67
62 48
12 7
16 28
26 17
83 53
63 8
41 24
35 89
44 64
74 10
39 90
86 40
45 18
11 15
75 62
94 38
14 81
5 56
65 56
70 91
67 39
26 80
26 45
22 27
28 10
58 1
98 3
71 54
59 19
9 66
23 17
20 34
61 70
10 20
37 67
65 47
57 22
68 53
66 26
88 88
67 98
93 45
72 13
5 27
8 5
55 65
93 23
7 34
22 35
93 95
38 32
93 4
56 71
41 16
26 11
39 47
88 7
31 5
39 73
6 70
6 25
96 82
76 72
73 55
87 54
62 73
52 53
38 40
51 87
36 46
55 89
31 21
10 46
29 27
7 27
96 89
28 61
4 97
64 62
42 93
81 79
13 79
9 44
88 61
59 0
16 74
25 43
33 19
93 5
60 56
60 17
44 42
12 64
18 63
32 38
17 43
94 7
60 66
53 5
78 15
40 52
49 88
73 0
22 86
33 80
39 98
74 62
63 6
17 84
81 77
20 72
68 85
90 41
59 78
11 7
96 18
51 28
17 41
92 2
40 96
73 66
77 47
77 39
77 77
88 65
42 4
78 6
10 72
32 8
30 27
71 67
29 48
90 14
55 96
32 88
75 11
26 98
63 37
73 43
14 8
22 52
10 22
61 14
43 70
25 90
63 84
63 86
0 97
63 61
20 39
59 50
81 43
55 16
66 63
92 42
95 92
76 12
49 34
40 58
54 59
73 18
22 45
38 84
26 8
4 50
83 26
61 71
82 94
71 43
65 38
46 21
41 41
53 49
5 3
78 38
93 3
10 9
87 12
18 23
30 62
57 34
64 77
45 50
82 15
0 54
1 72
15 8
41 21
82 73
80 49
7 79
11 18
95 78
3 77
90 96
82 1
64 37
66 25
82 7
89 49
3 95
39 33
37 97
24 19
52 0
86 6
30 86
13 46
4 88
55 37
71 33
30 95
4 49
55 6
10 65
74 23
75 33
12 80
16 3
93 58
27 37
14 57
69 51
67 47
77 45
20 74
15 18
29 5
67 37
12 56
81 64
63 47
25 83
56 36
5 25
21 83
47 46
59 77
13 20
70 72
1 71
94 5
16 49
49 53
46 95
67 27
88 68
97 82
54 75
11 98
44 47
77 32
42 58
12 9
66 89
49 97
47 51
67 92
8 84
29 53
3 10
71 62
35 2
51 93
56 66
28 70
46 40
65 22
76 73
48 5
20 77
50 96
86 77
82 36
60 41
35 7
21 47
10 43
59 54
46 34
85 21
34 33
71 50
26 34
75 25
5 49
82 80
58 14
78 67
69 34
91 82
8 52
80 97
72 58
70 55
40 91
33 96
22 13
1 15
88 45
91 63
84 39
33 87
21 86
81 23
42 37
46 19
29 10
10 28
62 42
67 89
30 4
55 14
89 33
54 57
55 81
24 78
10 95
14 34
3 92
69 27
58 70
39 45
27 57
87 95
57 98
64 63
64 12
89 79
2 41
30 1
21 80
42 38
65 71
87 42
84 97
2 64
28 4
43 42
61 57
46 33
80 73
94 64
8 31
53 66
79 82
78 44
19 45
88 79
6 23
94 98
30 49
81 84
62 97
56 9
45 32
57 72
15 21
59 6
52 22
84 35
26 70
22 9
82 11
56 96
4 55
50 80
92 1
37 69
83 96
17 5
60 64
32 43
68 84
55 87
54 67
48 97
40 62
35 61
18 48
98 5
75 67
14 16
91 44
46 25
4 94
43 34
3 83
3 57
65 96
34 55
45 30
16 48
66 8
82 42
17 97
34 79
51 48
32 56
84 83
41 17
69 57
25 61
81 88
45 19
70 35
43 63
21 29
57 30
82 85
53 96
47 5
66 30
49 32
43 39
46 7
34 50
26 35
58 41
28 44
83 9
31 96
74 8
92 71
48 68
63 88
34 23
98 26
67 42
84 88
14 77
90 45
52 78
18 59
14 14
51 9
61 21
72 57
96 22
11 23
47 32
59 96
54 81
7 75
41 50
42 11
70 51
83 85
43 8
2 30
24 13
53 58
22 79
64 58
41 49
18 19
82 48
29 63
69 26
77 0
95 84
37 4
40 55
17 22
90 25
36 72
95 12
35 16
77 84
76 67
94 74
86 14
4 57
29 16
97 10
96 66
82 92
1 23
8 88
37 53
7 22
61 2
65 77
36 86
26 2
1 37
49 47
85 30
59 40
21 84
43 23
29 28
87 27
70 83
87 0
71 7
71 95
45 57
97 83
77 16
71 64
88 93
52 28
18 11
22 60
50 49
49 41
71 48
33 47
51 19
75 73
65 42
85 80
59 80
91 76
15 40
21 31
15 86
2 96
43 10
78 55
74 93
9 29
90 51
23 22
76 54
75 10
50 45
97 69
62 70
94 61
72 97
39 85
43 27
3 21
71 12
72 39
52 54
62 95
80 55
95 69
73 67
39 54
26 53
98 64
58 53
46 78
9 95
22 93
20 44
45 20
40 3
X
7 6
69 42
36 32
5 4
56 14
11 19
86 75
23 82
83 35
58 51
53 75
33 33
22 31
40 65
20 73
15 6
97 7
73 75
32 75
6 69
64 70
34 25
84 54
13 32
89 92
17 64
53 90
76 76
93 9
63 97
79 95
83 79
33 72
8 17
3 24
54 22
1 55
95 40
98 1
10 83
10 40
16 87
10 70
27 35
34 44
68 41
53 21
78 96
56 4
25 36
3 54
45 58
23 80
36 8
25 67
56 49
10 64
5 44
30 46
67 85
8 51
39 56
63 55
36 94
68 44
56 20
10 77
89 16
12 19
24 55
24 12
98 57
90 8
72 60
14 38
54 15
63 39
80 54
74 66
87 44
29 73
52 16
44 54
2 61
22 24
39 53
47 43
87 40
34 94
78 9
13 12
13 53
40 40
76 62
0 12
25 66
71 17
22 54
62 55
60 85
68 96
41 47
15 12
87 25
68 72
12 46
95 35
95 58
65 6
64 19
51 0
81 89
2 74
93 57
78 75
1 47
63 64
91 61
32 82
21 93
56 92
91 23
91 1
13 95
88 33
86 82
67 57
95 72
31 69
78 80
60 84
55 3
78 37
53 0
77 46
35 5
10 54
14 82
74 60
7 57
68 40
72 92
44 20
57 27
50 67
14 36
44 12
48 59
60 53
8 75
52 34
9 77
31 8
39 29
71 88
20 42
13 86
66 36
74 32
95 66
66 87
10 1
95 45
83 10
51 30
43 76
95 41
88 6
44 80
75 72
11 58
46 72
80 45
78 21
34 45
83 44
69 41
23 48
14 56
1 83
81 98
88 87
73 84
65 83
66 60
38 5
82 29
44 79
21 28
26 95
83 12
47 25
75 45
40 44
58 42
29 3
21 68
91 48
61 52
94 87
44 13
72 29
2 27
81 31
67 40
7 19
17 24
60 10
65 86
2 82
62 13
48 61
36 89
7 28
92 81
56 7
19 73
55 18
11 59
91 89
14 54
66 17
77 62
74 72
52 26
39 49
42 90
78 49
14 96
16 92
15 17
24 83
56 40
23 20
63 5
80 98
69 30
61 55
43 38
42 5
87 7
76 40
77 22
38 65
80 29
65 76
70 6
11 21
51 55
86 47
19 43
74 16
78 52
95 21
3 96
91 32
89 82
89 11
91 19
28 49
58 7
94 35
83 40
14 5
55 77
8 9
12 54
49 25
66 93
85 45
19 16
27 38
10 63
62 59
31 26
11 20
96 79
10 75
47 66
65 63
3 28
91 64
53 67
6 82
95 1
96 49
35 37
92 46
48 43
89 73
4 15
47 62
20 43
69 94
97 2
35 9
17 75
64 7
25 89
6 19
20 48
11 50
69 82
22 21
19 94
27 72
34 29
93 38
49 51
64 84
87 80
54 18
0 72
1 82
1 46
53 40
14 1
3 51
86 9
6 53
70 43
60 31
59 38
5 43
53 68
43 11
93 25
0 4
32 23
92 75
34 34
38 35
93 71
11 64
2 29
25 76
2 51
83 91
37 95
60 4
43 92
30 76
36 97
68 45
43 46
2 76
55 32
18 15
76 64
0 5
24 57
98 58
93 48
68 18
46 45
67 26
39 68
28 79
60 57
67 21
25 94
77 17
42 33
16 14
71 96
97 18
24 53
53 11
47 41
62 15
82 6
2 10
95 98
40 48
39 25
21 18
79 69
96 72
45 35
65 46
86 1
2 57
42 24
31 54
58 47
7 8
91 47
25 80
63 98
78 58
71 5
25 71
6 58
53 92
18 9
93 24
11 10
18 35
96 80
40 24
71 46
78 24
75 64
1 74
16 79
75 82
9 72
97 80
39 69
21 92
9 17
64 75
68 89
50 32
25 20
54 94
0 95
26 82
82 2
89 4
29 33
19 52
90 53
98 12
3 42
47 47
42 50
11 54
59 14
72 53
87 43
36 80
1 4
78 16
X
52 88
77 96
58 76
43 67
34 12
92 50
97 0
61 72
90 56
98 24
91 50
24 24
42 25
54 88
7 65
87 46
12 68
83 38
13 41
76 27
88 4
79 47
63 46
55 31
40 49
1 61
36 54
16 53
16 55
44 86
48 66
6 4
96 91
8 22
80 69
83 65
77 59
22 19
49 38
38 90
56 64
54 43
71 69
49 68
73 1
78 23
36 56
7 59
57 35
80 67
98 21
80 23
1 45
62 51
49 73
85 47
73 76
37 68
33 97
11 38
29 29
30 48
70 1
40 46
41 58
52 69
23 73
73 58
40 7
57 69
92 25
24 74
52 91
59 3
86 5
4 13
35 92
17 87
13 27
37 14
62 77
90 15
63 79
62 45
23 25
42 36
60 51
81 68
0 73
12 82
16 67
72 34
89 37
49 49
3 59
12 48
26 68
10 18
48 60
13 50
70 59
54 7
96 1
33 89
88 12
46 39
39 59
0 92
41 90
54 39
45 73
91 60
66 65
53 97
75 96
19 10
60 24
57 43
47 6
35 72
98 77
16 10
19 9
70 48
70 42
17 79
74 19
28 8
78 85
50 71
95 47
63 56
36 6
85 15
24 35
19 92
8 97
45 6
57 56
23 62
88 60
18 64
90 31
86 92
8 16
29 95
19 3
65 88
61 95
9 85
72 94
48 25
70 21
51 89
87 77
22 76
24 82
51 96
51 65
9 75
8 35
41 95
68 15
56 3
83 70
56 8
34 39
16 21
23 93
53 73
13 71
89 24
49 52
48 55
45 74
96 39
48 32
92 85
56 69
62 22
51 72
44 78
42 16
59 59
55 44
24 10
60 71
X
40 54
78 7
17 66
39 43
70 96
31 79
14 91
81 36
6 22
70 13
25 23
59 90
28 24
55 76
77 88
43 28
35 69
43 75
35 45
35 34
80 33
34 48
31 36
77 21
25 3
30 98
34 98
70 54
28 3
20 46
75 77
39 32
X
26 23
25 18
22 6
70 74
20 47
52 48
75 85
42 71
83 5
72 35
37 8
80 48
27 63
12 22
61 38
24 63
89 36
10 0
98 10
43 94
94 9
30 21
57 62
82 4
48 2
87 41
29 31
21 90
20 36
56 87
74 43
64 89
88 76
95 79
96 38
67 49
73 62
57 50
65 59
19 34
18 58
43 68
71 68
76 80
18 32
13 37
93 33
85 90
88 32
72 17
33 31
7 69
67 3
10 71
6 92
6 85
38 92
23 74
75 83
56 5
66 97
63 36
42 9
23 95
57 57
48 27
85 32
47 58
94 3
91 14
52 55
11 46
33 17
96 23
77 6
X
24 20
38 21
23 34
12 38
92 22
81 52
54 9
67 11
29 4
5 51
29 77
32 44
82 89
75 20
69 40
4 70
29 98
92 98
44 88
31 46
47 42
30 91
93 41
91 68
17 9
13 23
16 88
80 25
89 75
64 20
36 62
36 49
81 17
18 3
36 78
3 20
93 12
84 41
73 49
97 47
18 98
97 49
55 61
36 60
2 60
79 16
25 74
58 52
3 52
88 11
22 28
36 9
51 36
29 17
89 15
78 29
X
13 48
79 30
87 6
85 76
15 35
45 95
64 66
70 12
63 45
78 69
63 49
88 41
89 47
20 37
39 96
64 9
22 59
19 48
7 16
45 97
61 17
98 90
77 1
46 49
56 29
86 42
69 79
57 63
79 36
46 91
93 46
56 76
75 40
98 66
54 41
39 60
22 38
8 21
49 15
29 36
71 32
85 95
72 55
52 58
44 73
29 2
59 92
7 49
75 39
80 86
20 27
24 85
62 53
96 29
49 75
37 34
60 70
22 66
34 97
83 61
11 48
49 98
69 89
28 68
65 14
66 39
94 71
65 97
44 24
65 20
61 73
80 15
77 30
82 88
33 94
64 87
30 37
35 46
29 20
22 22
68 17
12 53
52 68
81 2
91 74
80 81
42 76
51 7
30 74
15 61
87 34
83 39
95 68
94 47
88 72
48 6
71 65
17 35
28 57
15 98
30 2
32 90
47 57
29 13
53 65
64 4
29 32
15 49
82 83
10 11
85 25
81 73
12 2
58 66
36 47
69 53
96 68
32 25
93 91
3 17
74 74
59 57
46 11
90 58
74 84
63 10
97 38
47 98
31 92
17 82
79 63
50 9
X
47 24
90 59
28 20
10 84
39 39
31 29
78 64
86 65
29 37
69 49
84 37
76 13
7 86
81 85
51 67
86 97
74 59
56 94
45 12
42 45
42 57
60 28
9 96
4 27
24 33
7 94
34 92
73 81
81 71
8 30
8 85
8 38
46 38
22 78
84 38
91 92
47 50
28 84
14 0
55 22
16 44
50 73
73 61
31 37
91 36
60 5
86 95
41 19
22 47
55 9
84 8
97 74
92 65
6 88
5 30
14 40
54 98
61 45
76 85
0 56
9 80
73 56
12 65
69 6
50 90
24 94
52 66
27 88
55 80
69 59
94 1
44 1
69 55
4 65
79 26
81 18
77 51
85 79
93 6
36 85
37 41
22 0
3 27
63 78
91 90
53 13
22 89
34 37
86 32
63 4
13 96
82 75
85 66
66 58
68 28
53 1
9 26
56 47
81 46
23 75
4 6
50 37
91 42
72 73
35 83
45 63
37 84
54 21
27 55
21 69
34 78
15 90
79 52
51 66
19 83
24 93
22 49
20 8
82 20
71 87
36 25
59 7
40 29
56 55
74 52
10 58
6 64
48 52
58 48
9 51
87 65
81 44
39 9
78 18
81 27
68 34
20 55
70 31
84 29
44 67
75 57
55 38
30 29
87 50
32 85
54 73
90 71
51 1
16 16
55 75
97 8
5 86
53 98
33 82
56 95
57 53
43 37
8 28
93 16
54 20
32 57
81 75
41 7
37 70
58 95
91 33
60 42
79 51
50 3
43 54
34 43
71 44
X
44 72
64 54
19 36
52 59
35 59
16 42
53 63
8 10
76 59
15 47
18 88
42 42
4 68
47 69
18 65
25 75
58 80
18 89
20 18
45 55
64 2
89 54
25 73
79 41
17 85
45 5
49 9
28 16
47 64
80 17
7 80
31 66
68 23
98 22
28 55
19 4
3 40
44 55
27 17
37 49
37 77
19 30
37 36
46 9
4 92
73 71
19 51
35 40
1 64
30 72
98 82
78 62
3 31
37 89
18 37
43 64
21 72
33 34
93 93
85 75
85 86
23 58
24 71
8 26
17 40
74 31
84 78
21 24
48 51
22 72
22 30
66 14
66 83
52 84
85 64
86 80
86 94
70 50
81 69
10 21
59 48
64 26
12 87
90 62
71 72
98 56
46 98
14 37
34 26
84 64
0 36
13 76
45 46
56 1
3 25
63 15
59 72
64 83
68 2
71 63
60 78
22 87
95 96
12 55
61 62
4 22
74 75
X
0 61
16 46
38 46
57 61
19 65
40 90
87 68
71 6
67 80
39 22
87 3
52 4
91 59
19 22
55 0
8 13
20 12
26 39
69 92
4 78
36 63
77 7
70 3
97 16
79 75
92 14
78 32
92 87
20 92
55 62
41 36
50 75
19 72
86 91
70 2
3 80
23 86
64 38
49 7
98 18
93 39
68 92
83 97
55 56
1 96
53 82
33 71
66 64
93 44
64 86
39 92
25 95
86 56
5 16
19 53
53 50
57 10
32 20
24 34
65 49
68 80
43 29
14 98
75 26
19 54
35 76
76 44
25 37
11 68
86 88
30 43
42 98
13 8
52 77
86 49
24 4
25 34
15 13
9 79
40 31
40 18
68 51
29 12
46 10
22 98
31 91
32 84
10 97
29 93
57 25
20 14
1 6
1 41
45 45
80 4
29 25
31 67
44 18
93 66
76 84
24 49
43 93
9 84
15 16
35 10
36 74
11 17
12 63
17 30
88 16
75 71
82 66
33 48
27 11
84 55
72 2
29 59
23 38
7 73
93 54
31 24
15 92
84 74
77 36
47 40
26 15
55 15
54 14
5 15
55 91
44 23
57 80
91 7
95 43
27 13
56 44
77 64
55 97
72 9
54 6
33 6
66 6
47 16
85 43
9 11
11 95
81 14
34 89
85 12
56 63
58 45
90 76
67 38
95 17
47 53
76 68
49 12
36 11
65 79
21 50
97 17
54 91
53 85
70 39
8 29
87 2
65 35
63 48
41 13
58 63
76 96
74 86
73 11
97 53
44 5
53 3
76 19
15 93
98 8
74 48
68 27
22 7
59 85
9 87
28 85
33 55
46 66
89 35
16 39
77 57
94 94
63 72
35 24
90 80
48 24
68 43
48 12
71 61
33 29
38 51
50 25
47 12
82 60
3 98
36 30
42 46
0 32
24 11
89 6
98 76
52 75
10 98
63 76
10 27
55 88
97 11
49 95
58 81
63 33
64 47
49 3
23 7
46 1
11 94
80 75
16 32
58 46
96 9
41 18
1 87
77 38
88 92
45 8
39 97
80 94
89 38
68 33
31 4
89 67
32 54
16 37
86 63
74 15
19 37
69 98
54 30
11 35
76 95
75 61
32 34
70 32
79 17
13 26
77 29
12 70
41 12
72 6
31 93
86 12
68 25
47 11
91 9
98 83
28 60
2 12
72 91
50 65
80 39
47 63
41 98
15 24
71 79
75 38
36 50
78 51
79 58
46 36
68 14
93 20
55 55
84 96
96 74
49 77
30 38
97 31
11 81
59 35
48 96
64 48
54 54
28 59
15 48
X
50 66
16 7
85 11
68 49
12 15
48 8
7 81
57 76
88 66
67 72
33 14
58 72
74 73
59 28
97 37
6 91
49 26
2 71
12 89
90 48
79 7
80 26
54 82
95 6
39 44
81 94
93 65
13 98
45 41
80 51
36 95
87 4
83 24
80 42
77 90
29 8
31 33
17 98
0 44
78 40
2 6
91 49
23 70
10 56
86 38
92 8
52 51
79 22
26 59
88 26
32 80
59 56
29 64
76 24
89 88
49 17
33 83
10 3
14 83
55 57
57 16
31 57
59 25
1 98
86 3
32 95
82 57
11 8
18 45
38 94
81 70
90 93
42 67
86 57
60 34
54 90
55 66
26 81
70 10
40 89
3 69
79 98
94 82
51 37
4 46
47 9
92 62
60 7
5 46
54 70
91 18
21 49
47 71
17 34
41 4
92 58
41 77
15 27
48 38
40 82
42 52
52 45
61 54
62 49
91 54
72 61
73 54
58 75
85 56
24 54
68 56
32 72
98 52
X
27 24
94 48
27 53
60 54
9 10
76 45
53 81
46 58
15 4
65 51
17 63
44 53
35 4
12 98
52 14
63 60
41 11
26 44
0 76
86 66
1 40
34 31
67 91
86 8
73 73
78 81
53 87
74 26
56 38
58 69
93 0
38 97
66 90
43 24
41 37
9 5
89 94
92 67
33 95
5 89
59 74
23 83
70 26
56 72
60 43
70 76
24 60
45 22
56 16
68 30
77 85
4 73
16 18
93 68
72 93
76 65
34 8
69 80
32 9
38 39
60 14
46 24
87 8
96 51
75 27
55 12
59 49
81 45
74 89
60 22
24 17
14 88
82 71
22 83
23 8
5 69
79 56
31 22
26 71
88 83
70 28
53 38
80 43
75 68
80 20
10 29
23 31
19 78
83 78
54 49
60 80
43 98
86 64
67 8
31 3
79 35
92 32
23 11
6 94
84 36
87 11
1 78
16 62
13 11
8 78
68 3
34 32
38 15
43 57
28 83
38 20
X
17 15
10 44
29 47
43 4
55 64
31 28
22 36
93 53
4 16
70 82
27 95
87 26
41 38
38 86
21 15
92 20
79 94
66 79
94 37
92 19
84 84
34 6
79 49
14 41
14 76
75 81
50 42
X
26 66
68 7
31 77
70 37
45 52
11 61
2 14
85 5
63 32
92 38
69 58
51 71
63 69
7 97
97 6
60 46
15 20
85 85
45 0
9 47
34 4
70 79
77 76
47 35
23 21
44 85
95 54
67 28
22 53
2 4
40 22
17 12
21 55
60 86
41 61
34 21
29 75
15 59
65 89
36 75
78 82
53 44
65 62
62 67
52 30
37 6
64 5
35 39
39 26
25 32
21 5
22 55
12 94
39 82
59 9
98 67
38 25
8 56
65 11
71 39
11 55
78 43
94 90
88 19
65 44
71 3
67 59
68 77
79 57
23 88
72 51
23 4
38 22
5 5
17 88
2 48
60 92
0 80
81 95
36 88
8 50
17 44
58 10
13 89
48 31
52 61
9 69
2 77
6 27
84 91
35 82
28 63
62 54
87 9
35 31
3 84
61 78
38 85
92 18
23 49
35 98
83 67
17 54
65 33
21 78
50 55
49 43
72 4
84 60
74 39
21 38
16 59
12 95
76 1
46 67
16 77
17 76
33 60
25 58
7 85
54 77
49 72
24 2
15 37
15 62
67 34
13 14
75 75
94 30
68 36
53 2
64 98
59 61
6 57
70 68
85 34
85 28
35 93
59 12
55 46
79 86
2 15
20 7
29 55
25 44
31 55
97 23
57 92
64 94
35 60
90 52
10 68
76 2
68 9
38 64
67 4
42 19
40 93
94 58
15 53
12 45
19 19
81 42
48 54
40 35
19 84
71 77
54 32
54 95
8 47
83 83
97 3
40 67
71 93
96 20
89 19
9 52
92 60
71 81
9 6
44 63
55 23
28 35
55 34
23 30
18 31
1 20
96 48
X
67 6
69 72
55 86
63 73
83 68
81 22
81 50
8 20
88 56
29 11
92 90
97 24
79 34
3 50
5 95
56 22
1 10
19 82
59 67
92 96
85 13
0 88
94 33
56 57
48 77
59 39
78 22
44 10
28 89
65 15
70 88
85 73
20 23
34 16
23 84
72 47
56 97
64 17
65 64
58 35
15 58
15 34
48 39
82 98
32 89
82 87
40 98
76 43
70 44
6 62
58 5
70 8
14 47
19 25
21 16
28 75
76 3
34 5
83 23
21 48
0 79
43 58
93 98
66 29
40 69
17 19
0 41
54 8
35 25
27 50
84 13
1 95
79 77
33 7
46 35
68 55
2 97
62 94
62 34
28 28
25 39
9 94
40 41
88 95
63 77
54 87
6 56
46 53
67 20
25 25
54 72
78 87
56 82
51 91
89 76
81 60
73 12
76 87
32 87
37 92
82 26
87 55
14 90
94 70
81 34
74 17
48 28
3 49
85 50
82 97
23 89
47 4
80 78
11 3
77 23
4 76
48 17
91 26
30 70
87 86
56 50
31 74
78 17
84 5
33 40
91 5
85 54
80 74
90 89
18 28
81 49
43 90
74 14
86 41
58 25
60 49
76 86
34 82
51 32
84 58
9 4
76 49
20 25
75 14
73 79
65 8
94 86
37 15
X
79 62
49 63
87 36
91 37
2 40
76 35
47 44
15 96
5 74
72 59
15 19
24 16
88 43
96 57
47 55
58 36
83 52
51 82
53 95
68 22
25 13
30 67
41 69
16 76
27 47
7 35
65 16
73 59
11 47
13 40
92 34
82 54
63 51
27 34
27 23
18 76
62 26
20 69
6 9
71 34
23 87
80 59
60 3
26 16
37 64
68 60
18 24
32 97
19 11
74 4
82 93
69 21
75 95
42 64
98 74
13 19
23 56
58 65
89 55
12 81
6 44
27 33
31 27
22 94
34 88
51 54
16 75
8 66
28 93
9 18
56 73
35 49
55 7
97 15
5 85
55 13
17 25
50 54
93 17
40 32
65 85
43 56
26 28
15 9
60 50
16 68
19 31
12 1
5 73
69 97
77 93
28 72
58 74
11 34
70 16
81 83
88 75
22 26
22 48
63 80
55 10
61 24
66 9
38 6
84 59
10 39
25 21
40 34
91 41
35 86
27 10
70 63
71 74
5 84
45 27
2 9
60 33
62 46
84 44
27 25
15 56
44 96
50 83
25 2
59 45
40 28
73 2
89 74
27 2
85 33
X
80 76
46 96
34 86
36 45
88 18
88 1
40 47
95 87
21 19
12 13
56 90
40 11
55 11
2 42
1 39
70 4
64 59
40 9
65 27
20 50
95 20
56 70
80 89
45 49
58 49
94 96
83 77
57 89
28 71
82 24
81 28
55 63
9 82
58 88
76 94
59 75
63 74
30 12
2 18
95 81
72 48
41 6
71 13
20 52
80 18
50 69
68 91
93 43
93 37
23 2
20 30
58 50
96 53
59 46
87 53
33 22
60 21
39 5
0 83
13 0
43 91
53 12
73 28
72 10
12 57
74 58
26 36
92 61
7 40
70 23
97 71
58 26
7 33
33 32
24 70
11 87
78 68
79 48
91 13
0 53
11 65
63 85
22 75
65 21
49 27
23 65
57 79
68 58
56 89
95 18
64 16
37 62
42 66
17 58
5 45
34 14
43 50
88 48
94 57
2 66
73 41
86 28
42 53
60 68
53 54
88 47
64 64
82 9
75 43
81 6
67 60
4 83
3 82
98 86
54 16
17 61
38 95
41 51
52 29
34 56
16 89
33 79
7 21
25 16
50 91
81 26
98 9
4 72
35 26
23 47
22 40
32 35
76 10
49 83
41 63
98 63
61 63
89 40
19 64
96 83
84 68
36 38
3 41
13 10
43 9
30 23
23 54
95 23
25 57
16 8
49 42
52 8
88 84
97 70
1 79
98 84
47 28
74 49
71 58
64 23
29 65
13 80
80 56
53 59
92 57
46 44
51 45
10 74
20 84
1 91
95 37
57 81
44 92
79 46
28 92
39 21
71 36
43 53
33 81
64 57
24 96
55 47
47 59
12 93
37 48
58 16
82 18
27 45
92 53
60 76
92 24
29 79
28 17
64 78
21 9
38 79
51 69
89 59
10 52
76 61
90 9
66 2
16 43
98 95
85 59
76 38
67 29
92 48
91 87
54 61
29 18
38 98
82 33
17 16
47 68
63 92
28 95
62 21
11 13
87 10
24 86
13 87
56 85
25 69
8 64
21 3
94 23
17 47
21 56
84 57
40 27
7 18
97 26
54 45
47 37
63 70
68 50
3 74
5 50
25 17
28 45
84 9
94 41
28 54
19 28
20 22
33 49
72 63
94 88
4 93
15 46
61 7
51 34
80 38
47 81
5 82
41 40
9 9
78 25
22 51
34 77
81 32
36 39
21 35
7 46
64 22
78 74
3 63
84 7
70 66
35 51
42 72
84 28
93 13
81 1
43 25
17 8
82 14
91 85
42 32
55 73
89 48
89 30
96 87
40 85
6 59
78 60
75 7
25 38
93 69
25 55
30 92
11 88
73 65
32 46
86 90
58 22
52 23
93 11
38 68
61 10
33 39
98 80
61 39
87 47
94 72
61 69
X
55 4
96 7
61 98
10 85
56 75
60 35
18 41
56 45
63 31
57 82
55 85
9 83
81 30
96 96
4 59
66 53
53 18
1 31
88 54
76 66
34 11
43 89
44 28
90 30
77 52
60 16
61 42
93 90
90 17
98 81
33 12
40 68
49 81
93 61
83 59
12 28
33 65
90 78
87 87
14 28
9 12
55 50
0 89
63 83
47 13
17 69
20 83
3 70
71 80
35 43
25 91
24 75
61 61
67 82
64 18
96 42
89 8
81 35
40 75
60 79
7 66
47 97
4 12
24 58
0 94
74 41
20 90
69 95
11 78
95 59
87 59
90 64
41 70
57 52
5 80
94 0
8 61
63 66
44 8
46 83
50 34
31 95
10 14
57 65
66 3
95 5
82 95
91 98
93 42
79 23
19 41
65 70
52 19
63 34
56 58
60 0
95 7
27 41
57 23
68 90
85 57
58 90
44 45
93 72
43 86
87 32
77 87
51 33
82 84
47 33
X
54 85
84 3
52 72
4 79
97 95
80 66
27 5
10 16
35 77
13 33
83 57
74 57
69 28
88 17
75 90
20 80
85 14
33 45
62 92
6 37
50 84
55 58
5 91
0 96
17 18
94 46
30 94
37 35
45 89
67 78
52 38
96 21
18 40
64 32
74 30
30 78
80 24
61 6
23 27
10 47
80 82
20 89
94 77
77 75
3 58
86 34
41 22
50 38
80 31
53 47
71 23
85 1
22 39
59 4
92 17
68 12
14 73
41 64
53 4
41 56
44 6
71 8
61 22
20 4
84 89
85 24
38 89
48 69
33 44
3 67
56 30
27 14
60 75
89 34
89 66
30 65
29 38
90 81
87 14
63 93
93 22
39 48
57 38
27 97
2 50
93 7
30 90
32 58
76 9
82 35
70 80
9 42
52 70
94 13
40 5
75 17
77 80
2 55
93 1
89 70
68 16
5 94
31 25
82 86
67 5
64 96
91 56
44 40
49 82
38 82
90 66
77 34
70 62
55 60
69 78
10 4
6 29
81 3
83 3
36 69
56 61
13 35
42 51
22 43
26 26
45 98
33 15
6 32
38 8
55 93
26 73
65 39
9 14
21 45
12 4
57 21
66 82
47 96
98 25
46 63
25 68
11 5
81 74
57 83
74 69
20 0
90 19
16 22
16 58
87 30
77 41
36 70
24 64
91 94
77 49
68 97
21 44
7 82
34 52
7 70
34 49
44 56
19 2
21 66
32 39
1 53
96 90
82 70
64 8
76 23
78 45
67 31
89 26
72 33
0 15
79 97
7 74
68 6
28 23
82 3
18 43
27 62
69 83
79 67
41 25
15 80
2 54
49 71
4 52
22 91
69 90
62 93
56 6
92 76
94 36
30 51
31 72
77 2
11 86
8 69
84 11
41 55
44 71
80 84
95 65
9 63
48 74
51 18
36 13
76 57
70 9
24 3
95 44
1 90
28 31
70 33
90 11
65 5
17 13
29 71
43 95
54 92
65 23
3 73
85 3
46 32
92 52
66 35
16 45
59 20
81 19
4 66
46 69
16 12
21 70
83 82
76 74
2 87
18 16
59 76
74 51
33 90
59 44
65 1
70 22
62 85
50 81
2 95
83 93
17 31
43 33
24 25
8 83
17 11
66 98
3 94
25 60
88 74
40 15
93 67
51 46
10 30
73 37
70 34
52 67
65 7
58 19
20 45
52 1
97 90
71 22
56 43
68 83
45 28
50 23
30 45
68 42
41 46
97 13
98 31
56 15
82 43
32 94
17 14
33 98
66 62
8 18
76 60
45 66
59 16
26 60
81 66
56 17
93 14
70 65
23 60
79 37
48 34
42 97
26 3
98 16
17 74
16 60
93 81
4 8
95 38
69 43
74 42
54 13
43 71
6 6
0 91
15 5
53 52
X
8 44
21 67
14 46
1 75
80 62
62 62
32 33
92 63
81 86
37 91
32 4
0 18
73 17
41 29
16 19
71 9
75 49
38 47
60 13
6 93
34 73
74 34
88 80
2 84
45 90
83 41
52 73
19 40
27 60
75 30
13 57
18 87
50 78
34 46
56 80
54 60
7 93
35 22
0 16
50 46
20 20
45 3
74 36
92 33
4 95
70 17
23 78
6 55
16 90
83 84
7 64
60 59
20 78
22 23
70 60
21 33
62 96
29 49
80 61
70 27
50 74
9 78
73 72
95 88
70 75
82 0
80 27
69 20
0 60
77 24
18 26
3 79
53 94
90 24
27 66
68 19
97 25
52 2
24 23
79 87
62 75
72 66
80 88
73 47
7 44
68 78
73 87
22 42
13 44
92 7
30 28
82 37
73 14
6 51
24 29
24 30
13 97
18 1
94 65
32 6
40 61
46 57
49 50
90 61
55 33
45 92
83 76
91 43
97 44
88 44
94 59
54 74
18 38
91 84
64 11
87 15
70 77
83 29
71 14
76 41
79 31
91 71
56 19
57 87
44 4
93 70
95 36
29 96
42 27
62 38
73 69
76 8
85 8
61 1
66 27
14 84
24 80
18 72
36 36
58 79
4 67
71 66
29 24
27 4
1 60
4 30
45 1
30 26
94 68
54 56
41 59
1 77
46 13
85 4
60 55
59 42
59 83
25 52
7 4
83 74
54 25
10 13
22 5
35 41
86 59
21 32
39 41
15 42
22 16
23 97
72 85
75 74
35 88
37 24
62 25
29 57
8 79
28 80
6 54
35 14
31 75
92 43
66 0
68 5
45 56
0 29
61 43
14 39
70 19
24 62
75 60
0 30
25 42
57 29
83 45
13 7
0 74
61 46
82 56
1 30
52 24
17 4
13 43
33 91
60 19
82 67
48 14
15 26
57 75
46 2
96 12
86 45
26 5
92 56
85 98
92 78
91 25
56 93
83 90
69 17
32 47
26 18
1 56
21 26
X
35 84
6 7
92 39
93 18
9 43
61 56
72 54
47 83
57 47
15 87
41 85
46 88
50 14
2 39
12 23
11 1
92 89
64 71
85 7
17 32
48 16
69 12
91 12
0 35
53 26
34 75
57 44
27 73
98 13
26 38
21 23
3 6
17 60
12 42
78 20
15 77
58 34
74 18
91 22
14 10
11 4
X
52 82
18 12
47 2
27 59
90 42
73 77
79 81
87 82
76 51
72 7
49 48
51 92
92 66
18 49
47 34
40 30
58 24
22 17
98 45
72 49
63 0
58 18
7 38
68 8
17 23
90 16
6 95
60 15
28 11
34 58
12 78
55 92
85 97
43 41
76 91
56 79
67 93
91 78
27 28
53 19
46 77
82 82
19 96
7 13
46 22
23 51
65 32
58 91
91 34
24 6
52 25
90 2
54 96
10 59
1 22
54 71
57 95
6 42
5 67
82 47
88 2
76 42
12 91
54 65
18 54
5 14
28 38
83 11
29 80
89 71
64 36
33 37
96 5
34 17
93 32
55 26
54 23
41 28
55 1
52 6
32 79
19 24
94 73
39 72
66 15
24 15
47 31
24 52
23 35
1 29
9 74
22 56
57 84
29 94
11 37
67 43
57 59
29 62
61 59
88 77
44 19
47 67
12 76
20 56
55 43
59 21
46 28
51 6
15 14
21 91
51 50
71 16
79 93
20 21
75 89
56 34
62 28
32 37
X
39 7
13 21
91 21
56 74
66 7
59 65
7 55
93 89
71 35
27 96
32 77
6 39
86 27
40 57
94 20
31 23
88 57
33 43
52 86
X
75 8
10 55
78 13
23 91
90 68
5 22
80 37
8 27
1 32
34 76
77 20
82 91
96 71
13 84
91 3
45 42
20 49
22 4
57 36
39 79
88 8
96 43
6 81
9 30
42 54
10 96
56 39
63 68
61 86
29 76
14 89
76 16
47 39
58 97
18 25
12 92
27 54
49 62
77 12
4 5
80 52
36 73
87 35
1 17
73 48
21 13
78 35
13 13
14 92
14 87
82 30
67 70
63 38
48 46
41 35
67 90
17 42
36 29
94 15
72 19
15 33
21 42
92 95
67 12
34 80
80 93
93 79
27 7
29 46
50 17
65 72
37 26
38 52
55 40
23 23
15 43
38 31
81 63
39 24
37 60
25 29
39 84
96 78
71 71
23 55
73 29
59 17
24 50
26 97
28 2
21 34
91 16
82 8
59 23
49 70
66 42
35 32
80 16
35 91
24 98
69 35
72 22
57 73
39 74
18 39
64 51
94 2
61 76
18 66
52 65
86 86
79 14
53 6
78 83
46 79
23 63
95 14
12 16
48 33
48 75
86 50
93 49
95 3
35 50
58 37
31 47
84 40
29 30
89 45
16 47
40 23
80 35
39 62
37 75
82 74
19 13
21 96
82 79
55 49
9 1
86 16
96 3
5 19
35 90
79 85
81 58
6 18
61 15
52 40
53 37
46 61
68 94
38 93
23 52
16 93
39 10
71 57
66 41
48 45
86 78
56 41
15 15
34 87
66 22
60 25
95 74
88 81
58 55
2 5
69 19
13 91
55 25
78 41
26 14
35 75
71 70
21 76
52 50
3 72
50 47
60 30
45 91
83 4
51 40
55 70
36 71
65 9
5 23
14 58
91 53
79 79
40 21
26 89
65 91
95 67
66 5
23 41
61 77
38 24
95 33
97 91
68 37
40 19
93 35
63 50
54 4
76 50
15 7
15 36
92 82
85 27
15 52
8 87
87 78
5 70
92 88
77 10
71 97
65 82
20 32
46 97
93 30
14 19
77 3
49 61
90 12
96 45
74 65
14 12
16 61
10 78
72 74
X
34 47
85 89
93 19
40 92
64 93
76 39
27 56
47 22
96 92
69 31
30 47
47 84
76 46
44 66
20 94
29 54
19 32
34 84
76 14
91 24
78 89
74 91
57 0
16 30
43 55
97 9
24 72
81 37
24 90
40 97
39 61
27 27
53 57
50 35
79 20
90 26
67 22
55 59
9 73
74 6
17 38
54 12
41 15
60 23
11 53
69 44
64 65
33 4
44 26
95 82
52 37
62 61
38 23
30 68
15 88
52 7
24 51
92 15
33 35
9 2
5 65
92 44
44 68
21 43
16 5
10 61
95 19
64 10
49 44
55 17
14 30
19 87
48 63
45 94
86 35
2 52
57 40
92 45
45 86
88 46
38 4
39 20
70 97
84 16
12 62
20 33
39 83
60 18
76 7
8 19
X
24 41
15 94
1 5
59 95
89 80
66 31
36 43
58 3
21 20
28 15
3 64
84 98
63 11
80 9
54 93
30 50
46 46
67 44
35 19
30 79
46 86
62 66
91 65
20 19
28 27
3 14
91 81
59 86
36 66
47 78
94 11
62 76
5 66
66 70
34 93
43 1
87 84
3 15
50 13
77 43
53 56
67 35
78 63
57 20
86 74
17 50
84 27
50 68
59 15
85 26
71 89
98 23
65 98
67 48
48 36
78 39
88 73
58 77
39 14
82 63
75 42
38 43
56 0
92 55
7 62
41 79
47 36
42 70
8 81
19 97
77 42
54 97
9 8
3 81
7 72
13 5
90 60
62 14
82 32
7 91
15 10
59 27
46 47
9 71
36 84
70 70
91 2
4 69
75 91
26 88
68 35
54 52
70 11
62 52
21 14
26 4
46 54
78 12
39 4
85 83
72 43
69 23
50 62
43 21
76 77
22 33
59 32
75 44
4 74
42 35
48 42
93 59
58 73
59 52
33 3
12 12
12 47
16 4
76 21
71 90
94 44
12 21
37 79
19 63
56 83
38 75
55 2
47 52
46 74
47 15
34 10
76 29
6 83
84 87
96 6
58 43
93 63
2 67
1 76
7 5
13 47
32 27
22 20
47 27
20 40
91 35
45 9
54 10
80 96
19 38
13 72
42 15
14 22
42 30
17 20
0 31
72 78
50 5
5 53
2 43
56 78
65 17
86 98
67 19
97 58
57 9
49 76
33 20
13 18
76 34
23 28
74 22
78 36
39 91
91 95
83 62
12 5
39 51
18 17
37 63
86 76
22 77
69 48
76 53
91 45
30 71
49 33
13 85
13 93
73 91
5 64
84 76
64 14
38 62
34 85
13 1
94 22
60 38
72 12
53 45
44 98
66 32
16 11
63 20
91 79
55 45
78 73
81 4
20 9
21 81
11 27
41 52
56 25
44 36
72 76
74 83
61 47
56 23
28 64
40 4
73 24
86 10
9 28
7 26
46 6
69 15
54 46
32 28
48 10
37 58
25 35
93 47
74 33
59 51
49 46
72 18
60 62
27 36
82 46
56 86
75 84
24 47
64 61
58 39
89 53
18 82
94 54
58 13
59 37
83 95
93 87
9 0
18 91
89 81
50 53
91 38
14 93
61 23
36 26
17 48
4 26
61 27
91 29
79 53
50 33
43 88
21 51
60 60
98 88
49 55
89 51
15 55
91 83
29 45
76 82
92 54
9 19
0 1
27 51
27 39
66 85
98 73
54 68
4 56
72 68
67 63
73 86
98 47
74 24
30 52
56 24
11 85
24 91
97 54
98 87
89 50
84 12
3 68
57 14
56 81
51 74
30 39
5 52
39 11
14 42
44 30
31 35
7 53
17 28
55 74
95 48
59 26
37 71
55 36
95 4
71 38
98 29
12 0
27 16
71 56
78 71
76 93
82 96
31 45
48 95
84 65
88 50
32 74
9 21
32 65
20 96
75 28
72 84
39 15
32 83
29 68
69 84
54 79
35 20
30 7
35 1
19 86
56 31
80 22
45 70
66 92
78 48
17 73
92 12
35 47
40 76
49 79
61 25
57 55
11 16
76 22
85 37
93 73
19 29
5 8
4 17
9 46
89 41
94 75
58 82
78 59
63 89
64 80
3 93
9 20
65 41
31 73
1 18
49 6
44 65
10 66
41 76
62 84
96 67
73 13
74 50
11 9
87 39
66 50
61 67
61 65
50 52
11 11
17 89
4 24
10 86
21 25
80 14
84 23
72 90
80 30
32 5
83 87
6 63
78 88
43 65
3 16
16 82
28 37
46 27
14 33
71 91
52 89
87 49
14 55
45 31
40 72
57 37
77 55
36 7
29 39
16 83
17 52
11 63
80 60
31 89
96 0
23 6
52 5
74 38
74 12
13 54
82 25
25 24
70 41
6 86
88 3
44 37
11 14
75 53
23 42
80 47
95 51
9 61
X
9 41
8 63
50 7
6 60
37 37
78 86
87 31
96 19
45 78
32 86
47 54
26 32
61 74
33 9
67 88
6 89
3 46
94 92
46 65
18 44
15 63
64 69
39 64
5 41
61 26
83 6
12 24
84 14
60 1
46 31
67 61
26 37
68 79
67 7
70 36
65 2
38 71
28 66
59 33
73 38
6 50
4 86
20 81
30 66
95 57
57 60
29 35
53 14
94 10
61 85
81 41
12 72
41 44
96 41
82 52
8 12
24 95
89 65
33 23
55 78
11 22
1 63
38 3
36 14
58 94
89 52
50 72
46 56
46 50
54 48
37 46
59 1
41 45
39 55
22 10
11 62
95 95
61 44
46 20
72 71
77 19
23 37
87 88
38 61
98 55
58 0
25 15
35 12
51 35
55 79
82 68
60 11
67 56
49 14
46 0
66 47
73 83
11 6
86 96
86 0
6 66
89 12
82 31
4 53
26 72
59 60
29 43
18 51
51 49
57 91
2 79
29 50
48 15
42 41
43 36
62 56
50 87
66 43
10 2
22 70
44 38
38 77
0 55
95 80
50 79
16 78
6 41
45 37
73 22
32 68
23 19
81 59
79 9
58 21
6 87
93 83
13 82
79 21
77 4
64 49
92 69
15 91
43 20
85 9
69 62
38 73
91 58
31 30
62 74
85 74
49 56
30 5
56 10
21 97
62 12
12 37
91 10
93 55
3 60
3 56
95 71
13 38
79 12
91 69
12 25
29 83
13 94
20 26
19 7
84 42
67 53
94 89
38 49
14 21
39 93
34 30
15 11
92 3
23 90
96 47
1 73
77 89
64 53
81 93
44 57
77 60
89 31
21 22
22 57
23 39
66 48
58 64
29 1
89 56
15 95
94 76
6 16
90 88
65 52
42 40
36 93
59 93
40 10
95 90
44 9
85 92
38 44
54 24
57 74
78 79
12 18
43 72
36 12
35 13
27 44
18 60
51 38
10 8
48 48
42 49
95 46
25 98
10 19
57 3
18 5
97 32
6 15
26 64
86 55
13 15
97 21
24 43
23 96
35 3
41 10
5 87
72 8
8 46
64 60
47 49
59 91
81 47
40 95
27 49
2 72
15 97
13 83
69 36
46 29
39 58
20 86
17 62
76 89
28 7
43 74
32 69
27 64
79 28
66 10
18 47
26 55
94 45
25 33
79 76
92 51
63 41
31 71
60 93
96 4
82 65
85 82
8 80
78 54
42 88
56 42
62 68
81 62
53 20
47 1
11 0
54 53
41 30
47 45
62 47
75 6
19 46
50 24
60 12
43 5
91 57
62 44
89 25
X
16 84
36 10
33 73
15 32
58 71
38 69
42 31
74 61
37 31
8 49
23 9
67 25
49 80
2 8
85 51
28 50
94 80
41 57
77 81
84 67
94 55
37 78
57 70
69 50
62 86
60 77
53 22
37 74
64 85
25 96
9 7
39 94
64 0
29 74
22 44
39 13
16 40
98 7
51 15
45 87
17 78
28 6
42 44
94 67
61 37
24 69
14 32
32 67
8 62
92 77
27 6
76 20
25 84
46 81
73 53
52 17
29 69
41 62
67 81
72 96
72 0
78 34
63 94
88 98
33 92
65 50
50 16
79 45
59 66
81 96
42 8
83 36
79 6
86 37
53 55
50 39
28 65
38 76
3 5
95 39
34 20
79 8
62 32
73 3
19 12
63 43
56 21
17 83
14 70
47 38
30 96
45 81
97 81
74 95
56 62
82 5
24 87
43 96
84 77
83 55
83 81
97 30
3 23
16 52
30 77
96 50
88 39
95 8
20 6
40 60
84 90
24 59
16 94
23 59
68 70
81 24
11 25
66 77
34 83
67 79
87 98
48 47
35 74
16 23
73 16
58 23
11 26
80 36
28 34
54 26
14 48
5 29
11 43
26 7
83 89
57 66
18 84
78 77
18 13
86 58
68 48
60 36
7 52
93 82
97 12
56 56
48 62
56 46
14 9
77 53
94 62
64 3
26 9
44 25
9 98
27 92
55 82
13 34
60 69
54 51
35 18
14 86
54 19
36 33
16 31
37 61
80 8
83 8
76 58
90 7
94 91
62 57
49 10
53 78
88 67
92 13
46 41
73 51
89 32
2 11
70 85
79 71
75 31
2 80
11 80
89 84
7 84
36 77
88 35
38 9
10 82
29 72
61 49
75 15
96 70
20 38
63 65
48 4
57 94
1 44
2 81
86 53
42 91
61 12
28 14
73 23
95 15
51 97
37 54
89 78
75 46
41 89
88 24
55 19
11 56
26 62
47 0
93 92
45 75
60 73
29 22
3 97
41 9
74 29
86 43
92 36
25 19
48 29
37 32
24 67
86 33
68 81
40 53
34 19
22 37
42 12
88 86
23 32
47 29
41 54
45 10
64 97
98 17
31 39
70 73
56 65
39 52
78 50
10 57
89 60
50 15
70 86
40 26
39 3
49 24
43 12
17 46
54 50
61 80
51 53
37 65
86 39
90 37
88 13
45 54
78 5
82 10
30 11
93 36
14 43
71 10
21 57
3 18
79 80
13 88
18 74
46 48
84 85
90 32
30 63
9 16
13 16
52 20
96 95
13 90
38 67
61 16
71 11
2 92
55 68
39 6
83 2
19 85
75 58
24 21
57 18
45 33
28 81
0 87
52 18
21 30
1 42
18 50
48 26
0 71
2 94
67 36
50 70
70 61
41 68
48 7
0 45
55 71
73 50
22 32
45 29
24 88
18 2
52 39
57 48
11 93
59 71
8 41
14 72
51 8
37 42
62 58
22 97
42 23
26 29
28 30
67 87
79 33
52 49
32 36
25 72
50 76
19 17
39 65
13 55
37 40
13 2
90 1
83 20
89 10
84 81
65 58
65 57
48 22
8 86
26 57
85 36
93 78
92 23
25 7
7 3
3 78
36 76
69 16
41 53
63 52
53 16
35 6
68 31
32 7
56 84
45 40
65 48
75 80
55 72
27 12
49 11
1 28
96 97
32 22
45 79
36 59
47 79
47 82
28 56
80 57
34 22
70 5
63 58
35 11
13 73
78 19
49 40
37 12
50 40
91 62
71 45
61 90
39 46
61 58
86 24
76 52
96 46
52 33
66 88
84 26
36 55
57 24
58 67
39 40
43 6
94 69
91 97
5 39
37 50
85 77
53 7
98 69
11 2
63 7
79 44
13 49
81 8
67 30
X
31 87
64 35
45 38
91 39
84 63
26 10
70 81
38 50
63 12
64 72
64 50
71 75
45 34
85 38
40 64
18 7
40 77
53 48
94 78
56 91
20 28
94 32
16 9
20 54
58 9
73 70
26 25
28 39
79 38
31 80
93 94
23 3
66 78
78 57
38 48
20 87
60 94
84 56
36 41
80 71
37 7
82 49
29 26
X
34 65
64 39
34 28
69 5
53 27
16 54
14 6
48 13
60 32
79 29
73 94
21 37
50 41
44 52
82 38
70 93
51 56
66 45
90 55
62 69
20 29
27 70
25 4
32 66
73 40
15 23
31 34
29 23
29 84
72 81
69 2
18 22
70 38
85 84
53 91
38 78
10 10
14 11
91 55
46 59
55 24
6 8
81 82
76 37
90 77
12 11
92 11
78 47
9 65
90 87
55 48
76 47
87 21
49 39
65 10
64 43
9 81
8 45
83 58
22 96
75 66
82 59
14 53
12 86
70 14
36 53
48 80
74 87
33 86
23 43
12 50
14 45
50 89
29 44
95 53
42 18
83 56
17 51
32 45
90 97
34 90
6 40
88 42
78 30
41 74
53 77
19 81
57 64
94 79
2 86
24 26
66 16
90 3
50 50
22 85
9 3
63 18
95 97
63 95
41 96
5 57
37 90
63 21
40 12
96 16
70 84
87 57
89 68
37 59
51 68
63 13
74 13
25 56
25 53
3 43
9 35
65 37
13 75
77 74
85 72
43 35
22 73
24 44
44 81
23 33
19 21
51 84
94 63
38 26
65 75
14 26
49 89
38 53
58 2
18 73
9 86
48 98
1 69
17 68
37 93
68 26
89 64
86 48
45 2
17 36
69 3
26 54
89 43
60 81
21 12
69 96
45 88
9 97
33 66
12 10
3 26
73 85
29 52
21 82
63 57
68 95
35 21
38 91
17 45
20 24
76 11
17 3
67 0
48 53
22 29
26 63
86 89
33 25
71 24
37 85
47 14
62 27
7 54
75 48
55 41
42 92
79 42
70 87
18 20
87 24
32 30
54 76
85 52
24 97
33 10
17 67
21 98
45 13
13 6
41 31
77 86
10 26
87 81
95 16
24 1
15 76
32 78
43 26
66 21
77 28
9 27
71 51
32 32
33 52
19 44
83 30
35 8
32 2
5 90
31 58
11 24
48 40
19 6
33 93
42 63
25 5
74 85
60 58
11 49
98 89
33 30
90 94
85 41
81 9
90 95
16 63
97 4
53 51
1 27
50 26
79 68
79 40
53 46
74 81
6 74
21 36
82 34
10 81
8 67
4 21
27 48
4 28
79 15
34 72
10 67
55 39
46 8
19 79
77 44
49 69
90 4
32 40
3 8
71 47
4 25
36 81
56 51
8 8
64 92
29 81
7 51
82 12
46 73
73 27
81 57
41 92
64 88
66 11
23 67
63 2
67 24
22 84
21 7
12 77
8 14
56 59
55 51
6 3
23 61
34 9
82 90
42 95
67 32
36 40
80 34
13 81
78 4
3 53
66 49
19 15
48 72
25 45
73 4
58 15
36 44
2 63
38 96
51 20
68 11
48 64
19 33
23 36
7 92
40 86
56 18
75 59
25 10
7 48
23 66
X
X
X
X
X
X
X
X
X
X
X
X
X
X
X
X
X
X
X
X
X
X
X
X
X
X
X
X
X
X
X
X
X
X
X
X
X
X
X
X
X
X
X
X
X
X
X
X
X
X
X
X
X
X
X
X
X
X
X
X
X
X
X
X
X
X
X
X
X
X
X
X
X
X
X
X
X
X
X
X
X
X
X
X
X
X
X
X
X
X
X
X
X
X
X
X
X
X
X
X
X
X
X
X
X
X
X
X
X
X
X
X
X
X
X
X
X
X
X
X
X
X
X
X
X
X
X
X
X
X
X
X
X
X
X
X
X
X
X
X
X
X
X
X
X
X
X
X
X
X
X
X
X
X
X
X
X
X
X
X
X
X
X
X
X
X
X
X
X
X
X
X
X
X
X
X
X
X
X
X
X
X
X
X
X
X
X
X
X
X
X
X
X
X
X
X
X
X
X
X
X
X
X
X
X
X
X
X
X
X
X
X
X
X
X
X
X
X
X
X
X
X
X
X
X
X
X
X
X
X
X
X
X
X
X
X
X
X
X
X
X
X
X
X
X
X
X
X
X
X
X
X
X
X
X
X
X
X
X
X
X
X
X
X
X
X
X
X
X
X
X
X
X
X
X
X
X
X
X
X
X
X
X
X
X
X
X
X
X
X
X
X
X
X
X
X
X
X
X
X
X
X
X
X
X
X
X
X
X
X
X
X
X
X
X
X
X
X
X
X
X
X
X
X
X
X
X
X
X
X
X
X
X
X
X
X
X
X
X
X
X
X
X
X
X
X
X
X
X
X
X
X
X
X
X
X
X
X
X
X
X
X
X
X
X
X
X
X
X
X
X
X
X
X
X
X
X
X
X
X
X
X
X
X
X
X
X
X
X
X
X
X
X
X
X
X
X
X
X
X
X
X
X
X
X
X
X
X
X
X
X
X
X
X
X
X
X
X
X
X
X
X
X
X
X
X
X
X
X
X
X
X
X
X
X
X
X
X
X
X
X
X
X
X
X
X
X
X
X
X
X
X
X
X
X
X
X
X
X
X
X
X
X
X
X
X
X
X
X
X
X
X
X
X
X
X
X
X
X
X
X
X
X
X
X
X
X
X
X
X
X
X
X
X
X
X
X
X
X
X
X
X
X
X
X
X
X
X
X
X
X
X
X
X
X
X
X
X
X
X
X
X
X
X
X
X
X
X
X
X
X
X
X
X
X
X
X
X
X
X
X
X
X
X
X
X
X
X
X
X
X
X
X
X
X
X
X
X
X
X
X
X
X
X
X
X
X
X
X
X
X
X
X
X
X
X
X
X
X
X
X
X
X
X
X
X
X
X
X
X
X
X
X
X
X
X
X
X
X
X
X
X
X
X
X
X
X
X
X
X
X
X
X
X
X
X
X
X
X
X
X
X
X
X
X
X
X
X
X
X
X
X
X
X
X
X
X
X
X
X
X
X
X
X
X
X
X
X
X
X
X
X
X
X
X
X
X
X
X
X
X
X
X
X
X
X
X
X
X
X
X
X
X
X
X
X
X
X
X
X
X
X
X
X
X
X
X
X
X
X
X
X
X
X
X
X
X
X
X
X
X
X
X
X
X
X
X
X
X
X
X
X
X
X
X
X
X
X
X
X
X
X
X
X
X
X
X
X
X
X
X
X
X
X
X
X
X
X
X
X
X
X
X
X
X
X
X
X
X
X
X
X
X
X
X
X
X
X
X
X
X
X
X
X
X
X
X
X
X
X
X
X
X
X
X
X
X
X
X
X
X
X
X
X
X
X
X
X
X
X
X
X
X
X
X
X
X
X
X
X
X
X
X
X
X
X
X
X
X
X
X
X
X
X
X
X
X
X
X
X
X
X
X
X
X
X
X
X
X
X
X
X
X
X
X
X
X
X
X
X
X
X
X
X
X
X
X
X
X
X
X
X
X
X
X
X
X
X
X
X
X
X
X
X
X
X
X
X
X
X
X
X
X
X
X
X
X
X
X
X
X
X
X
X
X
X
X
X
X
X
X
X
X
X
X
X
X
X
X
X
X
X
X
X
X
X
X
X
X
X
X
X
X
X
X
X
X
X
X
X
X
X
X
X
X
X
X
X
X
X
X
X
X
X
X
X
X
X
X
X
X
X
X
X
X
X
X
X
X
X
X
X
X
X
X
X
X
X
X
X
X
X
X
X
X
X
X
X
X
X
X
X
X
X
X
X
X
X
X
X
X
X
X
X
X
X
X
X
X
X
X
X
X
X
X
X
X
X
X
X
X
X
X
X
X
X
X
X
X
X
X
X
X
X
X
X
X
X
X
X
X
X
X
X
X
X
X
X
X
X
X
X
X
X
X
X
X
X
X
X
X
X
X
X
X
X
X
X
X
X
X
X
X
X
X
X
X
X
X
X
X
X
X
X
X
X
X
X
X
X
X
X
X
X
X
X
X
X
X
X
X
X
X
X
X
X
X
X
X
X
X
X
X
X
X
X
X
X
X
X
X
X
X
X
X
X
X
X
X
X
X
X
X
X
X
X
X
X
X
X
X
X
X
X
X
X
X
X
X
X
X
X
X
X
X
X
X
X
X
X
X
X
X
X
X
X
X
X
X
X
X
X
X
X
X
X
X
X
X
X
X
X
X
X
X
X
X
X
X
X
X
X
X
X
X
X
X
X
X
X
X
X
X
X
X
X
X
X
X
X
X
X
X
X
X
X
X
X
X
X
X
X
X
X
X
X
X