23 21
8 69
57 93
50 75
73 53
42 18
66 41
41 60
13 26
81 2
84 5
22 77
21 3
82 37
82 14
17 46
8 28
60 83
85 52
78 77
70 86
49 38
16 7
8 85
31 96
3 94
83 73
35 94
22 97
1 4
84 16
89 59
18 28
55 55
5 82
35 98
6 50
17 62
40 34
48 24
93 17
43 93
64 86
34 76
76 71
0 39
83 13
73 92
36 93
64 35
33 98
69 30
35 39
70 2
52 49
7 62
77 20
42 25
5 65
69 41
6 81
80 26
21 26
92 14
93 4
49 44
25 72
28 84
46 54
80 32
78 82
16 5
54 92
13 27
42 52
28 16
72 93
7 25
0 35
81 89
9 28
2 84
61 57
51 66
15 49
96 23
22 16
37 14
30 85
28 56
79 34
46 73
43 24
23 20
17 4
41 62
30 78
50 62
76 52
20 4
35 70
25 24
69 79
44 40
68 18
63 60
15 62
1 17
22 85
60 86
93 95
77 25
18 1
81 22
8 20
69 15
20 44
24 19
5 54
34 43
60 91
36 62
85 42
84 88
45 29
55 23
82 85
62 58
16 53
96 0
76 9
60 55
84 36
86 5
63 79
3 59
4 59
86 65
42 71
4 88
36 59
19 74
76 34
60 85
46 28
84 38
57 60
45 91
76 85
58 39
7 98
11 43
41 36
63 69
98 1
30 87
48 61
13 75
19 16
25 38
87 55
29 8
42 47
96 50
92 43
20 29
63 76
93 0
53 98
93 90
10 30
12 70
1 87
86 75
20 25
13 92
42 35
14 46
52 68
61 37
11 15
6 27
56 42
57 57
59 93
8 7
4 94
40 87
11 48
63 44
78 23
57 59
3 69
5 4
61 86
23 38
93 20
49 80
93 68
64 5
79 67
1 74
65 91
40 62
73 28
66 12
89 80
74 86
47 71
11 61
24 10
28 87
78 12
12 92
96 51
16 61
28 93
58 63
34 88
69 26
76 64
65 83
12 91
2 64
75 53
79 43
33 18
46 95
10 46
81 46
43 55
11 93
96 87
56 16
35 20
37 63
40 92
22 15
1 90
11 5
88 44
71 65
15 17
72 68
49 40
62 70
3 67
38 72
7 8
95 71
21 5
96 52
60 69
18 18
87 0
54 47
68 92
98 73
17 58
0 1
29 1
70 96
72 22
25 56
53 4
51 3
91 63
92 83
66 63
9 10
68 44
92 81
72 47
86 14
21 68
19 3
4 30
19 2
20 15
21 57
82 69
49 14
57 29
32 44
96 65
75 67
55 6
61 15
30 26
52 3
25 17
8 67
45 54
93 72
76 82
68 25
79 68
26 34
54 16
35 1
14 16
9 6
48 63
11 23
87 45
83 25
65 22
24 49
47 30
90 14
80 84
92 49
42 89
64 65
47 37
74 59
30 23
77 84
38 52
28 61
18 10
45 89
97 81
24 66
66 2
75 6
2 51
27 13
46 89
41 40
29 86
39 82
70 37
2 86
34 79
51 37
65 76
56 72
49 43
17 88
94 2
29 45
39 10
26 7
65 36
63 93
8 35
12 97
10 64
36 77
43 75
85 24
11 9
24 23
32 74
17 13
15 86
44 38
81 32
23 27
47 63
1 41
47 79
51 16
12 87
38 35
12 17
48 62
39 51
58 11
56 40
85 85
0 79
61 71
42 73
27 38
34 14
40 20
90 50
80 36
66 22
98 29
55 16
25 44
79 38
85 80
28 38
80 54
23 29
81 24
1 27
25 74
35 25
68 90
80 93
36 86
80 42
9 4
73 3
16 18
15 23
31 90
6 56
96 16
6 26
72 78
27 28
39 66
6 86
57 44
33 91
78 17
82 26
30 95
61 39
12 55
45 13
98 70
36 45
67 3
65 43
10 71
26 8
70 48
45 18
80 73
23 39
59 67
65 66
74 7
41 52
71 35
28 85
98 87
86 9
14 56
30 66
8 81
21 49
90 94
76 66
72 81
35 51
1 79
70 26
43 21
69 62
29 62
51 35
42 31
93 73
46 41
12 1
95 81
85 95
60 25
68 85
70 28
50 49
33 86
7 91
9 83
33 40
2 43
38 9
15 28
9 30
23 30
41 44
31 8
54 65
16 92
71 75
21 9
25 5
67 63
35 59
20 97
69 92
91 42
78 62
25 28
89 67
77 55
14 43
43 27
83 78
45 9
55 56
89 88
2 94
41 93
39 73
47 70
94 79
56 91
5 49
49 76
60 64
94 22
12 95
93 92
20 12
82 84
32 43
91 46
88 35
27 61
20 8
39 60
17 19
86 12
0 89
82 68
56 4
49 68
50 89
33 74
8 12
32 58
39 21
2 4
7 15
92 65
30 81
38 14
30 12
93 71
96 98
88 43
68 49
76 28
36 66
62 44
93 66
22 89
86 50
74 58
53 56
1 76
62 54
56 94
38 25
54 57
2 96
93 94
66 3
73 14
5 19
98 58
29 13
88 82
21 90
62 95
19 9
20 37
8 78
12 80
77 57
97 91
52 22
75 71
86 95
59 17
71 7
60 32
95 79
9 8
77 29
32 58
84 53
63 73
55 13
87 11
43 9
80 14
79 44
20 84
38 86
58 77
21 92
2 55
4 54
80 77
95 74
59 21
93 87
62 69
91 12
94 67
56 45
46 96
57 52
63 75
48 30
93 38
28 31
54 53
21 12
42 49
69 98
28 59
9 1
3 79
40 64
13 83
62 83
59 6
43 42
9 61
26 72
27 34
63 84
37 9
8 23
48 25
34 97
42 8
49 34
63 8
66 26
47 42
52 8
75 35
49 27
92 77
12 7
0 75
17 69
45 98
17 63
76 23
61 47
10 72
65 47
58 25
59 48
96 58
5 22
22 83
4 26
15 12
86 38
87 46
25 95
17 3
89 49
22 43
51 32
64 38
59 54
58 45
18 50
78 22
21 66
75 54
47 97
59 34
47 1
91 43
79 9
25 45
14 37
77 74
32 73
10 45
67 98
41 70
77 6
26 98
51 45
74 18
23 65
70 32
83 63
6 43
56 10
33 90
70 89
91 47
19 97
37 90
81 43
16 15
40 65
14 38
66 20
44 79
45 70
31 75
29 31
64 28
14 81
64 37
51 20
73 21
70 62
80 94
22 40
85 40
55 60
16 54
23 66
60 38
67 11
95 14
52 48
86 47
60 15
61 50
48 69
76 0
49 42
33 82
2 61
75 42
37 91
77 4
16 68
67 59
8 16
16 6
64 90
87 38
36 73
29 80
83 62
18 81
81 13
71 49
8 29
3 56
23 88
10 26
90 4
46 61
71 32
56 89
72 9
23 70
37 68
52 75
57 25
73 83
23 73
65 9
15 45
27 62
68 83
66 61
19 25
72 24
52 39
17 36
74 39
38 43
29 52
86 84
23 59
66 47
25 91
74 34
7 36
76 51
43 92
56 31
19 29
5 8
56 15
32 68
26 59
4 6
94 45
40 75
90 70
51 76
89 36
28 44
25 35
79 56
58 55
93 53
48 64
61 10
49 45
71 54
76 24
89 3
98 80
16 40
27 55
61 27
63 33
54 21
67 55
17 59
13 40
6 42
75 40
3 6
33 2
16 21
40 29
94 32
72 33
83 96
75 44
80 17
32 46
76 16
34 56
50 47
49 97
32 37
23 81
95 23
38 62
66 85
88 45
51 72
12 78
14 7
32 45
24 35
39 12
15 97
18 60
73 71
39 68
48 71
9 26
53 12
54 60
21 82
83 97
57 90
80 20
70 23
21 70
82 87
49 29
89 81
48 10
19 92
50 33
98 37
77 64
52 50
42 51
74 60
28 83
3 66
18 3
35 34
4 70
50 85
75 59
29 93
47 53
75 76
59 20
7 85
2 28
18 88
82 5
75 66
44 64
11 36
72 59
35 24
25 75
32 67
83 19
94 80
90 10
27 96
86 39
22 98
66 84
65 27
4 16
55 8
58 66
37 87
23 67
70 16
1 20
75 75
26 25
22 86
19 65
55 25
76 87
55 7
95 54
63 50
48 53
17 44
39 9
56 74
2 87
83 70
86 16
10 0
95 15
62 52
3 72
26 17
3 73
35 29
27 53
66 16
61 36
68 11
36 34
6 9
49 61
1 60
14 48
72 17
66 62
97 20
56 6
49 17
25 36
67 30
43 53
37 39
1 81
75 13
86 78
56 93
73 79
76 53
52 70
9 64
32 88
12 48
61 75
78 83
40 48
48 2
24 13
29 16
42 26
6 3
39 23
71 95
74 87
27 59
31 33
68 30
46 98
40 36
34 23
17 64
12 90
50 23
82 93
32 90
41 76
27 74
76 45
7 84
96 21
87 80
56 12
78 73
11 81
95 90
85 45
49 5
95 53
53 49
63 64
34 49
80 88
77 34
30 52
55 93
80 2
84 57
70 6
4 52
88 49
56 8
10 28
47 62
50 7
2 16
47 25
49 74
56 62
44 21
74 16
98 13
14 54
69 72
17 82
86 32
12 11
20 0
42 45
41 31
97 9
63 45
7 4
94 93
29 37
21 0
3 7
81 62
85 37
47 2
19 81
58 6
36 44
81 83
95 68
65 15
76 93
70 0
76 14
70 73
47 43
50 53
22 51
28 92
84 74
35 15
5 74
23 80
88 79
50 15
58 34
20 13
27 27
89 43
91 35
87 31
65 78
12 13
28 2
31 5
52 34
27 41
84 14
13 41
47 46
20 26
68 91
77 16
90 29
76 8
59 62
12 79
66 17
88 67
7 92
56 80
59 77
56 64
76 86
96 53
7 66
20 11
67 19
29 81
26 54
60 51
71 56
40 60
64 11
13 0
50 41
12 53
48 9
37 61
89 62
38 61
60 46
22 23
21 93
15 39
42 21
67 91
98 2
39 4
54 56
47 32
58 80
86 7
31 63
90 95
4 22
98 86
44 98
69 43
71 70
53 73
46 56
65 1
82 12
56 41
39 84
87 73
29 51
17 87
11 38
11 46
9 52
25 67
26 38
13 6
49 39
28 37
4 83
38 95
79 81
49 37
39 7
85 83
8 13
89 93
64 21
2 20
35 21
46 38
61 94
24 12
64 98
40 51
62 90
57 35
26 29
28 66
55 49
78 56
55 0
40 57
81 53
96 66
36 14
36 97
78 64
91 34
38 24
79 79
94 48
12 0
44 52
47 45
71 23
74 13
89 66
22 50
70 38
23 42
13 93
2 14
65 16
95 65
65 2
56 0
30 6
90 87
69 19
41 35
28 54
98 66
54 3
6 4
33 7
74 71
10 81
30 73
11 40
20 10
78 40
16 88
48 80
10 62
0 60
23 89
50 81
4 8
23 37
85 27
21 30
56 39
88 59
32 29
37 34
8 44
76 61
56 18
2 11
33 27
14 32
20 81
75 85
60 37
45 20
34 84
22 52
67 12
83 7
56 46
39 36
49 63
37 73
27 47
16 83
41 45
23 10
44 10
12 68
84 81
15 98
3 88
45 27
66 4
2 73
36 29
47 0
42 58
29 57
1 3
95 67
10 9
54 81
50 54
43 66
44 90
63 74
78 60
84 58
94 12
58 3
45 63
43 86
65 4
83 15
45 86
43 71
81 56
15 5
8 47
9 44
48 70
23 7
86 49
87 72
65 37
96 2
39 49
23 1
54 93
36 23
12 10
62 74
3 84
43 88
91 48
90 78
93 18
67 58
29 27
35 17
80 57
73 60
97 70
20 51
87 2
49 33
10 68
1 7
50 26
58 69
16 46
60 10
90 9
66 39
89 19
24 80
89 10
29 3
80 51
24 78
35 48
73 65
94 89
71 57
54 46
55 59
55 33
23 68
94 55
7 97
42 24
53 48
80 67
42 37
61 52
16 48
62 94
74 51
78 41
13 72
54 73
83 52
17 34
73 66
44 28
67 25
27 11
51 89
21 55
2 52
88 5
89 32
22 21
29 79
70 81
28 17
94 77
57 70
22 60
80 66
20 79
55 18
81 26
79 63
30 38
27 66
45 0
36 94
54 26
78 43
41 50
79 12
67 81
44 57
15 44
25 73
85 36
16 4
59 85
65 70
77 30
5 80
83 89
62 66
9 13
10 43
69 96
89 15
32 80
15 92
81 92
65 46
18 29
43 65
31 91
2 77
33 14
54 13
89 42
90 43
70 14
33 44
69 28
51 0
86 85
36 69
18 91
0 34
78 49
8 41
4 28
10 18
46 20
35 12
56 53
2 6
58 12
17 32
62 77
57 56
51 88
8 6
30 1
8 45
60 94
70 21
89 83
75 25
47 60
13 33
36 13
32 20
29 5
95 45
61 59
35 82
86 74
68 95
82 65
63 96
75 38
44 47
48 40
61 42
39 40
75 51
63 59
50 82
84 30
46 26
3 74
80 95
36 33
1 31
22 56
59 10
76 50
8 43
32 83
10 16
7 81
95 20
10 58
10 54
60 90
41 23
64 17
24 44
88 48
30 51
11 79
29 29
38 97
83 79
7 13
29 14
52 15
85 57
90 42
3 28
65 29
83 74
2 82
71 72
52 86
56 59
62 96
58 81
97 58
19 36
75 62
72 55
98 26
16 77
51 28
74 83
36 55
1 46
26 68
34 11
97 10
34 21
46 86
23 12
20 28
67 20
20 31
3 98
57 92
75 50
95 3
91 18
39 61
17 60
7 54
31 46
18 87
55 41
63 48
1 83
64 19
66 50
82 98
47 16
92 32
53 1
78 61
45 58
6 62
60 12
12 6
96 67
20 77
73 11
45 46
35 60
62 73
19 73
82 82
57 40
79 22
40 85
17 83
30 68
46 27
18 39
63 38
80 82
76 94
16 11
37 24
55 47
42 27
92 95
9 14
32 25
15 96
79 73
89 46
9 27
78 46
48 5
59 86
74 35
98 63
13 24
12 21
20 35
23 86
46 65
43 54
55 12
11 62
29 32
9 69
3 92
7 64
38 96
2 66
88 40
79 97
47 38
8 87
27 57
5 56
77 63
39 55
92 33
21 38
0 18
57 64
12 2
67 82
37 92
79 47
79 82
54 12
85 32
97 16
64 14
70 82
59 44
25 13
22 22
51 53
40 95
22 72
40 47
34 29
56 87
41 11
13 21
35 30
19 52
26 62
7 72
40 40
81 23
42 57
60 22
12 93
62 85
55 77
25 6
8 86
8 48
69 51
24 56
13 80
69 6
15 52
49 50
77 17
98 84
89 73
78 37
44 18
67 47
1 47
16 45
4 13
3 97
79 77
55 86
95 97
55 70
27 39
9 78
81 94
67 2
93 1
93 3
18 19
6 74
14 45
44 72
28 78
13 89
6 54
98 23
33 30
15 43
66 31
36 56
8 97
45 42
17 35
84 28
77 68
50 97
0 55
64 96
29 11
88 77
24 47
4 27
45 23
64 87
59 57
84 7
29 24
85 82
9 87
90 62
94 33
0 16
2 63
32 75
94 42
91 60
94 0
97 53
51 97
83 55
59 60
5 92
92 87
47 98
1 55
45 56
73 81
24 70
34 32
28 36
90 59
49 6
30 72
40 72
43 64
60 28
41 46
71 33
28 77
18 42
24 74
97 15
42 87
68 14
84 44
3 80
52 82
31 58
55 68
17 28
42 16
80 27
91 90
74 6
2 58
29 49
62 27
65 79
87 24
88 73
4 74
89 54
84 98
54 85
62 26
55 87
54 20
84 84
46 58
64 84
39 83
68 56
82 18
50 35
77 80
47 21
21 73
43 63
66 38
27 4
91 26
19 24
35 83
95 37
64 7
50 72
48 11
3 31
54 9
60 23
62 61
16 8
12 27
61 28
98 55
7 74
52 88
21 72
59 5
48 17
68 37
14 5
22 41
72 12
79 31
22 39
89 44
47 13
9 9
66 32
39 44
30 70
31 93
79 76
44 13
80 29
64 97
63 86
65 69
74 72
43 67
7 67
89 8
86 86
44 73
59 66
19 83
9 74
2 50
29 12
78 33
95 82
97 74
70 72
59 76
39 69
54 70
80 15
8 61
35 45
6 30
20 43
22 7
48 60
71 44
95 69
50 52
81 42
93 82
29 23
54 15
87 77
32 4
25 52
36 32
59 0
27 6
5 69
18 83
45 34
5 95
1 29
15 58
97 69
19 6
21 94
52 46
23 92
89 76
51 1
39 22
43 72
95 59
33 66
24 53
62 42
41 64
87 21
96 42
5 87
19 86
87 25
52 18
75 39
84 23
41 92
93 45
24 11
2 72
34 46
87 43
98 74
90 80
53 18
55 2
23 26
67 72
91 33
33 6
83 6
42 41
40 24
55 51
30 5
88 10
64 64
82 70
78 54
37 49
30 48
81 79
21 7
67 24
47 31
32 5
42 12
97 89
96 20
59 23
8 71
81 6
8 84
84 8
61 25
28 6
13 43
72 92
66 11
96 72
37 13
98 56
19 46
61 14
34 25
58 65
55 46
37 89
23 62
23 78
52 63
74 24
65 52
10 10
16 9
22 28
70 10
3 17
77 35
58 0
68 58
55 39
36 11
61 98
81 36
81 73
24 59
42 5
70 22
95 4
24 4
11 55
45 5
56 66
66 5
22 76
36 76
59 45
17 49
8 22
7 56
17 12
70 74
63 34
53 75
71 97
50 67
79 94
42 46
38 23
43 94
36 53
79 49
37 84
44 42
28 95
32 95
82 46
28 48
53 67
82 3
24 6
70 77
32 2
82 95
82 40
86 91
4 55
92 66
63 72
34 10
16 37
2 71
59 35
50 91
44 86
11 22
3 46
37 59
32 97
51 19
92 18
29 63
37 69
85 77
18 89
31 69
22 73
25 10
23 9
18 30
51 84
58 95
55 80
13 49
40 11
7 34
5 53
0 30
47 64
76 38
64 54
20 19
38 79
70 15
93 79
4 12
57 71
90 17
48 0
79 48
13 54
39 57
59 83
65 72
19 54
85 50
67 53
98 11
4 20
26 53
41 63
59 28
54 75
95 8
36 25
14 83
77 62
91 79
28 62
57 11
3 64
79 75
16 94
17 78
6 25
21 28
32 34
17 48
91 85
18 12
59 41
78 4
6 69
38 13
10 55
20 56
15 13
58 51
40 86
87 81
48 32
74 92
37 62
83 24
24 16
76 62
35 82
96 91
12 47
33 24
80 4
52 77
16 38
18 44
19 40
3 8
76 68
89 65
21 83
78 34
70 11
83 30
16 19
38 68
42 93
23 33
2 39
0 31
23 87
95 66
53 40
43 47
78 6
78 96
96 95
82 49
22 38
35 13
35 3
20 89
83 68
25 84
10 94
71 47
19 53
67 40
12 16
55 50
58 89
74 3
33 51
32 28
17 11
84 83
10 39
82 4
4 23
73 29
19 76
3 54
98 21
26 28
77 28
97 25
52 29
12 28
56 75
15 14
58 43
39 52
57 69
25 43
69 89
54 61
68 81
57 76
22 57
47 29
18 41
92 53
78 81
80 55
6 23
33 50
60 71
80 64
69 36
66 70
91 45
13 98
78 52
21 24
85 30
74 20
55 90
17 37
69 33
45 59
49 52
60 18
36 8
1 78
53 97
23 22
71 80
91 39
36 50
72 4
29 25
68 97
32 30
6 19
81 44
58 18
93 6
8 19
42 98
48 13
40 61
89 31
91 50
0 36
84 4
83 40
9 82
8 26
31 3
95 19
7 53
87 95
64 34
96 7
72 91
30 93
47 33
79 58
89 34
14 93
19 51
4 69
47 36
6 38
92 24
73 41
44 4
62 68
60 57
88 60
80 30
64 43
5 7
58 10
39 33
83 45
41 65
58 15
91 89
53 71
44 75
47 67
26 9
45 65
77 26
86 55
74 30
21 44
21 23
23 17
25 89
55 88
93 5
7 19
10 82
61 1
83 77
41 4
19 38
57 88
69 27
60 41
82 63
58 50
57 62
6 82
29 66
87 88
18 73
28 14
89 64
18 58
35 38
88 87
60 11
35 7
98 25
82 56
96 71
79 28
52 51
23 11
80 93
5 89
73 77
83 59
26 32
12 71
89 75
60 70
40 53
85 12
46 66
31 67
21 50
13 48
88 33
14 57
49 47
73 84
46 21
33 52
49 9
27 17
13 50
4 76
77 88
67 48
77 12
63 95
1 56
73 85
6 66
17 67
39 29
35 22
80 50
3 63
33 79
56 78
81 97
91 70
66 97
74 62
55 65
98 24
71 93
41 5
47 11
91 13
35 9
28 20
76 20
7 59
61 17
76 77
51 65
41 48
36 79
91 97
46 62
18 7
91 55
32 33
54 67
28 28
86 25
47 81
7 55
91 38
34 83
93 42
64 57
25 58
49 95
26 64
7 38
34 38
37 7
24 14
90 31
19 37
25 88
32 8
46 80
9 84
6 39
22 79
28 5
23 25
13 18
77 59
70 1
96 9
7 88
34 18
24 72
59 14
91 25
60 43
25 96
56 14
52 21
45 28
84 90
74 57
23 60
56 35
92 50
63 5
16 63
61 95
43 5
27 25
81 75
70 59
57 84
19 4
96 74
17 20
44 12
82 25
6 32
71 38
28 25
53 19
80 39
55 61
33 65
50 34
71 87
13 47
46 57
34 24
2 59
23 19
45 40
13 53
84 41
8 66
11 6
68 36
73 55
94 36
37 70
19 8
54 79
65 41
50 66
71 29
64 6
16 82
80 86
45 12
30 63
74 19
70 33
61 77
59 50
27 92
74 4
58 41
38 65
40 15
66 77
76 40
1 42
77 71
66 28
2 5
42 97
17 74
82 29
44 6
24 20
74 95
20 20
18 35
97 48
18 11
72 66
26 18
64 10
1 28
95 33
61 90
96 6
42 88
98 9
71 43
81 50
30 44
25 16
94 49
96 79
6 89
4 15
45 50
46 39
78 20
17 45
7 44
53 26
16 3
42 48
57 30
69 58
63 32
15 55
90 71
19 64
44 66
13 23
81 25
79 17
57 75
29 73
82 79
77 77
74 48
4 93
39 93
26 3
47 47
54 18
63 18
24 51
72 63
56 3
97 26
61 80
91 14
53 55
50 38
75 27
11 7
54 74
3 70
96 83
92 84
71 3
56 65
85 41
64 93
61 60
5 50
43 39
1 11
16 23
53 85
62 59
31 21
56 9
34 44
87 75
82 2
59 59
51 6
84 63
27 7
17 16
73 13
76 37
8 14
72 54
89 92
13 32
93 57
15 90
44 69
18 47
41 74
38 55
60 77
61 24
55 95
58 17
77 23
69 60
29 53
36 54
9 0
5 14
22 3
62 98
12 14
50 9
41 9
61 2
19 84
36 85
63 68
83 58
43 58
13 13
11 25
98 47
82 31
79 20
32 85
76 3
4 78
90 7
57 42
91 78
14 2
62 55
36 26
58 70
98 69
19 48
88 7
55 15
81 3
59 7
94 46
87 49
40 12
9 2
60 20
20 94
45 22
44 63
1 2
26 41
11 42
0 92
35 26
3 50
16 22
1 16
35 75
82 75
0 32
53 81
90 96
73 43
50 6
10 13
6 6
73 72
0 5
30 50
25 71
12 12
31 39
73 91
15 91
75 58
88 41
33 24
52 30
89 71
85 84
14 70
4 65
79 80
7 26
81 64
77 9
78 58
75 68
28 79
40 10
93 44
90 26
23 61
8 46
96 48
1 97
39 56
42 70
43 41
5 86
51 68
86 94
62 62
74 42
15 34
35 47
70 88
30 39
20 6
57 79
85 49
98 5
41 38
88 46
78 69
43 37
86 63
34 48
60 50
56 13
41 12
55 4
29 38
43 85
13 16
57 43
17 51
0 73
52 37
51 73
52 20
87 87
64 47
3 93
23 55
82 41
62 93
58 91
83 36
45 26
11 95
48 33
33 58
3 9
4 84
19 47
93 48
96 70
2 97
12 25
3 95
18 90
89 79
0 54
97 13
70 55
33 34
41 54
74 73
37 71
27 97
44 81
6 70
0 83
73 48
61 54
78 35
65 32
25 8
46 83
59 90
64 89
19 78
98 90
65 49
82 71
47 69
73 76
45 35
90 79
55 36
78 25
63 7
24 96
51 8
1 91
65 77
58 82
86 33
56 61
64 61
38 91
85 86
53 14
9 29
57 66
24 90
48 15
4 49
54 59
79 16
85 7
86 3
29 72
72 6
78 74
96 13
61 7
21 51
31 95
11 16
27 16
73 62
77 7
93 75
92 68
15 33
24 84
72 7
0 88
15 89
15 93
11 79
7 18
33 22
35 71
54 72
2 27
48 29
14 53
89 84
38 44
5 51
0 76
38 93
24 17
53 92
64 22
9 79
10 65
68 60
51 46
49 56
97 2
51 30
47 48
82 43
76 10
74 91
51 38
52 6
91 53
58 52
37 47
38 12
34 5
91 82
60 65
62 64
78 39
24 75
71 10
1 6
65 12
91 51
62 53
27 2
93 30
42 17
87 50
74 36
40 41
0 15
65 96
4 50
19 43
39 41
72 35
21 13
37 60
60 73
6 63
18 64
77 51
60 26
66 64
14 18
9 66
53 58
93 58
92 39
45 47
14 91
51 71
88 72
38 73
31 71
1 37
38 67
69 44
34 52
35 49
83 8
34 87
58 72
82 50
54 8
87 39
42 10
82 94
10 59
54 51
46 49
81 9
34 4
84 27
90 83
44 25
64 2
33 20
75 48
48 52
57 34
38 4
80 59
62 46
6 22
33 36
55 64
29 94
58 76
81 27
53 8
71 21
92 61
94 96
18 24
98 17
9 80
61 26
37 77
32 22
17 81
34 45
37 12
81 18
88 54
65 17
31 62
55 66
54 89
29 84
73 11
28 63
63 80
37 95
75 91
81 38
32 40
77 1
44 46
28 33
59 9
80 96
41 17
2 8
87 3
85 56
72 77
62 76
13 84
34 81
87 47
55 81
35 86
77 46
98 7
68 50
26 26
27 44
35 89
64 4
67 84
2 83
96 96
59 3
59 55
39 96
28 64
16 10
88 3
86 58
44 1
47 39
50 13
65 39
72 90
77 75
85 75
47 34
33 35
73 35
30 71
27 49
98 65
10 85
56 50
7 75
38 6
50 71
1 44
14 12
36 74
23 8
96 68
72 84
82 33
64 49
96 41
24 93
17 98
95 40
53 72
63 39
93 83
3 96
48 11
48 7
85 26
2 54
51 92
8 73
87 26
50 43
5 16
15 42
65 86
66 90
53 44
0 87
76 44
22 27
78 85
64 8
29 87
52 58
56 76
72 15
11 86
74 89
5 83
49 70
86 76
19 30
92 62
56 73
77 90
36 6
18 20
26 44
48 54
85 1
27 70
92 71
42 90
59 37
22 66
10 1
18 72
23 82
34 6
53 5
95 1
78 9
25 60
37 78
63 2
68 21
42 63
87 54
49 75
36 43
55 48
13 85
32 23
87 22
31 74
24 87
76 60
21 56
98 77
18 85
66 35
19 39
26 69
84 13
14 89
30 27
31 81
31 28
57 95
63 52
29 10
86 41
31 23
3 68
70 19
92 58
98 12
55 78
24 15
77 76
20 39
32 72
7 93
77 2
34 74
71 22
11 21
35 44
87 59
74 85
96 5
6 59
14 6
82 67
41 96
95 51
26 23
43 36
83 23
78 16
13 44
41 56
59 49
2 81
76 65
28 29
84 66
41 30
14 10
67 78
91 24
34 30
11 27
69 35
37 50
7 33
12 89
62 92
31 66
54 90
28 24
16 75
56 25
80 8
68 35
53 7
55 19
24 67
73 94
22 87
91 19
22 82
17 66
40 27
88 39
75 81
67 92
50 31
71 16
60 13
34 2
83 61
53 53
93 23
23 79
61 49
84 60
87 6
39 25
61 6
2 9
57 37
4 80
17 24
93 74
35 32
63 11
67 69
57 27
23 52
34 19
19 44
49 72
3 15
11 10
46 59
73 70
18 9
27 50
40 44
64 75
2 15
48 67
45 6
11 45
72 48
60 59
11 64
63 83
48 47
64 12
88 98
80 63
94 7
68 7
91 23
15 9
16 60
37 26
27 10
95 98
39 43
82 1
26 2
76 76
31 65
48 95
87 57
17 7
42 66
39 50
92 25
44 71
14 77
43 20
50 17
94 1
97 71
34 73
18 40
38 89
25 55
3 52
9 35
34 31
77 10
27 48
90 40
86 37
87 10
94 5
71 12
43 50
44 45
2 58
85 21
1 61
50 55
95 35
83 81
75 55
90 18
89 68
58 97
21 14
53 37
3 41
87 67
6 91
85 76
33 45
83 43
73 73
48 16
9 75
85 51
21 31
46 11
8 18
88 42
21 18
52 28
39 94
42 42
25 94
86 96
45 64
66 82
81 60
67 42
48 45
95 13
9 19
68 59
60 68
75 65
32 79
41 57
18 25
94 64
49 54
10 17
5 91
20 34
8 75
94 8
37 79
30 2
59 33
72 73
85 13
91 59
93 69
0 91
23 32
95 43
28 60
58 23
88 93
46 52
11 13
23 90
48 27
32 82
90 76
77 19
68 89
62 13
57 53
80 45
17 79
32 86
40 96
6 58
55 73
44 8
96 19
69 3
14 47
34 85
5 93
58 74
28 65
81 69
88 88
92 48
51 9
56 71
24 61
36 72
86 59
73 4
68 53
30 62
88 8
24 91
60 53
54 96
26 45
61 73
37 54
43 51
63 77
89 29
82 88
43 25
15 95
36 10
65 57
78 57
30 92
52 0
81 63
47 28
75 19
53 20
2 74
67 8
15 16
81 35
77 58
11 44
94 71
44 27
58 35
76 72
35 40
97 6
34 33
85 98
22 4
84 42
40 54
89 6
81 17
85 5
93 56
46 30
21 11
53 45
56 63
34 75
23 4
83 93
3 40
36 9
2 56
48 72
2 29
15 82
54 76
62 97
64 48
57 51
18 54
32 39
33 93
66 60
39 74
28 94
89 25
60 3
59 92
30 69
13 87
60 60
17 23
32 36
39 8
28 68
8 51
88 65
92 23
82 74
23 75
39 46
75 96
34 17
9 70
93 37
76 1
82 42
91 62
85 92
6 85
6 40
63 15
66 65
2 12
5 64
82 7
11 65
65 71
83 3
92 51
57 72
2 60
87 48
52 57
5 67
64 16
65 97
97 30
78 45
1 73
36 75
85 64
43 89
48 12
53 28
69 97
21 16
23 31
40 97
98 82
32 7
38 76
24 58
63 43
85 63
17 38
4 4
40 21
31 24
58 71
81 57
91 81
98 75
56 2
9 86
40 4
49 48
0 94
80 24
60 39
41 90
16 36
12 86
76 6
80 16
36 7
37 15
97 44
3 83
13 1
14 98
5 90
86 42
78 80
5 44
63 21
49 83
93 16
19 15
13 14
79 71
64 80
31 37
77 8
62 51
14 73
83 83
75 89
12 50
23 34
22 20
34 40
77 91
35 77
28 81
60 4
41 85
97 4
15 40
23 51
31 57
65 23
60 30
54 71
98 83
57 61
81 95
81 48
81 51
87 8
29 59
10 67
92 63
10 20
67 90
33 49
63 94
62 28
24 73
16 58
10 97
91 5
29 7
33 97
20 38
37 85
68 57
24 3
77 29
56 54
94 11
40 32
81 34
11 2
69 53
96 92
28 4
68 42
30 45
37 53
19 13
91 74
64 66
76 7
51 34
41 77
31 80
49 55
37 58
7 20
96 89
95 88
4 87
71 66
46 97
16 24
62 75
71 6
64 92
1 32
74 52
10 74
69 95
18 38
67 57
28 30
2 48
82 19
77 49
24 1
63 65
11 80
12 41
40 3
29 78
58 53
10 63
96 40
82 73
89 94
89 82
14 87
2 67
35 46
4 95
71 11
60 84
71 63
69 57
72 62
76 73
40 46
65 7
34 13
19 19
24 26
71 88
4 14
25 4
6 15
44 77
89 5
90 88
53 0
48 46
54 87
56 21
19 23
13 97
90 11
46 7
6 57
5 52
29 35
38 51
21 98
57 21
86 28
32 87
67 32
78 36
24 30
10 11
70 93
67 1
26 73
43 4
77 86
94 23
18 63
16 84
21 96
55 92
22 91
45 79
24 54
64 83
81 88
51 87
27 72
21 36
88 16
87 15
38 36
20 39
43 95
26 14
67 33
77 89
27 21
72 29
51 69
11 4
27 8
2 78
23 83
56 29
88 92
23 6
96 16
24 98
12 9
81 71
62 11
94 72
85 47
20 55
2 95
69 9
96 88
21 35
42 33
44 19
83 76
71 45
44 37
11 26
54 32
47 12
45 81
7 5
85 4
68 3
42 64
52 61
35 61
38 40
14 14
9 94
40 22
1 95
62 10
48 38
72 70
91 95
79 69
70 27
10 2
47 66
28 39
14 58
41 79
17 97
45 1
52 65
31 25
10 8
3 82
85 97
80 9
81 28
56 47
10 4
88 1
34 39
88 13
86 8
87 66
20 32
88 17
9 46
91 88
60 58
69 81
62 60
70 68
10 98
28 49
39 58
93 88
65 44
78 8
55 82
74 98
71 55
69 1
58 64
66 91
67 6
64 23
15 26
87 9
29 18
37 57
24 48
79 23
76 57
32 48
56 81
64 70
46 10
5 73
64 60
71 77
45 10
30 49
28 23
17 31
46 24
86 80
93 91
35 18
76 55
58 2
54 82
95 21
42 50
42 15
21 79
22 37
17 15
64 53
62 86
43 22
87 1
94 57
37 4
69 5
94 84
81 74
38 15
54 39
69 34
9 21
77 73
63 97
18 15
22 5
29 85
24 21
68 72
72 67
57 14
78 88
8 5
17 30
58 75
47 50
60 76
69 2
61 63
14 80
72 79
70 42
81 70
10 44
32 32
53 68
13 28
30 46
30 43
69 59
8 72
67 34
76 15
89 18
22 93
18 82
47 26
28 3
48 28
31 36
64 26
92 52
51 47
33 96
43 96
14 9
66 7
42 91
43 10
53 57
92 47
2 18
93 65
16 98
48 48
10 95
20 78
67 49
11 94
72 49
80 31
15 21
94 3
25 61
69 49
22 33
19 28
7 79
41 61
56 84
38 46
24 89
78 7
23 47
98 3
53 63
98 85
64 59
5 46
46 53
88 68
74 40
33 59
34 92
13 35
92 22
3 21
14 71
75 61
49 53
93 96
12 54
81 4
19 72
89 16
43 46
16 81
31 43
7 16
43 90
77 0
82 48
50 3
65 50
3 23
27 56
65 20
6 92
22 8
43 34
68 8
89 11
61 16
74 94
59 71
39 89
82 32
82 54
67 56
39 64
44 23
64 71
93 63
22 49
4 56
89 38
9 77
64 72
15 4
88 50
1 23
35 8
14 22
46 67
5 70
89 98
66 6
23 43
3 20
16 30
38 34
80 89
16 31
82 24
14 1
93 93
49 69
80 52
41 47
42 19
66 49
11 88
2 80
38 71
17 61
12 72
88 80
11 63
66 19
97 22
32 47
56 1
22 58
71 17
95 44
47 54
38 2
90 19
40 74
56 17
81 93
86 88
54 95
77 45
68 27
21 48
77 24
30 91
48 6
8 89
83 95
11 37
21 76
94 59
17 50
51 2
94 54
79 83
41 10
31 94
89 40
80 34
45 87
92 1
57 23
50 78
50 42
60 42
54 30
91 68
1 10
46 8
28 46
70 34
74 84
32 54
38 21
36 87
10 21
70 79
67 31
85 29
38 75
55 45
36 35
31 30
59 16
26 66
31 34
17 89
29 77
66 21
69 12
73 58
38 5
57 22
83 9
16 90
11 34
96 46
23 53
38 49
72 94
22 17
19 96
60 49
78 59
88 26
22 25
89 24
87 4
18 5
82 11
87 14
74 41
9 72
7 86
39 79
73 17
37 96
46 9
37 6
79 37
40 52
36 36
28 34
56 30
24 41
77 42
35 6
12 84
58 1
93 12
82 30
30 86
55 58
74 50
79 40
12 88
19 91
52 1
24 97
51 67
16 39
27 26
15 56
39 32
69 90
74 33
25 32
73 67
66 42
63 55
94 65
3 81
31 55
28 15
57 48
1 77
22 42
15 7
60 1
12 38
7 83
7 43
7 69
61 74
46 33
15 27
57 80
41 89
22 34
78 47
57 15
17 76
16 67
13 7
34 58
25 64
40 58
49 13
7 48
57 63
59 84
29 30
35 37
15 47
56 7
21 32
83 82
59 61
46 69
83 29
55 44
45 94
79 59
11 58
78 13
14 55
85 34
62 33
10 40
74 14
58 56
1 96
34 89
6 75
81 47
78 87
35 52
23 69
5 41
26 89
68 79
78 71
16 12
57 2
19 42
9 97
85 8
12 45
69 54
83 12
68 31
38 90
85 78
90 12
0 72
8 63
93 98
89 60
25 34
60 35
28 10
7 73
86 15
95 39
0 41
15 36
92 15
46 50
69 80
51 96
72 13
76 35
91 22
38 26
39 92
46 46
29 36
48 35
91 49
18 45
29 17
97 83
13 96
39 62
83 87
64 78
9 11
91 80
92 36
47 24
81 85
87 86
10 96
6 51
86 66
95 96
81 66
68 82
11 35
48 77
13 57
53 11
19 63
36 63
4 86
30 65
60 45
75 10
82 36
79 18
16 55
20 42
50 2
30 37
3 18
68 96
25 32
24 34
38 64
52 90
21 43
15 87
67 5
82 23
67 38
37 93
45 4
34 12
60 80
15 48
87 42
10 14
91 91
56 68
88 78
50 88
96 45
87 7
66 29
79 14
17 9
49 11
58 21
23 97
55 22
60 67
57 91
29 4
76 80
13 37
14 96
96 1
34 22
11 54
43 91
32 93
84 39
18 16
37 33
40 49
85 59
56 97
96 97
36 71
96 4
45 78
43 29
93 7
98 76
15 8
24 63
46 13
87 40
0 56
34 94
73 39
50 46
20 80
78 55
71 62
11 78
45 74
69 10
6 60
73 2
33 94
0 95
59 22
1 53
76 43
10 19
68 12
96 90
80 69
93 89
52 69
70 65
25 98
82 8
89 53
28 35
26 35
46 44
40 69
42 40
53 94
67 61
78 30
72 71
52 33
33 80
91 96
70 51
16 42
48 26
37 40
98 20
81 61
63 14
80 44
56 57
10 6
89 33
82 52
45 38
90 15
89 78
52 16
31 73
91 76
25 15
57 9
97 47
15 59
74 69
52 5
93 77
46 19
39 53
27 35
86 10
29 39
24 88
44 89
94 86
69 78
17 25
37 64
93 49
81 86
84 9
69 40
89 2
86 57
59 38
48 66
3 58
83 65
69 42
22 94
11 8
42 53
98 67
77 21
7 35
23 50
14 0
0 98
63 78
95 58
48 34
22 10
90 3
14 26
60 74
58 19
72 18
45 19
46 63
68 93
67 28
96 22
57 65
54 23
94 82
22 78
71 69
67 62
24 79
53 91
69 23
90 77
69 94
54 19
89 55
40 98
3 77
26 70
58 36
12 37
39 6
1 98
66 14
92 82
86 79
63 36
4 98
12 83
33 78
4 53
42 76
24 60
95 56
47 52
82 10
36 70
75 78
48 55
27 91
13 90
62 67
38 98
70 17
15 3
84 68
60 31
86 90
60 62
65 56
1 75
79 74
75 45
6 48
54 45
37 11
91 44
88 32
27 33
3 24
5 29
45 90
24 25
20 49
1 71
6 83
83 91
55 1
80 81
13 86
10 70
63 49
25 53
88 15
10 29
84 15
85 53
79 33
33 37
83 14
76 36
28 12
0 53
7 57
6 41
87 53
92 44
57 54
65 48
52 78
34 82
17 43
5 84
34 86
94 73
51 36
92 9
9 65
9 24
6 37
71 48
21 84
37 72
20 48
57 47
42 95
8 62
70 12
24 36
47 67
65 11
45 41
97 90
79 39
30 74
50 90
57 89
34 77
81 0
40 55
53 22
44 96
74 26
20 50
44 68
54 98
12 24
83 67
79 32
86 53
34 80
59 32
8 8
53 21
86 89
62 14
85 3
67 45
92 96
84 59
84 65
47 51
88 76
92 34
47 78
16 14
69 17
22 19
28 71
79 41
39 98
86 64
24 40
36 47
94 98
25 18
79 57
81 30
52 24
56 5
92 78
41 21
85 43
11 68
77 54
80 23
14 84
0 71
26 80
7 52
98 18
93 21
15 54
54 52
57 87
67 60
33 23
40 77
93 42
16 89
44 20
83 44
76 47
63 3
68 55
62 15
80 97
8 88
15 18
23 49
76 67
91 37
57 3
60 36
84 55
61 55
83 85
40 79
72 8
2 40
32 56
92 57
46 25
68 94
94 74
64 94
82 44
90 49
4 92
44 41
18 37
19 49
97 49
69 55
35 90
70 43
53 6
20 18
97 23
9 43
17 75
97 82
75 8
2 57
80 61
85 35
8 27
91 56
41 15
59 70
22 18
79 51
44 56
57 36
4 72
38 42
57 18
82 90
32 84
66 45
79 86
45 73
40 16
97 24
64 88
98 88
95 92
80 62
72 65
29 67
12 94
98 31
94 15
39 72
7 21
81 98
41 95
50 76
37 65
25 29
11 0
5 39
90 89
10 56
11 59
14 86
27 60
61 38
33 83
16 93
92 90
53 3
44 49
12 98
22 54
86 97
8 10
26 16
42 85
83 57
13 19
90 66
25 90
4 17
22 24
18 22
33 28
11 53
70 98
67 29
9 15
42 9
17 85
92 69
44 55
1 82
49 15
70 4
21 53
90 16
63 56
80 65
51 50
36 38
80 78
36 39
78 86
22 30
68 23
56 92
10 80
14 19
35 92
54 55
5 25
56 34
33 87
69 83
81 19
98 52
62 56
34 34
32 6
87 84
58 67
91 87
82 47
55 72
34 37
94 88
18 74
48 68
19 11
13 8
32 78
61 12
60 16
29 83
70 80
95 9
33 26
70 49
12 22
61 21
81 84
41 29
40 26
87 97
89 41
84 78
33 17
74 17
68 40
75 80
8 98
93 36
43 18
70 87
12 15
47 96
98 64
14 39
7 3
60 61
25 25
14 90
56 19
9 20
75 90
28 27
67 4
17 22
86 48
11 56
25 30
51 55
35 84
93 46
84 56
78 5
61 44
68 84
96 39
3 43
14 88
82 34
56 96
51 91
59 96
90 58
38 84
86 0
43 12
41 6
59 46
8 52
57 1
39 13
61 68
39 14
55 21
93 54
23 87
73 51
21 37
67 80
93 41
12 62
83 90
91 3
97 8
92 76
92 85
37 25
68 80
87 68
44 29
60 75
8 50
35 91
76 22
39 97
36 91
20 52
41 18
53 16
23 28
16 79
38 82
70 44
18 34
59 58
77 14
64 63
72 43
44 30
67 85
89 95
30 24
59 40
92 3
70 60
89 30
74 8
70 31
28 75
70 78
66 30
85 15
78 94
66 87
92 20
18 8
43 6
65 59
63 51
20 40
94 44
73 37
40 50
28 80
31 89
64 36
44 48
0 37
49 89
95 17
80 83
70 36
78 75
46 74
31 29
97 12
72 85
34 90
18 78
71 9
15 53
10 52
58 4
31 86
12 4
5 5
36 49
95 64
90 52
63 41
43 77
89 12
35 14
65 98
49 82
45 11
7 6
47 6
29 20
26 4
76 21
56 23
88 4
9 41
29 6
33 16
88 18
45 21
88 57
15 35
38 57
45 95
75 30
8 56
10 84
81 37
70 3
13 38
64 0
66 1
4 97
5 6
53 50
39 59
20 83
37 74
14 40
55 32
56 69
95 7
6 55
75 83
88 81
45 32
45 92
11 47
29 74
12 64
58 13
46 29
26 95
43 74
57 74
9 85
73 50
18 76
65 19
98 95
93 9
6 88
11 18
79 36
31 72
74 49
4 24
36 80
55 3
29 68
94 63
1 15
13 5
71 13
83 60
47 15
1 21
69 25
7 82
36 84
96 80
81 78
68 16
82 9
84 26
12 81
16 49
37 42
92 55
19 33
89 52
85 89
93 70
82 97
31 35
24 33
91 54
66 48
32 77
42 72
86 56
9 51
71 34
17 68
53 30
90 64
89 47
80 47
92 11
59 65
3 53
84 87
61 58
20 90
49 12
64 32
42 77
60 19
88 11
98 57
52 66
21 86
13 55
44 95
41 13
18 23
50 84
62 47
57 98
92 8
64 58
13 70
7 22
24 32
64 51
92 13
54 22
87 41
64 20
67 26
33 71
54 88
61 72
37 32
49 73
50 40
67 89
59 12
88 25
19 17
53 66
38 3
46 64
7 28
45 30
25 3
38 56
4 66
27 88
56 85
5 43
94 61
44 76
8 79
70 5
52 59
70 63
78 14
1 22
9 47
41 53
6 94
43 68
9 73
46 36
38 58
80 98
12 19
3 25
65 5
91 69
19 10
81 52
90 30
6 84
37 31
48 51
55 74
12 46
68 43
63 71
84 37
77 38
76 48
41 69
40 25
16 74
83 26
80 60
59 42
63 13
19 20
67 79
29 33
50 70
94 69
30 79
17 14
62 38
66 92
90 1
90 60
15 10
56 90
46 37
54 69
88 95
17 54
33 73
79 42
38 31
59 1
96 82
66 10
59 79
86 1
55 10
55 97
71 73
9 12
42 96
35 11
49 62
33 25
18 26
19 5
78 79
89 26
19 21
73 38
63 6
85 79
86 6
77 52
46 0
77 43
33 3
53 78
83 20
32 66
37 8
47 4
71 90
73 1
77 81
54 63
29 95
86 45
81 76
84 40
78 53
85 72
74 61
91 92
54 24
63 1
61 45
63 61
94 90
67 87
63 37
94 58
28 32
58 22
2 30
52 25
20 92
69 21
68 28
71 57
25 59
39 96
69 20
79 95
94 13
91 66
22 75
0 74
79 87
91 10
37 97
40 68
87 78
83 35
92 60
10 86
59 26
46 2
71 51
17 52
63 0
71 64
55 57
94 78
56 43
20 57
29 44
54 43
21 8
21 42
86 24
68 45
14 11
46 32
79 26
88 83
24 52
5 26
34 16
91 16
8 83
41 87
56 51
48 75
93 14
18 31
3 16
58 90
71 74
84 35
76 2
79 98
8 49
24 95
96 43
59 52
41 55
78 24
95 36
35 31
74 15
41 28
33 88
13 45
16 59
91 9
35 16
62 37
33 77
29 55
88 12
44 80
22 9
49 26
21 41
25 68
65 33
8 31
18 2
37 46
53 77
73 24
59 75
35 43
50 16
76 13
26 71
56 95
88 47
93 97
72 58
84 12
26 60
66 58
85 66
28 45
46 6
29 54
61 4
43 19
72 0
38 8
61 64
9 98
93 78
81 77
11 57
50 83
55 38
34 8
64 18
24 24
71 89
11 1
2 92
31 47
41 49
68 17
45 66
47 27
16 47
74 70
33 39
44 78
74 31
16 28
66 69
97 80
48 31
45 57
6 53
69 31
90 51
10 12
54 50
69 91
85 39
62 91
69 47
67 37
77 41
14 30
94 30
66 25
28 7
41 37
53 47
91 84
62 49
60 78
97 31
70 24
33 21
75 64
47 83
83 84
64 54
41 97
81 87
82 21
97 17
9 16
63 89
29 47
90 45
83 38
12 18
60 92
40 91
45 88
19 82
50 87
26 63
38 22
20 33
13 17
61 71
79 46
66 79
74 43
33 48
0 80
34 26
55 29
86 4
0 29
11 85
65 51
2 17
30 20
71 91
23 84
98 22
18 59
57 81
52 84
35 88
70 9
94 75
59 72
52 2
86 82
73 49
74 12
35 69
78 50
43 35
5 66
68 15
77 39
70 91
77 50
19 12
59 56
41 25
18 66
43 57
26 15
85 28
12 77
82 20
33 31
36 81
63 98
22 26
62 48
78 38
56 36
81 45
5 3
72 97
32 89
10 57
33 10
3 10
20 27
56 83
46 81
70 97
70 75
53 38
38 92
79 8
56 37
80 49
61 22
79 27
21 4
71 36
6 5
43 56
51 49
43 28
5 28
39 42
55 43
67 36
27 64
91 98
23 35
82 64
19 34
17 47
75 52
91 7
13 2
79 54
20 30
69 61
48 8
47 10
52 49
34 3
21 15
98 32
6 64
31 26
71 81
89 35
50 68
58 18
72 74
73 74
77 85
40 67
27 36
52 53
89 56
76 49
21 33
22 31
11 24
16 16
7 49
45 25
83 37
41 19
10 66
5 23
14 33
15 77
3 48
68 51
8 64
73 56
25 76
34 78
62 25
47 57
72 53
20 73
21 47
44 5
78 78
36 89
71 50
89 51
17 18
85 22
48 74
33 84
24 43
7 41
64 4
84 3
76 84
74 90
84 64
19 41
77 96
50 50
69 95
48 97
9 81
50 39
95 80
29 48
58 46
95 57
32 98
40 9
36 46
55 71
86 43
88 74
26 39
71 67
13 34
46 78
97 7
13 15
95 46
65 58
18 43
26 13
63 22
31 79
22 47
75 15
53 95
47 7
47 59
35 33
70 7
70 85
2 76
48 56
55 14
72 96
92 42
22 44
11 98
2 49
95 84
1 72
56 38
72 60
93 61
8 80
33 81
81 1
25 83
76 95
46 72
92 12
27 5
84 67
75 22
23 23
16 62
33 85
91 83
30 98
26 81
48 42
15 63
96 78
47 49
89 50
35 76
33 12
62 79
26 88
46 31
92 98
77 44
55 89
63 4
53 65
72 3
16 78
52 23
81 82
93 33
4 25
64 77
85 96
13 82
56 22
82 35
4 79
58 78
92 21
76 74
92 70
76 11
51 7
14 28
92 67
14 82
70 70
83 10
38 69
93 54
90 68
11 87
8 17
59 74
76 54
56 88
59 80
33 18
4 68
79 21
67 39
49 7
88 61
34 20
58 37
43 23
50 30
83 4
48 39
65 8
95 47
20 93
27 12
66 43
20 74
23 74
71 78
78 63
46 91
47 5
79 29
47 9
91 57
2 98
74 75
71 28
95 6
25 26
93 55
15 19
81 41
51 48
88 86
81 31
39 26
24 82
49 77
71 8
75 14
33 92
81 96
3 60
64 13
86 35
73 22
11 41
9 5
20 69
6 7
49 24
49 3
70 61
57 17
16 44
72 14
20 14
87 35
33 95
23 54
54 54
51 93
27 45
21 29
60 14
42 23
47 41
58 9
6 93
13 76
12 57
25 37
34 50
67 70
60 2
86 92
50 24
20 22
46 77
90 41
42 30
55 17
47 84
19 22
23 36
95 38
94 92
95 18
90 8
44 85
10 61
53 27
24 62
38 50
80 71
96 37
78 29
68 78
61 76
84 76
77 22
90 38
96 12
58 73
93 22
2 22
27 14
4 46
24 50
63 88
66 88
65 14
79 62
59 69
60 54
26 10
81 65
6 31
50 73
9 58
95 48
77 87
33 32
20 72
89 74
78 89
61 70
20 24
54 10
81 20
61 78
70 39
75 11
31 85
29 75
3 42
44 97
19 66
80 75
62 12
59 91
20 23
31 87
72 57
74 96
39 90
1 30
38 85
17 84
55 75
13 95
59 95
25 57
51 74
10 77
48 36
12 63
74 29
78 18
66 78
71 46
82 60
12 42
10 3
85 54
9 95
2 42
92 75
6 29
44 54
29 22
40 93
71 20
94 14
34 65
38 70
13 71
46 71
52 72
66 0
33 9
57 94
60 6
21 69
22 53
61 43
60 56
22 45
47 65
94 41
51 15
14 92
52 38
92 54
61 61
60 81
93 25
31 45
75 46
82 80
62 84
68 4
34 47
98 18
88 6
57 82
88 19
88 75
84 82
37 37
89 7
96 57
96 38
22 55
38 77
95 72
96 69
13 10
67 76
87 27
59 39
58 94
80 48
49 81
76 29
77 83
52 40
76 59
95 41
79 6
22 84
15 20
15 88
50 25
95 5
50 79
96 54
44 65
23 63
82 91
5 27
22 35
94 66
53 59
26 56
20 53
19 32
64 62
13 12
55 96
3 78
94 87
22 6
21 34
88 56
13 79
91 94
62 39
19 79
43 98
60 79
89 45
28 55
52 73
54 94
97 73
22 96
5 85
16 87
92 17
60 17
81 59
79 93
79 19
71 96
92 7
58 79
7 45
79 85
65 10
73 40
30 11
53 93
87 30
35 10
24 57
70 35
65 88
45 3
27 63
29 69
91 71
77 47
97 32
14 94
12 5
66 89
75 33
93 81
73 27
31 68
14 42
96 47
17 41
47 55
71 61
71 58
0 81
70 41
58 5
30 28
20 21
59 4
67 93
46 1
13 42
61 46
43 8
91 58
50 65
97 14
72 61
40 89
5 94
78 15
10 22
2 41
92 88
58 88
42 11
1 63
65 82
49 10
71 5
90 2
13 46
48 14
21 91
93 11
55 40
75 60
66 27
81 8
35 5
70 8
56 56
27 95
3 26
56 44
21 80
49 16
49 46
54 91
18 13
72 25
9 71
83 5
36 90
4 77
66 80
76 42
20 96
12 65
93 47
40 19
11 14
1 89
74 81
23 85
18 51
49 71
30 77
91 67
58 42
87 65
25 23
54 14
22 70
20 54
23 96
79 30
63 57
91 29
24 86
68 34
34 93
0 4
13 20
93 59
92 19
47 82
85 11
79 53
50 69
16 36
89 48
64 9
65 62
59 78
8 9
73 18
7 40
87 97
49 98
35 62
55 26
75 7
79 7
1 45
68 77
64 39
13 4
54 48
57 73
41 59
70 83
75 72
56 86
51 33
85 14
77 3
41 16
84 11
32 38
43 26
91 21
52 7
66 9
26 97
57 55
40 28
28 96
56 82
61 51
45 55
79 94
25 2
0 82
95 95
45 2
25 14
9 96
96 73
13 11
19 85
11 20
27 7
48 4
79 45
0 97
33 89
77 93
87 98
54 97
16 32
23 93
0 40
85 89
72 52
12 82
86 34
69 16
68 41
43 11
78 68
83 11
48 37
6 95
75 82
33 43
68 88
80 37
48 43
35 93
50 96
88 66
71 24
85 33
49 88
41 22
78 21
65 42
38 32
57 24
21 25
30 94
70 25
46 48
76 46
80 22
11 17
86 40
66 44
52 89
85 10
21 19
73 0
18 84
23 48
42 54
89 69
15 37
56 20
97 3
82 59
40 76
66 93
23 2
78 44
90 24
74 11
25 19
24 55
11 12
95 78
40 30
44 9
48 59
78 32
36 48
38 74
0 12
2 53
92 56
35 41
54 41
85 38
81 7
65 64
42 36
62 41
57 83
62 45
60 7
32 27
80 56
79 35
46 35
18 48
70 50
62 21
67 43
52 26
31 4
14 34
80 35
92 89
93 32
44 26
33 47
78 67
10 83
94 91
22 68
65 63
67 21
94 70
37 5
71 79
47 22
9 7
44 67
63 70
85 73
73 23
33 72
65 35
93 64
65 6
46 34
10 75
7 70
23 41
39 24
21 22
7 27
40 23
94 10
40 7
59 27
28 13
75 17
75 49
73 87
11 49
51 56
28 57
23 91
5 45
34 98
75 57
20 76
31 77
9 22
93 35
83 56
23 3
94 35
73 61
95 16
55 31
55 37
34 55
40 82
22 59
43 70
15 6
40 63
52 4
50 45
50 32
82 15
53 13
61 85
77 60
9 61
6 18
42 4
32 9
76 41
42 82
84 77
64 69
37 35
41 41
73 47
75 95
33 33
36 60
60 0
29 65
55 24
49 49
63 31
22 0
73 54
3 51
37 67
38 7
67 35
51 18
35 19
41 98
42 38
67 0
29 76
87 82
43 76
66 8
74 21
13 73
61 23
91 1
73 59
37 41
20 41
87 34
52 14
14 72
6 8
97 21
38 53
17 8
60 34
22 81
81 68
53 54
48 22
70 54
45 8
76 39
72 19
34 72
89 70
18 32
53 46
19 45
9 18
66 53
21 81
98 8
97 38
3 49
53 2
52 67
52 54
30 4
41 68
30 76
64 79
45 97
52 19
63 12
27 24
25 33
47 44
36 40
57 20
10 27
37 75
87 32
86 27
80 6
97 95
3 14
35 50
8 21
80 18
94 9
32 57
15 41
20 36
20 66
53 87
58 7
61 69
2 69
14 21
91 41
38 94
83 39
45 49
70 76
93 67
20 46
92 10
82 0
20 45
7 80
39 85
21 78
82 57
50 14
65 0
67 27
74 93
58 26
65 75
0 61
89 27
57 10
16 43
26 91
40 31
41 58
92 93
22 88
5 57
77 36
32 26
36 92
71 14
90 93
91 2
82 66
83 42
1 18
39 54
10 78
18 98
94 81
42 32
29 64
45 24
38 78
94 95
20 87
39 5
25 54
83 2
49 79
22 90
88 24
82 38
7 94
0 45
60 21
89 17
14 8
82 92
19 31
15 46
68 2
7 51
77 82
47 14
10 73
84 85
38 39
60 5
97 37
64 50
32 65
39 48
14 18
63 53
44 92
68 24
63 85
73 12
52 91
27 23
93 19
21 97
68 19
19 7
45 33
12 56
66 36
54 66
87 83
75 31
22 12
21 20
48 98
66 15
40 5
70 84
9 17
43 38
67 44
90 48
54 6
24 94
95 12
63 66
54 7
30 29
57 0
94 37
38 47
97 12
25 80
87 36
27 54
25 20
45 52
97 54
7 65
59 25
25 39
80 38
75 77
75 74
81 49
74 65
50 77
30 7
24 81
70 66
91 30
82 6
88 84
1 40
58 16
36 95
57 16
3 29
84 89
14 36
85 9
45 72
91 65
18 65
56 55
82 13
77 27
84 54
93 15
25 69
85 91
55 76
75 28
73 69
11 50
90 81
75 73
28 50
55 91
91 64
8 30
33 29
53 90
23 95
90 25
6 87
32 94
73 93
36 31
80 74
56 58
68 22
44 88
61 84
29 98
78 48
76 12
55 11
70 69
93 39
15 61
4 73
19 50
29 96
59 15
37 36
28 11
89 39
94 94
92 79
61 67
74 10
36 88
40 84
9 57
94 20
15 76
85 25
68 70
39 39
45 31
52 45
21 67
46 22
42 44
33 55
90 55
55 30
31 92
19 87
80 76
16 76
34 28
34 9
14 41
20 7
12 76
29 71
73 86
69 48
39 45
22 29
90 61
39 91
62 32
39 65
52 55
33 60
14 44
24 64
90 56
84 96
93 43
62 22
63 20
72 56
90 32
4 5
26 37
72 39
0 44
84 29
64 52
29 50
84 61
89 4
87 44
54 78
74 66
34 87
76 25
12 23
30 90
16 52
90 82
72 76
47 56
15 15
82 86
61 65
32 35
39 11
31 44
75 43
81 33
91 32
32 24
58 14
25 97
56 62
41 24
36 30
73 75
97 0
26 55
98 16
24 69
64 76
75 32
46 82
49 32
55 62
28 69
92 38
27 71
83 53
60 24
15 80
67 88
14 35
0 96
15 24
6 44
94 47
41 66
83 41
69 50
7 46
31 54
27 73
15 11
65 85
10 47
46 40
2 79
5 15
27 51
28 89
64 3
78 19
76 27
98 15
1 39
45 45
85 74
41 91
43 33
40 35
74 23
40 18
74 38
31 88
65 21
22 13
81 14
53 96
63 92
60 72
54 68
31 31
71 39
19 94
94 68
76 89
49 25
26 57
8 82
22 48
82 53
9 63
5 30
79 15
55 63
11 19
28 70
92 46
82 89
17 73
76 19
56 24
50 37
33 19
24 71
20 9
53 23
7 37
77 32
30 47
96 49
23 24
20 86
47 68
28 8
80 43
79 52
74 74
31 27
76 75
49 51
26 11
86 26
30 21
94 62
33 4
71 68
63 47
54 49
68 9
90 53
44 36
68 48
14 15
98 10
66 46
47 40
39 15
22 36
1 69
63 46
35 72
75 84
13 91
39 34
9 67
65 38
23 94
60 93
85 90
13 94
4 57
1 5
55 34
75 12
3 5
44 24
54 2
95 91
57 50
68 5
59 51
23 58
48 83
31 22
20 47
46 47
6 16
98 45
50 80
62 57
33 15
80 33
45 37
64 85
3 57
4 21
58 47
14 76
47 58
69 24
51 17
36 12
26 82
51 54
69 84
29 2
61 56
84 43
16 20
68 6
95 52
8 38
17 42
2 93
29 46
55 79
86 77
56 70
4 67
42 67
75 20
8 15
81 58
13 88
56 79
44 53
38 48
98 89
46 88
96 29
51 40
51 82
59 19
39 3
67 7
36 41
69 82
24 29
71 71
46 79
47 35
94 97
74 54
24 83
17 5
58 24
42 92
13 81
94 38
39 20
29 70
74 32
30 96
5 40
82 83
93 13
54 77
35 4
94 76
72 10
25 21
25 11
63 87
17 40
86 72
76 91
46 45
92 2
76 96
15 1
74 22
36 78
84 91
9 39
43 1
96 18
86 98
15 94
40 90
93 24
67 22
50 5
53 52
54 4
68 33
72 2
29 43
25 66
61 62
57 38
62 34
18 49
49 41
90 97
7 75
38 20
23 56
29 28
15 22
89 37
52 17
90 37
15 32
25 42
27 37
25 7
41 51
97 18
55 9
6 65
26 36
9 3
58 48
63 58
76 58
60 66
78 51
70 13
73 10
42 65
11 11
66 98
2 10
9 42
39 47
37 48
41 7
3 27
1 64
87 12
95 87
73 16
56 49
28 72
86 87
45 75
24 2
72 51
55 85
75 26
13 78
88 2
29 26
35 74
80 46
30 67
53 51
26 5
11 3
77 53
22 32
53 82
96 14
80 3
92 45
68 26
80 25
13 89
50 74
98 81
58 49
82 96
61 66
32 69
91 36
60 33
97 11
24 85
84 97
35 2
66 83
96 3
91 61
21 45
18 17
48 96
54 25
72 34
63 10
52 27
51 29
10 51
65 89
41 27
90 54
47 80
91 8
48 65
12 3
18 33
77 37
85 48
77 95
43 30
79 84
34 27
17 90
83 86
57 49
59 47
37 66
92 41
78 28
51 57
51 57
7 71
61 5
19 18
4 58
74 53
78 98
44 94
54 80
38 33
9 40
49 65
53 15
72 69
38 59
47 23
48 41
57 39
86 31
86 60
96 15
9 62
72 69
87 33
27 3
17 33
18 46
6 24
6 52
0 38
51 85
4 29
37 66
88 55
86 51
75 18
52 85
58 38
90 23
64 33
1 84
87 5
55 69
86 51
64 95
49 35
10 5
35 23
28 43
76 90
60 47
88 14
21 74
85 58
72 75
25 62
68 29
74 5
48 81
37 86
1 12
76 26
23 76
98 30
87 33
53 39
37 94
30 25
49 8
60 48
82 27
80 58
51 85
42 28
71 59
77 48
38 54
66 37
96 15
95 70
15 78
73 19
49 36
36 42
87 13
7 7
10 15
52 71
81 16
46 70
59 2
60 47
95 0
72 23
10 5
45 67
25 63
42 56
53 24
65 90
90 54
32 96
65 95
93 8
22 80
53 15
83 94
35 87
57 41
41 20
35 85
41 26
17 53
1 38
13 77
44 94
44 87
91 77
88 34
82 39
49 64
50 44
18 53
44 70
64 74
74 5
1 54
47 23
52 87
18 14
94 56
92 31
14 95
39 30
53 39
2 23
58 27
85 60
29 21
11 39
58 27
12 8
84 25
31 48
91 27
25 40
52 36
80 85
37 43
52 71
56 52
80 53
51 75
43 73
16 85
47 80
35 78
14 27
42 22
29 61
93 62
81 67
73 26
83 66
92 74
91 75
96 81
28 21
27 18
15 0
72 23
7 7
46 75
59 94
27 3
72 21
57 8
96 8
78 42
94 6
51 77
21 77
12 40
37 45
53 69
71 76
10 41
28 53
68 69
37 45
38 54
66 59
32 3
77 67
58 38
2 88
13 22
61 79
26 58
31 82
74 67
4 51
32 3
73 36
83 28
76 90
97 1
45 67
15 30
26 30
89 77
11 39
78 27
77 37
59 73
11 96
25 82
5 18
72 1
21 75
57 28
43 87
46 55
89 61
72 21
89 77
35 23
40 45
29 61
45 96
65 61
70 20
49 36
57 8
53 24
21 6
30 8
57 96
86 54
54 11
55 67
29 21
58 54
73 52
60 44
51 5
92 97
79 55
48 65
7 23
51 52
36 61
29 56
48 50
1 54
20 17
31 32
66 76
63 90
20 17
43 87
21 52
80 70
51 90
26 33
31 32
40 59
72 23
85 58
71 4
5 79
96 17
50 0
31 38
28 18
85 87
17 65
47 95
50 36
39 67
62 36
87 5
21 27
7 42
71 59
78 84
7 63
73 26
40 17
91 15
64 46
68 0
37 66
91 77
10 41
58 28
62 50
40 17
37 29
17 17
17 77
91 93
72 20
36 61
33 38
28 21
71 4
81 16
51 51
55 5
91 75
57 58
14 49
41 27
84 10
69 11
60 52
2 32
45 53
52 56
60 40
62 18
51 98
85 6
25 9
68 39
36 24
81 29
71 60
17 90
17 10
17 21
21 21
64 74
87 13
95 22
56 48
10 35
54 86
39 27
89 96
51 98
44 91
2 23
19 35
75 41
32 71
30 36
25 81
4 29
52 47
74 27
53 74
50 51
28 26
34 15
16 13
95 73
61 53
82 45
80 87
33 13
30 22
86 60
8 11
48 81
49 96
37 10
22 11
84 6
8 74
56 60
20 82
90 5
94 43
5 42
55 5
66 76
78 93
51 51
50 98
16 85
86 11
63 42
7 58
77 40
10 79
16 17
87 74
46 94
27 15
33 38
48 41
71 98
69 0
87 56
86 13
41 88
24 45
70 47
59 53
65 53
67 83
21 27
60 9
85 60
62 50
77 15
93 76
78 84
37 30
2 21
21 52
41 8
21 27
17 53
54 17
49 2
20 91
69 11
93 80
37 38
98 0
55 94
89 13
68 1
0 2
16 13
53 43
5 88
60 27
32 55
16 17
32 3
74 53
49 35
28 88
62 50
46 87
63 35
75 79
78 26
53 74
67 10
84 17
11 33
2 21
77 67
49 87
69 0
96 59
5 17
52 87
31 48
64 1
59 97
5 18
3 86
87 74
46 12
77 67
98 6
1 80
5 79
13 22
24 42
31 70
14 13
59 43
91 15
57 67
4 58
80 7
50 48
17 21
87 5
68 69
70 94
76 26
96 17
30 25
34 15
49 28
12 40
90 69
27 1
71 59
33 57
54 17
22 67
42 20
50 28
40 6
2 23
84 17
14 20
86 30
57 28
96 44
88 62
24 77
59 11
98 27
49 28
15 79
91 28
75 24
28 26
41 26
57 97
85 61
54 58
40 66
21 58
73 20
68 98
66 81
70 20
34 66
94 43
73 19
51 62
53 89
10 42
98 30
65 34
53 76
59 18
72 64
29 21
33 46
65 65
53 25
95 83
26 61
22 11
37 94
45 36
38 63
7 12
60 48
74 67
62 89
63 35
72 36
40 83
44 22
57 28
78 28
26 90
48 44
72 72
21 77
31 56
66 81
98 68
69 14
32 71
83 54
23 57
44 22
3 4
7 47
89 77
26 96
17 65
69 22
89 61
86 81
87 79
21 10
67 10
72 36
63 91
69 93
2 7
21 21
72 50
71 19
41 32
78 95
74 82
38 59
9 62
42 6
88 36
17 77
39 27
86 13
47 8
28 53
95 73
53 86
47 61
62 35
84 79
41 86
27 94
75 29
69 93
91 27
24 42
8 65
21 27
91 52
24 45
14 95
20 82
21 75
26 67
45 36
91 28
70 90
80 58
41 34
38 83
58 28
78 76
83 27
79 78
21 39
6 17
1 43
75 63
13 77
47 23
29 56
43 97
94 21
25 62
65 61
53 15
74 28
6 47
23 57
46 12
85 6
33 56
92 80
59 24
92 59
7 63
79 55
68 1
27 20
41 67
34 57
37 44
26 31
10 42
25 31
73 82
30 25
20 85
3 86
22 92
94 83
1 38
92 59
56 52
14 20
61 5
34 91
14 27
33 57
27 93
26 24
51 90
77 37
15 79
87 37
64 95
0 90
53 39
18 53
82 78
7 87
61 13
98 91
60 9
67 77
21 77
86 81
20 5
88 36
67 50
90 5
25 63
51 62
6 52
10 7
40 83
33 11
63 67
50 51
23 13
86 73
86 36
89 96
62 43
40 13
37 44
78 26
94 4
57 58
93 62
42 56
53 74
90 57
17 65
32 96
85 61
90 6
58 44
2 7
90 44
48 1
68 10
32 31
20 70
65 53
71 59
8 70
83 27
30 36
34 91
67 97
3 32
86 31
60 44
48 82
3 87
8 65
61 83
33 11
31 98
6 12
10 35
84 24
72 1
28 47
26 83
93 10
95 34
69 4
21 46
51 98
60 47
85 81
33 11
62 65
82 78
65 53
39 35
57 97
72 11
49 35
17 90
36 37
35 73
45 96
57 41
49 64
30 3
26 31
39 31
7 58
30 22
66 33
38 63
26 6
26 90
41 34
95 0
92 92
32 70
5 55
4 7
59 73
14 78
56 48
25 82
78 93
72 75
49 4
93 80
60 40
2 7
1 54
35 63
72 28
69 22
53 60
46 75
49 28
22 69
83 88
91 75
86 36
24 42
75 18
9 56
25 51
37 23
54 11
21 54
82 78
14 20
76 4
48 50
33 75
41 32
45 77
98 91
4 58
98 68
87 79
27 15
80 28
30 8
14 13
76 63
67 9
26 67
91 93
32 31
86 30
42 68
19 1
41 8
67 9
50 4
59 2
80 68
67 77
95 70
22 92
7 12
91 17
9 62
40 45
49 4
19 14
51 52
0 2
46 87
69 56
3 32
32 70
56 11
57 31
31 78
52 36
53 24
90 44
77 13
27 18
42 86
70 67
91 93
59 64
55 20
0 38
59 24
55 20
86 2
39 95
68 0
32 71
51 98
58 20
25 81
17 39
1 84
96 44
94 56
53 88
93 31
70 95
34 57
43 45
27 93
59 64
80 19
20 70
73 26
25 85
67 50
72 1
44 22
68 38
70 90
73 36
71 76
40 8
41 67
46 90
50 8
97 39
19 55
19 35
63 42
88 14
54 44
83 66
87 79
40 8
71 18
39 30
89 72
50 29
28 53
12 49
91 11
7 71
19 35
62 65
56 11
46 70
34 71
42 29
53 43
43 45
72 64
96 64
18 46
79 13
57 8
18 86
57 39
18 52
28 18
27 3
66 66
41 34
69 65
21 74
74 82
59 97
43 97
54 44
86 83
58 38
83 69
94 24
95 42
92 97
30 80
77 94
22 69
19 55
29 60
69 77
45 80
40 6
12 26
42 68
52 85
70 92
71 76
62 20
82 39
53 60
44 87
7 14
30 3
67 41
33 5
54 80
45 48
17 53
49 87
50 8
92 91
92 35
10 7
95 24
59 47
35 78
18 14
43 73
2 31
87 56
44 39
95 24
88 14
71 19
92 35
85 87
8 11
30 75
87 76
31 78
57 67
42 56
44 91
4 58
73 20
80 68
60 44
17 33
49 65
65 84
97 29
34 27
79 50
80 19
98 91
90 27
22 11
19 18
82 55
80 28
50 36
38 63
80 68
71 31
80 28
47 77
59 11
14 17
15 79
5 42
39 31
82 27
70 67
46 75
58 27
16 91
25 51
92 16
59 13
90 23
98 27
17 77
92 94
73 57
92 59
38 87
15 0
71 15
67 41
47 72
65 18
66 66
94 31
77 95
36 96
57 96
4 91
21 54
90 65
40 83
30 30
61 13
27 94
57 58
72 11
51 4
82 55
16 73
51 52
36 96
14 79
60 9
28 76
91 8
90 39
95 70
22 74
17 21
97 5
90 39
35 23
45 77
90 44
92 37
35 85
5 42
9 56
52 52
49 96
75 23
87 74
51 39
83 94
65 84
66 81
20 85
24 76
34 51
62 20
97 1
77 61
33 13
80 70
37 43
40 59
44 39
54 11
4 51
61 11
80 7
64 27
14 78
47 77
24 68
87 37
87 56
50 36
77 37
53 88
64 46
52 85
90 69
30 8
68 29
45 53
78 27
93 62
32 10
25 12
90 6
53 61
46 55
70 71
9 40
25 12
69 77
37 44
56 60
50 8
96 15
11 39
37 66
97 29
61 79
86 83
65 95
77 13
49 2
14 17
4 91
56 48
45 80
62 43
12 3
51 75
44 94
70 71
43 97
10 42
64 15
23 40
56 77
22 92
16 91
65 80
78 27
2 21
6 47
45 39
69 14
77 40
27 1
83 69
45 39
92 91
48 65
38 41
75 29
70 92
7 50
11 33
18 53
16 73
57 19
12 40
63 54
83 94
37 86
7 17
84 24
85 55
46 94
63 54