8 45
34 58
94 81
25 59
11 63
93 11
81 89
19 74
29 80
95 78
97 30
62 83
28 24
6 6
14 98
43 27
32 45
27 64
31 27
95 97
88 54
96 50
34 22
68 72
49 38
16 42
28 83
54 18
42 47
86 65
87 95
83 76
76 67
56 16
38 9
59 0
26 62
12 38
52 53
57 40
49 70
58 73
4 27
90 43
80 3
10 58
23 89
61 94
3 69
91 32
18 42
75 30
59 56
84 39
16 4
2 71
54 3
26 64
91 21
42 82
55 21
21 81
93 59
31 72
95 41
22 28
61 74
82 50
82 30
20 37
55 2
92 15
14 38
5 46
85 86
28 94
43 26
11 50
77 20
66 8
77 60
70 33
22 89
84 90
73 3
81 8
40 46
86 6
67 84
2 97
95 91
81 17
78 75
91 14
25 95
79 79
27 57
88 95
70 41
68 16
19 21
39 39
84 44
76 46
96 88
17 49
27 49
3 48
71 9
31 23
54 95
87 26
13 50
16 20
40 21
86 94
77 21
90 11
20 40
4 76
34 38
8 66
35 71
16 21
93 64
77 91
54 63
19 52
42 92
83 12
88 5
89 38
10 29
14 55
71 32
24 24
37 95
86 80
17 3
4 95
60 33
17 31
47 1
96 92
19 96
27 28
39 64
84 54
54 89
10 80
5 52
15 96
56 78
66 61
15 43
31 93
78 37
34 31
24 34
60 25
54 88
18 47
80 88
24 97
9 10
90 66
40 77
97 32
79 76
25 17
3 53
34 25
94 10
80 98
9 87
50 97
63 58
64 64
92 95
47 84
78 7
70 96
61 27
93 66
31 46
60 34
46 97
9 98
85 42
2 29
21 37
35 10
82 12
22 78
0 72
42 91
2 66
27 36
46 67
93 24
52 0
25 53
27 51
24 54
85 41
58 69
85 37
59 66
80 22
81 98
88 45
72 7
88 59
79 27
26 95
42 46
16 90
7 83
96 7
27 95
84 84
83 11
24 50
14 72
71 28
71 65
32 86
11 7
57 62
94 3
71 61
79 67
3 24
31 62
37 48
35 33
34 56
85 82
59 45
22 40
35 82
55 51
16 22
18 44
65 56
50 49
7 33
56 29
98 16
8 79
51 73
71 55
41 4
80 6
15 22
10 66
71 29
81 1
20 0
50 84
33 24
46 30
93 67
66 62
89 40
64 13
16 74
89 92
36 45
32 68
48 9
54 6
62 49
64 47
90 77
92 38
19 37
29 96
14 22
90 4
53 12
3 7
62 90
61 54
96 41
18 41
25 74
81 38
59 60
93 61
70 13
49 3
78 15
69 42
47 12
65 71
97 82
66 58
91 59
23 73
0 4
80 84
63 86
25 4
57 81
41 13
26 59
33 92
71 74
83 41
55 68
50 46
42 96
63 49
67 92
45 79
8 83
44 85
2 96
32 87
46 88
57 53
98 83
81 30
22 16
12 13
7 21
7 74
28 84
56 35
55 15
24 14
77 58
77 47
74 54
18 16
42 27
65 83
59 77
14 89
72 52
34 13
26 11
15 46
43 90
44 56
41 19
3 52
86 98
38 34
83 39
58 3
48 25
38 35
64 5
5 45
34 50
58 13
98 31
48 56
94 95
83 97
58 46
5 64
60 0
10 3
9 43
77 49
12 95
87 83
64 87
71 95
5 89
54 48
15 93
45 28
62 95
77 2
4 55
65 37
15 49
95 87
29 66
87 68
54 19
95 59
60 62
96 68
51 71
35 18
52 61
63 71
55 59
69 3
27 44
20 57
94 69
62 94
17 43
25 26
74 30
3 95
82 47
30 52
63 8
7 57
4 30
56 14
0 75
41 97
72 34
50 16
53 30
49 25
62 69
79 14
88 1
70 51
23 41
25 73
84 23
57 42
13 48
87 86
61 17
89 27
9 8
83 24
14 88
42 40
22 70
75 49
96 98
35 38
91 78
56 15
62 97
33 37
49 82
44 24
67 53
42 97
44 1
55 18
46 22
10 81
25 24
67 8
51 65
63 57
35 77
12 4
70 75
17 47
37 7
93 18
77 90
26 26
72 19
55 64
16 81
54 85
87 80
11 12
81 25
82 1
63 11
92 53
82 88
76 35
51 47
7 37
7 70
20 89
93 73
44 78
52 19
63 32
3 17
13 23
24 56
6 19
95 21
94 58
16 68
96 43
75 73
69 89
73 49
54 26
25 20
74 92
76 21
11 80
4 46
3 14
75 96
26 55
21 56
23 8
38 7
95 66
54 46
85 34
94 73
9 64
17 60
17 42
44 67
55 0
60 7
68 91
6 70
73 21
48 40
36 45
15 5
84 82
25 37
91 55
42 30
67 26
84 29
72 29
51 67
47 43
17 50
48 7
62 34
97 95
90 14
64 75
24 15
43 63
24 83
24 86
11 93
31 24
83 15
78 73
13 33
23 59
4 24
53 5
74 42
62 58
41 40
45 24
72 66
83 57
46 29
6 89
15 41
86 14
93 77
32 29
21 13
79 80
26 88
65 89
19 6
2 20
88 82
29 63
22 53
64 52
66 87
46 47
33 95
91 85
3 94
16 92
36 78
17 63
40 31
80 8
48 60
76 6
81 62
0 31
39 97
27 33
17 59
72 51
17 14
43 56
60 32
98 73
14 93
45 57
58 18
28 36
18 84
49 43
4 5
29 4
64 98
96 87
80 39
95 5
67 39
23 97
93 82
59 91
56 82
12 12
72 63
37 61
32 93
73 28
78 57
60 66
89 12
34 23
93 97
8 88
64 53
7 69
56 19
94 68
85 22
41 53
22 36
61 42
13 70
22 32
7 62
41 92
46 46
62 76
2 54
74 71
65 64
56 73
22 47
29 16
96 91
72 55
30 45
46 65
58 22
71 24
45 50
89 35
96 58
45 32
65 10
91 69
77 77
94 76
83 60
7 28
21 33
98 22
88 10
6 55
4 54
41 93
47 29
73 17
22 18
29 31
86 9
19 3
9 66
32 8
87 6
44 64
18 9
1 11
33 29
9 24
17 83
65 76
63 20
89 47
48 12
24 91
37 85
68 30
23 80
48 62
22 98
68 58
15 10
71 97
2 98
47 57
98 5
77 28
62 55
13 35
14 76
24 30
9 16
55 33
24 89
24 11
70 11
97 48
85 54
64 90
34 75
18 34
5 44
35 20
13 72
13 42
88 43
10 2
9 18
82 31
8 56
64 35
28 75
9 71
42 54
60 23
20 97
63 72
21 35
3 5
31 74
87 36
22 66
60 57
6 84
14 92
70 44
42 89
2 82
8 51
50 42
54 60
90 87
61 36
95 1
19 24
77 57
97 47
53 27
82 53
71 36
70 12
93 20
82 92
14 96
40 91
2 17
63 77
69 43
65 8
76 25
90 3
40 9
39 96
83 6
54 32
85 53
11 1
11 48
17 82
36 33
80 47
50 32
24 26
93 46
12 16
23 96
17 48
40 36
25 44
6 81
70 88
49 68
84 66
77 39
30 23
22 94
88 2
59 5
92 39
0 76
62 10
86 82
57 48
8 23
11 61
89 59
49 7
40 97
47 34
81 26
50 66
71 46
58 80
70 61
16 84
70 84
4 21
90 59
8 47
20 8
18 25
67 28
90 49
32 54
41 85
80 42
82 2
38 74
69 54
68 88
25 35
43 9
61 25
73 23
25 8
6 86
91 3
34 12
47 11
81 34
27 47
37 32
59 49
36 41
94 11
31 22
81 46
85 59
67 45
8 72
96 5
87 32
79 38
40 22
45 1
8 69
56 31
34 84
2 69
58 47
31 95
31 86
38 14
62 77
51 2
94 57
50 35
90 18
62 61
76 58
21 7
27 71
55 41
74 70
13 15
45 56
59 4
29 84
49 52
98 52
73 2
6 40
36 89
40 92
61 73
49 17
83 9
28 39
59 67
33 71
8 67
80 37
37 74
48 14
3 81
96 6
50 83
66 89
84 15
59 17
35 94
7 6
36 35
27 6
98 37
56 10
39 26
27 26
68 55
31 67
48 42
75 95
60 10
23 28
38 31
0 98
40 82
33 88
28 54
57 14
40 53
37 5
26 57
78 24
88 6
74 51
81 78
98 56
68 93
11 94
78 12
47 62
31 85
30 76
92 56
40 7
39 4
70 8
24 21
1 45
8 15
78 62
34 40
87 9
37 42
24 88
78 14
37 92
10 63
79 26
90 64
65 22
63 0
65 0
33 12
68 95
87 1
7 45
40 5
10 1
64 57
69 59
20 30
23 1
25 69
17 66
49 34
70 77
51 3
39 21
5 70
39 23
41 55
62 11
19 76
96 1
50 47
75 61
77 52
82 54
67 19
52 55
75 67
38 72
7 91
78 59
10 84
75 38
73 84
42 65
29 36
48 6
33 91
67 89
32 67
41 7
68 11
59 55
67 63
34 17
37 97
17 45
83 91
35 50
81 19
41 23
84 60
36 85
54 72
29 24
71 33
96 78
48 27
29 94
91 29
83 44
9 7
88 80
26 14
66 69
68 53
32 33
72 53
93 74
53 73
77 16
90 48
47 39
69 98
32 44
12 83
52 24
45 95
96 80
13 79
96 39
34 93
88 50
80 4
57 27
13 17
92 43
26 2
17 11
92 90
61 26
77 3
88 77
86 1
11 47
0 88
93 71
49 24
85 77
74 22
44 92
8 62
81 65
93 41
89 41
22 48
78 16
60 69
70 6
57 52
92 24
29 67
48 66
77 34
86 90
92 22
56 57
45 54
59 95
80 77
33 55
48 38
40 19
24 72
66 50
66 12
5 82
60 74
40 63
48 63
95 45
55 39
45 63
63 39
31 57
76 34
15 97
28 14
61 50
54 94
43 21
40 18
22 83
41 12
58 64
74 96
80 93
44 5
41 44
61 56
47 68
24 48
75 15
85 38
53 46
92 50
62 64
79 98
22 72
89 51
78 81
68 18
13 26
41 64
71 11
76 65
7 88
95 19
18 31
26 80
83 96
83 4
41 50
0 16
61 72
46 7
14 83
8 97
38 91
4 87
82 37
88 41
98 21
30 26
78 19
49 48
21 22
5 40
77 45
10 67
60 59
98 47
21 16
35 9
39 89
10 83
57 61
36 79
97 18
82 6
50 7
52 63
50 80
58 81
2 72
29 7
91 68
14 34
57 79
12 71
94 45
89 88
76 2
13 44
92 1
28 2
96 4
23 19
38 13
7 98
23 4
54 39
3 63
93 16
15 56
61 76
96 70
81 64
23 31
36 73
75 90
23 25
48 39
29 26
47 52
33 27
92 51
39 5
78 32
81 63
74 34
88 11
76 15
97 15
75 64
54 22
55 1
55 48
98 87
53 56
84 26
58 79
78 13
1 82
61 58
69 84
56 20
14 58
85 56
81 74
42 32
12 9
89 65
2 11
58 11
0 89
63 33
60 93
39 66
2 12
76 37
63 13
30 87
43 54
62 56
61 28
25 14
71 62
81 9
70 72
75 22
27 21
10 74
24 95
81 82
2 15
91 36
31 65
24 78
33 15
26 17
50 82
51 19
98 3
45 86
7 41
61 45
55 34
57 18
89 84
87 82
92 61
70 78
76 8
18 78
49 45
84 74
0 15
5 26
34 30
24 55
14 6
67 82
7 79
73 60
27 37
45 13
48 10
21 90
17 76
36 39
73 54
13 11
35 45
53 59
78 82
60 26
32 39
1 10
29 77
22 76
81 22
13 16
36 14
35 1
17 75
96 14
88 44
53 72
40 69
96 23
88 68
80 52
88 24
78 46
16 93
10 85
28 64
60 30
1 72
64 37
17 16
43 8
6 31
92 69
34 87
1 7
12 0
69 31
93 17
14 45
30 91
91 48
86 72
73 75
22 51
36 86
84 91
24 52
79 74
21 51
45 10
45 40
55 45
33 45
66 98
81 61
24 41
45 52
72 67
50 89
11 4
73 69
79 43
50 26
65 58
83 87
82 33
87 7
77 71
3 77
65 96
98 23
34 34
67 33
42 57
67 69
82 44
69 9
28 28
59 71
21 50
63 47
58 26
66 20
81 31
24 90
63 85
18 81
71 48
43 42
51 18
44 26
67 57
50 53
26 25
91 25
5 54
77 36
32 74
70 83
24 3
46 9
63 44
26 39
10 57
34 33
70 69
62 74
76 59
68 17
68 36
96 65
78 41
0 36
63 45
92 60
85 66
6 18
48 52
93 30
18 18
82 19
58 67
75 75
63 66
79 68
57 47
64 36
76 89
76 55
60 46
20 31
59 35
65 88
17 98
33 25
15 48
71 12
42 98
64 10
17 67
18 1
28 50
13 93
36 11
70 81
89 83
79 34
73 48
23 78
87 49
55 30
82 60
47 42
89 44
68 70
54 53
66 42
84 98
47 71
59 39
0 61
30 62
73 13
3 68
3 98
44 66
53 71
42 88
56 23
98 80
2 9
33 78
34 65
67 56
70 9
63 6
27 13
17 19
30 78
59 70
94 80
79 20
29 11
42 12
24 73
86 86
13 6
86 48
7 34
74 26
34 81
46 74
50 79
90 89
63 68
67 88
5 93
22 55
45 47
6 9
85 98
46 66
49 53
67 34
0 94
63 92
30 29
35 25
11 56
55 55
83 56
57 1
32 65
82 35
66 91
70 19
7 35
77 63
74 43
90 81
17 36
21 78
51 20
52 66
50 14
95 6
54 98
85 29
59 27
86 50
85 89
56 30
64 79
91 88
11 23
5 94
3 56
22 3
83 20
89 3
64 34
12 22
9 13
50 65
61 80
44 68
16 6
51 8
10 22
67 93
85 85
54 12
53 26
58 14
16 5
52 27
46 53
22 68
10 21
98 7
82 97
20 4
93 12
29 3
74 85
66 32
13 46
47 96
8 31
19 48
45 59
31 28
67 80
20 56
21 45
81 51
39 44
91 87
24 61
10 75
52 70
59 84
90 52
11 53
95 67
9 52
37 60
67 22
72 70
51 17
80 82
56 95
3 82
29 22
27 38
15 47
46 91
20 12
87 67
67 32
22 7
41 51
71 3
35 44
62 27
78 87
26 15
82 7
32 94
97 81
56 36
31 71
52 38
7 49
96 21
24 84
48 33
94 65
60 41
23 38
36 47
81 75
39 74
2 81
36 77
86 89
74 35
63 52
9 73
87 25
27 17
59 10
64 32
11 2
92 77
64 70
92 76
21 72
79 87
47 36
59 7
42 37
68 7
87 21
10 77
85 47
78 89
8 26
37 78
29 43
53 45
91 7
43 22
89 56
63 14
88 18
53 23
30 46
77 87
65 82
11 86
70 68
24 16
49 71
4 22
37 9
8 21
71 71
2 64
59 51
83 59
30 71
91 9
44 38
10 62
24 36
9 78
96 82
63 89
67 30
16 67
87 12
76 51
89 34
20 96
73 92
34 5
21 93
6 48
65 50
85 8
23 91
12 45
72 18
22 0
14 0
64 50
36 10
18 74
23 56
75 46
13 86
65 42
81 84
69 58
92 62
30 90
43 94
90 83
49 33
30 95
93 54
10 86
19 2
81 3
5 43
74 98
39 48
35 34
23 81
57 72
44 69
11 11
85 5
25 28
85 91
5 4
21 67
58 70
89 95
54 51
37 15
15 8
40 98
19 64
30 5
26 37
60 3
20 54
78 74
37 11
17 87
85 39
78 23
69 50
51 72
44 80
41 74
66 5
3 88
0 44
19 79
36 31
3 25
39 49
79 39
20 66
73 0
50 3
21 47
44 48
74 4
50 5
53 55
28 72
33 60
41 16
60 16
33 34
69 17
16 30
29 27
34 49
54 93
86 53
28 10
52 7
52 16
85 21
52 23
22 27
51 69
51 56
75 10
66 92
72 48
51 89
39 32
47 10
23 69
42 63
70 14
95 46
24 94
69 82
33 33
17 79
58 71
91 57
14 30
19 51
53 20
44 72
84 67
91 39
19 4
43 67
41 56
22 58
26 16
77 96
84 9
78 34
66 77
28 80
14 33
48 46
1 27
51 36
17 40
14 14
79 16
96 3
89 24
8 71
96 67
0 35
68 37
76 86
50 39
46 80
40 44
80 64
59 50
78 44
45 19
94 72
48 15
14 42
7 55
63 12
98 82
11 10
63 15
24 2
68 51
48 31
29 51
35 59
55 89
88 56
34 4
82 48
24 19
43 72
96 40
59 20
35 48
67 59
27 45
15 42
68 43
80 96
79 69
66 35
6 43
80 34
19 38
21 8
74 61
20 48
85 26
83 53
87 81
85 10
80 76
20 45
48 75
32 36
12 14
5 53
4 16
49 88
33 36
86 39
89 64
1 69
88 35
70 16
1 77
86 7
56 92
45 45
84 85
3 43
61 77
37 50
4 65
23 63
25 43
56 76
76 96
48 72
22 25
43 34
59 33
3 26
68 50
16 59
75 78
71 5
70 63
49 89
23 47
25 60
23 35
23 3
2 8
15 98
61 2
35 16
25 5
78 17
32 2
0 80
2 63
65 1
79 48
85 52
77 35
64 22
77 22
54 14
6 50
9 63
20 25
65 35
3 83
86 66
42 19
50 40
55 3
36 72
69 62
22 33
16 49
70 37
57 88
39 92
81 71
38 26
2 93
85 43
17 51
61 7
27 73
88 60
57 74
76 36
86 74
26 73
72 92
89 6
59 32
56 93
89 39
7 59
29 8
97 70
8 16
42 76
85 3
27 10
63 80
40 41
64 92
86 15
10 59
81 85
51 16
58 9
66 17
96 48
37 35
72 12
17 64
80 45
8 84
95 13
44 76
1 45
42 70
96 96
55 85
21 48
79 77
43 91
30 44
70 98
47 60
25 23
35 39
28 89
62 96
49 47
29 25
62 13
87 34
55 44
18 60
81 23
54 91
51 88
25 2
86 45
84 16
13 81
7 19
56 54
20 53
90 96
16 98
8 8
26 23
80 69
55 61
4 98
57 76
72 60
50 91
1 63
77 27
69 10
89 49
32 38
0 95
4 6
72 58
63 79
28 60
66 9
13 83
78 9
14 8
65 21
88 39
39 40
56 0
47 79
23 55
15 16
5 19
17 8
45 21
66 25
63 69
6 7
62 84
72 3
85 73
52 50
86 76
12 82
43 20
4 25
59 58
6 23
85 35
65 29
87 55
11 5
6 60
56 80
33 82
60 85
56 86
98 1
20 41
33 14
69 47
2 67
47 49
78 54
64 18
67 91
32 34
11 9
20 21
65 33
8 6
9 28
94 67
53 51
56 44
91 41
28 79
41 28
47 4
98 89
79 75
98 66
46 1
1 60
39 3
23 84
8 20
0 34
91 16
42 36
62 33
41 48
16 18
49 79
20 28
69 23
16 89
3 21
6 56
91 71
39 14
1 97
27 55
23 87
12 42
22 82
61 78
54 47
93 7
5 67
91 60
12 25
83 55
46 64
64 80
39 36
56 5
33 21
75 83
31 30
17 58
81 18
45 58
60 2
93 47
62 75
70 3
11 98
73 38
34 86
30 86
80 49
26 70
81 66
58 24
4 84
21 44
12 98
69 55
11 34
32 69
76 87
41 68
87 0
22 90
16 82
62 42
27 60
51 0
20 39
61 39
38 36
71 8
88 46
12 10
61 24
9 9
68 80
52 18
39 93
87 97
22 4
89 43
8 64
37 39
3 51
25 61
66 48
28 29
6 82
20 9
22 45
58 78
92 65
55 90
19 94
1 61
78 86
29 17
50 41
16 46
71 23
36 91
27 61
14 21
38 94
39 12
73 93
71 56
28 30
23 42
98 8
84 97
86 3
21 15
0 37
91 95
2 76
21 94
59 38
88 78
87 38
44 25
41 58
82 56
38 5
76 3
27 50
30 43
57 65
77 64
89 19
7 8
78 6
67 11
38 77
65 97
18 5
90 58
46 71
61 4
53 65
17 85
63 43
19 11
74 36
61 47
91 67
47 44
33 7
86 16
24 29
21 25
86 57
63 7
56 75
6 5
8 10
57 15
87 46
78 83
76 27
39 33
12 6
72 2
95 90
55 12
21 49
11 16
24 12
34 80
23 61
21 91
26 8
80 63
31 58
64 83
71 10
55 36
85 30
63 75
86 40
81 57
44 98
73 77
59 69
82 82
28 57
45 46
43 85
60 78
57 25
67 98
78 40
85 57
10 96
82 80
1 39
79 37
26 4
40 67
26 28
52 14
74 16
87 73
72 57
68 85
63 74
68 12
33 89
87 77
93 58
20 81
68 9
84 87
69 21
4 57
56 83
26 44
82 67
58 65
58 7
1 15
74 6
54 73
87 57
4 26
34 10
88 76
3 78
41 57
43 50
36 70
49 12
55 49
45 72
6 75
66 70
51 9
14 77
11 14
61 23
17 32
71 90
35 46
14 73
69 72
55 9
47 26
0 5
74 17
55 40
32 47
61 16
44 90
24 43
78 67
86 28
24 10
19 86
58 52
56 18
88 40
72 15
62 38
30 11
93 68
50 30
28 93
4 78
44 6
74 13
37 90
88 12
87 4
65 86
74 94
91 1
23 32
26 72
94 5
49 13
40 50
94 62
22 39
32 83
1 46
13 84
11 64
2 30
46 54
23 11
42 41
89 33
17 89
82 24
57 0
6 4
7 15
36 13
58 17
60 55
64 4
29 10
89 75
58 72
8 86
78 18
31 34
25 54
91 37
4 67
95 36
72 56
28 92
17 81
86 58
66 49
49 10
90 62
43 55
46 63
35 84
22 20
80 17
81 93
84 40
28 69
2 4
58 2
55 70
2 86
73 61
79 46
37 34
53 95
55 26
80 65
62 73
86 0
8 46
19 84
5 85
95 23
87 10
30 27
68 6
82 34
9 61
72 0
9 35
44 77
71 75
21 11
85 7
42 5
74 20
80 81
6 57
81 35
85 83
25 84
27 56
94 47
52 20
62 86
38 71
39 69
19 32
34 43
35 29
76 49
8 14
39 83
55 11
95 69
51 48
50 23
43 29
72 14
2 80
87 22
8 87
39 51
60 81
35 47
30 96
49 15
74 48
70 80
40 84
34 3
60 19
29 45
92 33
31 79
64 54
36 34
13 21
30 39
41 35
95 20
75 28
70 4
60 45
92 32
33 30
1 37
84 68
12 50
56 12
73 27
43 25
64 39
56 50
95 84
33 85
9 57
65 11
75 40
59 1
89 45
70 93
49 44
52 88
90 9
55 79
24 87
7 44
37 71
31 73
29 87
23 50
25 39
45 98
66 97
29 6
69 44
4 77
92 85
21 70
70 76
6 26
13 24
57 16
23 17
76 44
81 41
97 9
58 12
22 52
53 8
88 67
77 81
92 63
45 49
84 58
83 40
75 12
76 39
28 66
62 46
2 16
35 8
56 96
54 55
7 85
93 9
50 24
96 69
97 37
98 65
53 52
0 74
69 25
22 29
53 6
7 97
93 35
20 84
69 1
86 4
80 36
76 57
42 18
73 66
9 82
40 3
94 64
84 30
9 2
9 70
38 95
2 58
47 51
69 94
7 65
22 42
31 81
59 12
78 68
18 87
69 33
39 25
20 6
12 54
19 87
91 83
7 25
5 22
52 49
86 32
46 11
54 96
3 97
36 49
32 75
2 42
72 65
37 73
1 22
52 8
41 60
50 45
93 78
20 49
84 28
84 4
34 18
18 64
19 81
5 92
60 94
82 89
54 54
26 7
34 16
69 36
7 80
77 41
8 78
37 93
64 9
82 49
35 91
52 1
14 47
53 75
9 41
61 46
41 5
95 81
83 30
71 47
97 0
12 2
22 15
85 32
74 50
78 8
20 7
92 21
72 54
78 53
76 54
98 95
19 78
91 84
17 24
53 82
62 51
32 72
79 30
67 20
81 97
17 9
56 45
10 71
90 37
13 37
51 54
65 98
34 77
7 52
83 14
16 42
87 65
82 13
93 37
88 3
69 81
19 44
37 13
1 6
4 50
91 97
17 44
46 45
57 29
33 16
49 11
85 1
20 87
8 12
89 78
64 26
12 55
64 48
28 49
22 38
75 53
97 74
91 10
4 69
63 93
35 76
6 39
25 38
18 13
93 44
15 23
83 58
26 60
82 84
91 96
31 29
21 73
29 83
39 24
10 47
93 19
94 0
63 31
73 10
56 61
73 16
34 85
41 61
26 5
27 5
6 29
35 22
53 7
65 72
54 77
38 20
66 26
71 87
39 45
79 81
49 39
56 59
53 98
37 69
6 37
80 59
38 8
34 47
14 56
39 56
33 80
93 63
58 45
88 98
37 70
9 96
91 94
39 46
85 63
73 74
88 42
58 41
56 4
9 95
93 45
73 12
35 52
68 21
34 98
2 83
92 78
71 96
51 74
51 76
40 25
79 23
80 30
33 84
97 10
89 69
12 5
93 33
56 37
5 29
26 41
43 5
58 63
28 7
30 38
1 20
60 39
36 40
25 52
16 8
90 12
84 65
7 36
27 12
73 59
23 74
15 91
46 81
25 58
53 77
68 84
8 73
78 12
65 12
56 56
34 78
39 68
18 15
81 79
10 14
70 66
46 57
6 91
90 25
64 89
24 49
43 47
59 46
47 24
92 46
32 37
50 33
38 93
28 56
32 80
29 46
86 79
63 3
80 56
4 59
68 26
16 19
67 90
40 90
58 1
13 18
0 40
41 52
27 4
10 26
98 67
19 28
67 27
58 91
83 82
97 38
25 7
82 64
55 71
18 76
23 53
6 66
80 51
80 86
90 16
46 72
81 7
33 81
24 51
85 74
29 73
45 74
34 55
96 29
33 28
74 65
21 29
90 30
52 78
11 46
43 22
87 3
92 44
39 57
32 43
20 78
37 57
3 70
26 35
95 37
50 50
47 45
22 54
85 90
4 73
61 15
96 49
78 69
82 26
49 76
17 74
76 13
22 50
61 38
95 79
74 3
63 1
88 61
28 5
94 44
23 92
70 24
44 97
71 72
8 89
47 66
53 67
53 4
47 30
64 78
2 50
42 16
33 50
61 49
58 89
53 38
89 68
81 73
44 75
87 14
53 97
52 73
66 60
69 92
37 96
34 76
46 0
88 4
95 17
59 26
86 96
25 64
94 23
43 12
13 76
95 43
45 20
22 57
71 70
37 37
79 93
51 66
75 6
84 27
88 47
63 22
7 22
58 23
8 85
33 6
47 55
40 35
9 21
14 57
82 96
64 96
7 53
96 79
25 34
20 94
10 16
37 26
71 66
97 54
57 94
65 14
91 49
62 98
45 90
37 79
76 64
35 32
31 88
33 79
89 62
62 91
54 61
55 56
21 26
62 67
39 65
52 34
16 40
64 14
41 31
27 62
69 2
18 26
44 27
25 13
90 88
88 25
22 59
59 54
12 41
36 88
97 91
47 97
23 75
91 91
49 81
44 30
21 18
52 2
69 24
80 62
46 77
5 90
64 6
23 88
15 55
87 87
76 22
43 71
8 22
96 37
51 93
19 40
59 22
37 40
94 30
68 57
70 10
27 41
60 68
28 35
0 60
29 13
59 74
62 93
94 46
91 54
27 70
45 37
50 13
29 72
48 5
47 69
21 86
8 41
85 72
39 58
88 32
28 87
2 95
46 86
12 84
32 82
11 49
32 32
32 35
48 32
9 58
14 80
7 73
9 79
59 37
60 61
76 72
65 27
83 81
78 62
64 21
36 63
60 84
49 74
49 41
41 63
93 15
64 93
6 3
74 41
22 96
77 93
40 95
32 77
95 52
25 21
89 74
59 86
15 82
30 7
39 73
42 44
54 21
86 88
67 44
9 83
64 84
6 58
74 57
71 68
83 61
91 65
13 40
77 59
84 14
39 22
72 76
74 73
29 50
10 68
82 10
72 77
42 51
4 97
42 64
12 23
32 98
60 73
37 64
81 96
28 8
22 84
47 13
48 30
68 25
57 57
80 89
76 28
28 65
82 42
68 60
0 83
7 18
98 2
31 45
57 75
33 19
60 92
65 17
27 14
47 48
15 94
89 71
45 12
67 3
47 25
15 3
48 59
18 24
49 14
46 35
18 45
20 47
79 82
60 5
68 96
70 54
70 49
84 56
25 10
3 31
77 45
76 91
89 7
79 73
40 30
32 25
65 43
53 57
81 24
89 29
42 71
67 6
54 50
93 49
6 16
5 25
12 15
48 83
36 97
22 93
58 21
60 13
25 16
10 13
15 37
40 47
53 2
18 90
90 97
14 9
87 59
14 40
34 14
57 61
65 78
75 11
19 34
42 73
29 95
66 36
42 10
61 1
20 36
37 53
18 83
60 15
85 12
63 53
75 66
80 78
17 78
92 48
47 6
66 21
62 21
4 49
82 70
55 66
2 60
7 20
56 13
89 53
29 20
81 47
68 81
2 43
19 46
8 17
40 27
83 52
93 4
2 18
36 55
24 64
42 9
59 65
83 83
11 41
98 25
65 38
61 55
9 6
20 38
13 27
90 31
95 35
83 29
3 96
78 64
3 41
38 51
56 1
92 70
57 60
13 73
73 86
75 14
67 35
74 32
1 55
51 46
97 2
5 6
37 75
1 41
92 42
14 44
51 15
32 48
30 1
28 78
34 19
79 83
69 15
56 74
32 30
87 43
80 97
21 97
42 50
49 6
23 52
16 58
51 29
37 91
48 36
77 88
72 68
72 4
82 38
74 7
15 13
62 15
38 82
49 46
1 74
79 28
91 61
82 4
49 42
80 9
11 24
26 89
3 67
21 76
54 23
50 9
94 55
61 71
38 86
74 83
54 71
18 50
13 98
79 51
34 39
4 28
76 38
40 49
53 81
78 60
76 40
83 70
14 71
98 26
76 73
94 91
71 58
21 14
77 32
40 72
65 66
74 33
64 72
91 23
12 86
31 91
56 9
1 87
98 32
11 79
89 79
32 57
24 71
75 19
45 97
22 10
95 51
70 50
1 96
50 17
33 65
3 29
23 2
94 33
68 83
95 98
31 96
63 18
35 3
22 88
74 12
68 92
76 82
38 12
78 50
21 66
60 83
19 12
21 43
50 85
91 24
48 64
61 98
45 66
89 30
4 17
71 69
54 10
45 3
24 40
96 12
10 98
71 38
41 17
2 51
24 70
35 12
90 70
46 44
27 72
70 70
44 47
16 54
22 37
98 55
48 74
76 47
61 61
83 8
10 73
91 53
84 63
52 39
21 30
85 14
81 20
90 41
22 9
73 11
81 32
5 7
53 22
74 10
48 45
93 87
60 77
35 98
94 75
38 25
33 74
19 10
91 35
35 51
91 33
96 51
84 61
96 52
75 55
5 83
45 87
68 42
28 11
36 23
41 25
80 55
52 67
87 47
7 86
47 7
82 74
79 52
54 59
95 57
73 18
33 9
33 44
64 94
62 32
55 6
11 22
20 23
73 24
45 91
38 56
11 3
34 29
80 43
3 59
33 52
6 8
96 71
56 88
38 40
69 61
55 72
77 12
85 84
3 84
69 90
78 85
77 55
78 45
28 95
17 68
60 42
3 64
12 62
60 14
78 39
9 1
40 11
24 58
34 20
36 43
3 64
15 9
4 52
75 25
75 17
1 73
34 46
0 18
61 86
21 68
48 34
29 79
9 14
29 18
77 54
44 96
79 63
65 5
77 50
76 93
86 12
53 94
72 62
24 4
36 95
40 85
49 77
72 96
56 53
49 16
11 57
33 40
87 2
93 98
86 27
23 70
76 95
36 94
70 87
26 18
28 62
73 70
80 31
11 81
31 63
41 38
56 47
87 30
14 53
80 83
90 38
78 5
25 45
82 40
35 72
54 65
46 20
65 19
58 0
55 47
39 42
90 71
28 23
31 37
20 13
54 79
41 9
93 93
7 16
70 74
17 22
30 76
30 92
28 25
65 51
21 20
37 46
39 53
17 37
66 30
29 57
46 19
29 78
1 21
74 18
13 80
0 81
19 47
50 68
54 66
0 55
14 46
19 63
67 79
68 4
4 23
89 81
74 31
27 66
92 87
83 3
14 7
6 85
19 19
7 82
67 12
59 42
6 42
88 33
90 93
94 88
72 47
19 20
95 58
31 94
0 92
68 44
48 55
30 67
46 56
38 84
13 7
20 80
13 20
64 12
82 0
78 35
18 48
16 47
76 1
27 23
44 49
96 54
19 45
64 38
1 89
61 95
39 94
67 29
92 93
12 21
1 53
10 27
94 66
48 70
55 8
40 55
87 72
9 42
62 92
24 81
77 17
93 53
70 31
23 26
11 78
50 70
15 77
14 94
36 7
1 28
62 66
77 84
46 59
6 87
60 11
56 85
43 11
27 96
76 74
67 0
67 42
67 70
79 97
28 6
60 70
76 43
15 15
25 25
8 44
36 36
87 31
54 69
25 6
55 25
3 57
3 20
10 10
29 65
53 37
66 44
0 29
75 31
35 13
75 82
37 33
55 38
60 20
60 43
64 17
40 28
40 34
56 8
89 67
15 58
80 71
5 95
78 33
76 20
9 86
46 39
2 77
2 28
7 51
73 14
12 68
58 49
82 98
80 61
96 22
25 88
27 4
34 32
94 86
90 80
50 55
54 7
65 15
39 79
18 39
67 43
81 45
60 37
92 3
68 59
89 4
73 55
46 69
20 77
47 31
57 9
45 63
11 42
5 66
52 25
94 59
46 36
43 65
14 90
65 49
81 68
17 13
57 82
36 12
85 40
30 47
79 29
42 49
15 53
88 7
11 0
58 82
33 96
81 88
16 37
10 9
89 82
14 81
37 89
9 75
51 7
14 43
47 40
92 71
1 79
73 87
42 66
19 39
13 0
74 60
79 94
89 36
76 84
6 25
72 97
7 54
50 90
70 34
76 7
19 43
40 57
32 9
1 64
82 23
18 54
90 32
39 15
89 11
55 29
37 62
89 55
76 9
22 17
21 55
80 15
7 4
50 6
27 39
51 34
15 44
91 2
77 8
48 98
97 12
88 93
13 14
9 46
42 26
66 31
67 85
71 34
57 64
44 42
84 42
34 21
82 91
25 57
26 81
88 81
62 14
16 75
17 20
13 4
64 77
51 30
80 33
25 29
29 70
47 47
13 71
54 45
27 34
62 39
75 65
96 20
57 34
11 58
46 82
22 87
28 63
18 65
20 11
70 82
41 91
32 66
41 11
64 65
26 66
74 91
69 27
77 82
3 93
18 40
55 93
65 9
21 4
59 23
60 35
78 94
5 84
69 49
18 8
61 14
81 42
65 20
66 83
12 80
14 19
70 48
9 94
16 63
71 64
87 42
10 19
44 37
90 61
26 71
15 4
48 8
63 70
63 76
9 67
77 62
81 94
26 9
58 56
19 97
57 55
69 79
26 13
5 15
5 3
21 28
68 34
96 83
44 54
21 31
89 32
64 49
10 4
80 35
63 46
70 73
10 51
61 51
92 47
15 17
16 3
49 49
50 62
26 69
65 44
92 96
57 87
92 18
69 96
46 27
24 57
68 23
27 63
84 96
82 9
60 12
10 18
89 8
45 88
19 5
24 96
30 65
58 25
2 53
77 73
11 21
53 53
91 62
37 31
10 52
54 67
2 84
53 16
23 33
74 21
25 89
22 22
98 11
18 28
91 45
80 44
53 14
26 45
55 96
33 98
93 79
30 49
20 22
38 92
13 45
43 28
32 24
52 68
80 54
5 14
44 95
65 46
49 73
80 16
61 84
86 43
72 49
91 81
61 70
0 56
84 12
55 60
70 7
52 51
41 65
90 60
3 23
10 12
84 81
6 22
63 10
6 94
35 41
23 86
74 8
82 93
75 43
86 56
56 39
79 49
38 67
60 4
67 36
77 23
31 77
31 35
83 10
38 2
73 58
75 51
41 49
83 85
29 74
70 97
59 93
2 59
56 87
9 15
70 42
50 71
58 94
28 12
20 14
30 72
81 49
55 46
94 80
29 59
97 17
39 59
12 92
86 35
16 87
64 2
23 68
44 8
16 83
80 2
33 87
82 69
40 23
62 44
79 47
98 88
30 85
96 73
43 75
18 72
70 62
74 23
11 85
87 8
15 35
71 57
92 52
85 36
75 52
36 62
33 51
50 2
61 63
91 51
26 36
46 50
4 13
69 26
32 89
72 35
74 39
66 1
24 67
77 24
23 60
20 46
79 45
77 44
19 82
67 40
4 72
88 87
38 73
31 31
10 64
30 68
23 95
66 10
70 65
5 50
74 49
70 85
28 81
73 71
68 56
76 60
56 94
91 43
49 50
56 79
28 59
22 12
25 68
57 37
47 32
74 24
83 67
42 58
10 46
4 66
51 92
94 38
40 62
76 45
61 68
76 85
42 67
84 55
89 10
63 98
38 42
95 65
25 75
30 98
35 70
32 5
19 9
87 78
11 15
24 59
97 53
34 94
79 19
75 39
64 0
71 73
39 20
83 19
40 54
81 28
27 97
18 63
76 77
3 9
28 3
12 7
73 37
54 92
72 90
82 90
67 24
62 60
77 10
90 56
58 45
13 38
44 65
1 83
28 34
35 83
35 11
98 77
74 29
77 75
38 89
57 95
40 60
28 15
18 7
44 13
97 90
4 14
89 60
56 89
45 81
46 49
91 5
70 89
45 89
52 69
38 76
55 32
10 72
2 78
31 80
20 42
45 9
98 63
32 6
38 64
81 14
26 29
10 6
87 50
40 58
91 79
83 68
46 38
28 27
83 45
18 38
84 83
33 73
82 65
97 16
58 88
25 42
95 68
56 63
98 13
66 21
40 87
96 46
52 84
11 95
54 82
57 93
92 25
77 74
37 84
11 59
79 86
89 15
38 68
19 15
13 19
52 6
93 6
58 48
54 57
42 45
56 46
92 19
11 35
69 5
42 95
96 66
47 59
32 79
73 85
1 18
81 48
55 81
67 47
98 70
38 90
83 26
91 64
63 59
62 37
90 94
1 4
23 12
10 61
66 63
29 12
85 75
4 56
53 3
64 76
21 98
41 70
15 26
76 24
70 55
93 75
70 2
40 15
22 49
38 97
16 10
26 53
38 48
61 65
12 1
91 90
82 46
6 65
25 30
24 82
93 95
28 33
81 87
37 12
66 0
37 72
51 68
11 19
76 80
90 15
56 34
85 11
81 2
45 22
58 37
51 53
76 53
56 55
20 15
91 34
46 48
85 49
20 44
81 33
88 48
59 15
12 53
18 29
29 52
15 21
57 92
3 16
12 17
74 93
94 37
0 12
30 69
4 4
3 72
68 48
6 95
63 60
24 25
20 20
6 41
53 90
49 27
33 26
88 83
51 84
25 66
3 42
93 81
44 23
76 42
66 43
97 7
93 96
2 5
20 18
41 30
46 96
62 28
60 49
96 0
98 20
34 92
58 51
39 98
5 23
23 37
23 54
70 23
36 26
94 98
47 58
24 63
55 82
60 86
98 9
24 66
63 34
86 95
2 27
62 47
30 81
7 66
60 18
56 7
10 20
80 74
53 0
19 49
83 36
81 0
45 55
59 78
20 93
96 95
46 73
79 41
42 15
24 6
38 65
95 96
47 37
1 71
80 98
78 80
85 15
49 37
54 49
4 80
25 24
14 39
65 6
66 93
16 76
66 38
78 55
40 52
45 65
45 92
31 4
66 78
11 44
1 40
7 72
94 41
15 24
54 20
8 75
64 58
65 77
50 75
35 86
76 75
90 79
46 52
62 53
5 39
59 6
44 9
75 80
0 73
80 48
95 4
59 92
58 76
13 10
35 62
53 78
85 78
92 2
19 65
49 5
19 92
58 15
16 94
78 49
3 15
1 78
7 5
27 24
59 59
59 16
94 32
86 49
37 8
62 45
19 85
69 30
85 27
81 92
36 90
69 91
16 28
68 3
30 12
45 33
10 56
10 8
72 91
77 85
17 5
8 5
69 83
13 55
85 97
68 82
23 65
70 60
49 98
40 75
50 72
82 63
11 26
46 58
26 34
65 85
76 66
97 22
89 76
54 52
34 45
11 17
91 13
89 5
52 46
95 40
74 74
73 40
42 33
63 48
91 80
42 85
3 27
47 50
42 35
41 69
91 89
95 47
12 91
87 84
82 32
79 6
32 7
46 34
12 19
55 65
8 19
79 31
25 72
62 12
19 73
19 7
59 96
72 33
56 2
49 83
6 44
68 49
93 88
44 79
52 4
61 67
55 43
73 39
47 54
85 76
75 76
10 40
94 15
72 73
54 76
94 92
28 55
67 81
92 20
66 47
46 24
51 6
58 39
62 41
31 25
98 64
18 51
25 15
10 65
39 62
50 69
94 90
1 23
65 79
32 40
49 51
46 33
85 50
55 80
92 8
81 52
86 97
61 6
48 28
36 60
25 56
50 38
16 52
56 97
49 72
77 29
37 49
51 37
77 89
60 75
67 58
75 27
5 27
4 86
12 64
0 32
33 23
56 49
43 67
22 73
83 79
61 43
78 36
29 68
47 65
18 12
32 46
14 54
13 88
64 61
94 8
7 56
78 52
15 27
24 20
67 72
42 42
53 91
58 34
21 57
71 39
42 23
40 61
89 94
73 43
36 54
65 63
43 98
41 54
20 33
47 5
0 71
31 75
15 45
79 71
56 62
90 29
67 87
71 17
65 39
15 95
56 24
64 28
6 83
93 22
33 35
84 36
78 71
33 10
73 35
92 14
59 72
29 71
95 18
27 8
44 41
66 46
21 23
71 45
83 77
79 33
43 64
2 94
10 0
22 77
18 49
41 18
46 61
60 28
88 84
93 23
48 0
49 56
35 75
13 13
95 14
47 22
94 78
17 73
32 27
47 64
56 40
58 35
40 48
58 77
63 64
93 48
18 11
53 48
7 75
71 50
45 42
13 32
8 28
36 69
68 28
68 5
75 57
85 80
6 88
59 28
97 3
65 23
57 35
95 12
87 27
5 41
26 68
44 81
38 69
22 43
93 14
71 88
41 77
28 71
90 76
52 72
43 89
90 19
22 56
4 92
57 84
8 29
86 78
81 27
47 53
12 87
69 12
80 25
15 92
75 77
79 15
8 63
94 1
43 19
29 14
18 2
83 42
22 91
12 81
46 31
85 95
98 74
68 27
94 36
24 33
40 89
45 27
5 65
52 17
95 54
15 1
57 73
74 62
43 70
88 72
75 91
88 73
53 58
83 62
97 89
61 57
57 43
1 3
13 95
13 5
82 20
86 92
54 97
79 7
12 18
67 76
39 50
55 58
57 23
86 26
34 9
90 68
88 92
84 8
15 87
27 53
48 61
5 86
20 51
14 87
39 9
38 39
63 5
75 59
78 48
81 58
27 48
91 42
96 18
75 26
8 7
55 74
95 16
95 92
89 70
37 59
52 59
71 91
47 46
47 70
49 80
94 48
44 86
90 95
66 45
16 9
91 76
82 25
16 15
48 95
23 34
59 41
74 69
9 85
19 30
10 30
97 11
83 7
19 29
77 0
83 74
71 7
88 26
15 62
89 73
43 88
56 17
15 86
81 83
94 84
29 2
83 89
82 14
49 61
74 84
64 8
45 25
68 22
38 58
10 82
82 41
61 52
3 80
34 2
37 65
32 26
63 55
27 27
31 68
64 71
18 10
86 87
96 74
48 53
17 4
77 43
6 38
49 40
60 72
58 4
1 76
17 84
30 48
18 23
9 30
68 31
23 30
65 59
94 82
38 43
79 62
95 3
11 37
24 75
63 96
23 23
83 23
1 42
86 25
55 78
44 52
48 77
13 91
56 64
97 13
57 71
20 32
30 28
91 56
18 43
81 13
95 9
89 48
53 50
63 61
51 38
43 92
47 33
86 85
72 25
50 96
83 63
41 89
40 86
79 12
97 83
39 11
23 21
54 78
63 2
33 83
1 29
17 69
15 39
11 18
19 83
92 17
33 86
94 14
67 31
65 4
22 85
52 29
81 69
50 34
38 57
45 70
24 98
67 38
32 23
16 60
76 0
77 1
86 8
43 95
90 50
7 64
21 34
82 83
74 59
7 82
77 26
4 74
17 61
26 38
15 12
9 27
57 70
84 53
32 85
30 4
57 17
83 2
14 35
56 65
98 18
6 74
0 54
58 10
37 77
48 48
78 58
58 53
12 47
66 6
48 37
46 37
93 72
90 7
80 14
42 38
91 47
3 74
28 77
46 98
59 9
75 44
44 21
28 68
13 75
73 91
94 7
3 73
73 41
87 35
63 41
46 28
42 8
2 22
33 58
41 90
67 60
53 93
10 97
19 36
22 34
83 37
59 57
35 37
24 74
44 18
66 79
91 82
85 9
1 95
28 38
62 22
48 11
79 57
39 90
34 24
83 84
38 47
3 92
3 10
78 4
89 54
35 24
67 49
11 38
23 48
74 90
79 32
64 51
79 85
9 77
79 22
43 24
43 53
33 17
56 90
9 12
89 80
98 12
30 73
38 15
22 21
15 80
10 28
24 17
20 55
45 26
84 38
94 2
20 86
84 88
98 75
17 38
66 53
29 81
49 32
92 49
73 29
49 95
96 42
44 45
89 93
73 51
34 6
60 21
38 52
29 53
43 36
33 18
12 88
57 66
82 43
33 32
31 90
36 59
75 81
94 61
80 27
55 24
19 25
23 36
84 57
37 54
46 2
65 41
84 64
40 76
64 97
82 86
21 96
36 44
69 78
60 22
54 70
55 13
94 35
58 5
30 77
66 2
25 83
60 65
93 89
64 85
45 31
87 88
48 24
48 69
60 50
29 28
51 50
18 3
74 14
84 7
93 21
97 8
91 66
89 66
25 3
31 87
91 44
86 41
28 45
4 68
6 69
39 41
25 36
32 90
25 55
56 6
91 92
34 28
42 52
16 77
10 45
90 42
35 2
2 74
85 64
75 35
42 72
26 32
26 10
14 86
88 16
29 54
41 15
74 40
75 72
74 87
90 8
55 77
3 15
24 47
31 55
98 81
46 89
55 92
59 3
33 43
30 37
79 42
71 6
43 37
35 14
17 97
52 15
81 60
30 6
29 69
16 38
8 18
70 86
77 7
24 44
33 3
31 8
35 15
47 63
97 23
74 72
88 65
41 29
94 54
85 4
50 15
48 80
5 74
11 27
4 12
55 63
44 89
65 48
67 61
94 93
59 85
36 29
35 7
17 7
22 13
57 20
18 85
89 50
56 91
19 53
76 71
12 76
42 87
36 87
70 21
40 68
16 12
70 43
38 61
6 15
29 93
8 52
15 89
76 23
91 70
59 52
59 75
56 71
78 56
19 41
15 36
33 39
57 44
53 52
15 76
45 34
37 6
97 25
97 20
4 15
87 48
8 48
70 35
52 5
5 16
97 31
2 61
11 25
52 89
95 15
78 78
59 44
56 42
63 83
81 37
51 55
42 25
98 15
86 47
74 19
3 40
86 91
2 55
18 37
75 48
58 6
90 53
68 15
43 76
43 6
16 32
46 25
78 29
79 9
22 79
75 45
80 26
3 50
27 59
88 8
83 43
20 10
95 80
84 89
95 8
60 1
14 70
80 94
77 53
97 26
97 80
32 78
19 31
60 79
55 75
13 53
93 92
48 22
82 75
94 89
33 4
28 61
16 36
42 21
50 74
79 54
23 93
81 43
3 49
83 90
50 43
51 82
94 12
85 79
35 88
92 67
88 79
97 4
34 48
95 56
2 39
82 73
70 15
18 98
0 87
28 46
61 59
23 85
18 91
56 3
11 55
74 75
16 62
53 92
30 70
25 90
87 66
14 12
28 85
16 16
60 53
36 53
11 43
61 85
69 60
35 6
2 40
85 92
68 40
40 64
72 78
38 6
38 98
47 78
35 92
42 4
59 21
23 27
43 77
7 81
24 62
21 9
83 65
58 75
86 24
66 28
11 36
8 61
76 50
2 92
95 82
7 48
35 26
74 38
93 1
93 5
48 29
45 41
35 30
76 16
82 5
54 30
93 38
37 67
15 14
9 47
9 80
96 89
44 12
31 3
68 97
19 91
72 74
23 9
9 26
17 62
77 30
41 62
34 73
48 26
54 90
28 70
54 56
33 48
95 71
96 47
15 19
59 62
20 27
45 30
10 44
57 38
6 63
88 17
67 48
25 76
35 93
57 63
26 63
50 78
65 16
31 54
90 24
53 28
48 67
23 43
24 32
46 26
56 69
45 23
71 13
2 49
38 62
66 22
84 11
20 24
39 8
36 92
91 22
82 57
74 15
29 5
82 18
70 59
98 85
58 19
37 14
39 7
3 60
75 33
16 44
23 67
76 11
18 66
42 90
12 90
97 71
56 22
72 10
77 86
0 96
74 86
66 80
36 74
65 91
56 68
23 20
78 61
65 7
10 39
96 97
64 19
96 90
92 7
71 54
53 54
11 8
76 48
35 19
83 25
21 82
83 6
39 55
25 91
50 73
43 10
82 94
69 19
7 46
51 96
77 51
66 29
26 3
2 6
81 59
14 36
11 40
87 44
15 11
58 95
89 2
35 17
40 65
76 76
30 63
86 75
51 45
75 85
21 36
93 25
18 58
18 32
95 53
34 82
50 31
9 19
12 94
55 87
20 35
39 54
21 32
77 76
17 18
38 50
33 72
50 37
68 40
29 85
12 56
28 31
21 84
9 4
15 88
68 19
71 16
66 90
0 30
39 61
43 66
41 95
57 90
4 20
97 69
14 10
14 37
65 69
65 75
88 13
20 69
52 30
4 53
43 93
96 2
71 44
52 3
9 22
92 68
0 91
10 54
60 36
58 16
68 45
37 68
20 90
17 46
78 88
92 84
31 89
41 76
21 5
22 60
2 41
58 66
20 29
93 69
91 50
20 74
36 80
63 50
19 8
72 81
65 57
63 36
15 52
41 59
36 76
79 17
25 71
27 16
79 95
21 69
68 14
16 39
79 21
12 79
75 54
83 35
24 53
54 24
55 23
87 40
66 11
18 19
93 13
27 35
20 34
22 5
33 97
17 88
98 29
35 69
59 19
92 57
69 51
96 16
16 24
78 77
51 40
47 14
38 22
29 35
59 76
38 85
33 90
47 81
72 84
66 82
17 23
44 88
0 1
12 70
9 97
36 81
53 63
75 32
77 83
44 55
71 21
52 37
95 7
24 80
39 10
29 37
55 10
16 7
86 84
62 59
43 38
94 94
13 85
84 76
70 39
46 32
51 49
58 43
48 54
49 54
17 15
7 3
23 22
88 19
14 84
48 43
75 62
67 21
94 87
88 57
12 57
64 3
31 92
7 40
11 88
10 43
59 40
47 28
80 50
14 91
89 31
52 65
63 37
60 51
92 13
40 24
90 1
50 81
59 93
53 66
39 47
77 14
64 63
13 54
20 83
14 15
85 25
27 54
61 64
15 32
38 23
39 60
56 72
23 7
52 48
10 94
23 82
33 31
55 50
58 55
13 12
56 38
55 7
28 16
34 89
91 63
98 45
43 51
35 21
15 61
5 87
16 23
12 63
6 30
73 72
38 75
54 15
80 20
46 83
56 21
36 30
73 50
36 93
55 17
52 45
92 54
72 61
70 26
15 6
38 70
65 32
70 1
20 72
38 4
77 4
37 63
71 49
61 90
2 56
40 79
89 46
78 43
72 43
89 16
38 24
28 37
56 51
8 98
54 75
31 69
61 21
23 6
38 32
39 72
20 76
70 22
24 69
70 27
29 30
52 82
97 44
66 64
57 21
8 80
18 89
52 58
64 16
72 22
83 13
49 69
4 93
26 56
77 80
97 58
25 96
8 82
64 23
48 96
63 4
75 61
64 59
93 0
13 47
98 69
87 11
35 31
14 82
40 20
3 18
67 78
92 9
64 69
80 24
17 12
62 62
4 70
53 40
13 49
52 57
60 24
68 79
81 6
50 77
57 56
77 38
47 41
69 40
5 49
23 49
68 41
30 2
52 54
11 6
45 78
82 87
84 3
38 78
71 89
44 10
82 21
2 52
74 58
83 93
63 56
63 38
11 13
75 89
94 20
95 33
23 94
59 34
96 72
92 12
53 13
30 20
69 20
35 60
52 77
1 75
45 4
43 68
3 54
98 57
75 42
36 56
17 25
2 79
70 91
12 46
45 0
69 41
69 57
9 69
8 27
9 3
75 71
16 31
13 78
61 12
12 72
64 11
28 20
55 73
22 31
75 8
52 55
48 2
28 32
36 38
18 88
4 94
58 36
84 41
52 75
65 52
98 84
14 41
36 25
77 68
57 91
52 90
28 96
92 75
37 41
6 54
72 24
73 56
43 96
34 74
12 24
80 29
85 96
41 96
5 28
87 54
44 57
9 74
29 39
41 36
22 97
91 98
4 53
88 75
34 38
97 21
42 17
1 91
7 26
54 81
95 39
29 64
11 45
24 23
75 7
82 29
5 8
62 57
81 70
20 50
71 80
32 58
38 95
46 13
75 60
28 44
33 2
31 66
63 65
24 1
80 23
40 10
52 86
34 37
11 65
71 81
19 72
41 98
50 52
80 46
55 86
67 4
42 53
38 44
55 91
76 68
78 25
7 94
34 8
87 98
18 30
63 21
71 67
70 36
22 19
88 86
89 37
31 36
57 30
35 61
22 75
57 22
90 82
89 52
15 40
30 94
71 43
24 35
46 40
49 97
6 27
21 12
70 17
93 43
12 48
47 83
31 39
3 8
82 68
91 18
77 46
5 73
86 42
6 93
1 81
92 23
1 31
91 58
78 47
17 28
50 67
8 49
57 59
95 74
80 67
18 73
92 45
29 44
93 39
15 59
44 36
56 58
43 46
6 59
71 20
22 44
13 8
13 2
54 87
71 35
67 2
16 88
79 35
41 24
38 49
41 37
75 74
32 20
35 89
82 59
37 25
64 62
29 75
55 31
82 79
29 33
44 28
7 67
62 52
47 27
41 10
25 80
16 48
57 2
32 73
81 36
93 55
66 7
51 91
4 88
54 2
58 74
19 33
97 14
22 41
21 0
69 16
94 77
21 19
57 80
14 18
79 58
7 43
57 50
66 27
90 40
73 83
3 81
71 93
15 18
62 68
15 63
44 63
92 82
55 37
3 46
53 47
70 32
2 10
93 42
4 79
78 38
25 11
69 48
53 21
92 83
13 90
8 9
33 94
23 24
61 62
96 9
88 15
54 41
16 45
50 54
53 1
57 51
40 74
12 97
77 42
61 37
88 49
47 38
94 79
46 95
92 36
1 56
26 97
35 4
39 43
33 22
30 79
45 94
79 44
0 39
62 25
12 68
86 5
41 66
64 7
37 36
72 39
1 17
36 9
60 67
45 11
8 38
66 41
39 34
81 86
15 20
5 91
45 73
54 13
68 35
37 47
51 1
15 12
73 76
13 41
64 86
30 50
77 6
32 4
14 2
19 16
95 38
48 71
47 98
93 56
41 46
86 55
49 9
25 97
63 95
39 6
65 2
85 33
43 86
91 74
57 98
81 53
28 13
9 39
55 22
94 13
6 53
57 36
67 1
54 9
11 20
48 35
43 4
77 19
34 52
9 81
86 33
49 63
60 60
2 14
92 81
75 50
47 16
38 79
39 52
65 47
19 22
73 73
41 47
62 54
9 11
0 79
57 24
54 43
1 32
29 76
90 55
13 96
19 66
13 92
34 79
77 9
48 68
97 24
62 79
78 63
22 24
95 88
48 17
96 57
34 26
51 33
61 10
56 70
9 72
91 26
13 97
18 82
91 46
67 25
44 19
78 96
0 82
14 32
21 3
62 48
70 25
95 95
1 30
36 46
75 13
31 47
69 97
86 38
15 33
72 93
6 64
52 40
84 77
52 28
92 66
24 85
86 34
22 23
39 29
76 62
10 17
22 81
72 59
93 65
55 97
3 6
65 62
90 24
75 20
43 57
23 58
69 53
15 7
57 83
55 14
19 13
33 77
80 66
45 8
66 88
96 45
95 72
21 79
29 55
5 57
61 22
74 81
3 58
36 8
31 43
73 1
42 48
59 48
85 13
31 44
47 35
52 33
84 13
12 37
76 52
79 56
46 78
91 30
68 90
65 36
15 90
9 20
18 22
95 44
82 66
36 48
91 19
81 77
7 93
85 24
6 51
49 29
38 46
50 76
9 73
13 94
6 32
53 87
10 95
76 12
44 53
53 44
56 66
69 95
46 62
91 12
12 77
54 25
60 64
3 28
10 70
61 66
25 19
90 45
41 79
12 65
2 48
9 84
63 97
96 19
43 74
35 5
84 37
33 59
38 55
15 34
8 35
92 98
71 63
92 88
96 13
49 26
57 11
66 4
43 33
5 30
43 58
32 56
78 30
40 51
38 3
58 90
49 75
5 5
31 26
2 73
34 83
32 95
32 97
53 96
54 4
84 59
79 18
47 82
23 39
12 89
3 66
88 74
45 35
5 51
94 49
76 19
56 43
95 48
46 79
19 23
41 87
83 5
29 38
78 22
17 41
44 4
1 47
83 38
35 40
86 37
74 95
6 62
37 87
27 92
72 17
80 38
45 6
98 24
48 47
78 20
68 89
91 38
72 79
73 62
92 10
71 78
93 36
98 90
13 34
23 90
87 15
86 63
98 10
61 60
93 91
20 19
24 60
80 32
40 96
16 14
76 94
20 26
60 90
5 69
68 77
71 77
68 24
10 11
43 41
44 71
59 25
40 29
1 98
64 66
53 49
72 94
8 30
63 73
90 2
66 14
83 73
53 19
34 72
65 70
28 17
14 11
73 47
23 79
25 18
84 5
54 8
0 45
17 35
56 41
93 3
59 14
92 79
66 39
11 62
82 85
8 81
63 78
40 12
69 35
51 32
80 75
36 71
41 41
29 48
1 16
64 20
61 44
36 6
82 52
63 88
64 88
29 1
21 53
39 13
20 79
58 50
51 97
29 62
16 55
96 53
34 44
40 32
45 64
9 17
21 24
89 42
15 28
54 68
30 74
54 74
30 51
93 94
16 53
12 78
93 70
40 16
47 67
18 35
60 17
19 17
3 79
57 10
36 50
47 0
35 49
88 88
42 77
9 5
53 68
62 26
85 28
22 8
73 94
14 28
25 94
9 29
29 29
75 58
95 64
16 79
10 78
14 48
63 84
57 3
66 85
9 65
6 92
73 81
89 18
48 13
5 56
51 28
29 86
68 8
30 24
81 44
80 60
32 26
97 49
47 21
90 17
97 73
63 94
7 13
94 42
82 95
45 2
34 97
94 96
79 40
60 56
46 10
33 47
80 95
41 21
39 82
94 71
26 54
30 66
22 35
90 51
32 22
4 83
36 84
40 26
60 71
87 53
69 28
74 66
79 59
16 78
45 18
89 26
98 76
56 84
80 18
88 66
27 2
62 85
97 6
83 78
66 3
59 80
96 38
74 52
45 38
26 98
70 5
67 55
75 84
44 46
72 9
13 43
28 4
66 65
0 53
23 51
87 41
36 32
84 35
79 53
26 82
60 58
62 70
10 55
60 80
52 22
92 11
81 56
32 28
41 45
37 24
46 6
92 55
39 85
18 20
27 11
42 93
70 38
55 62
38 21
55 76
60 38
38 96
25 33
87 45
90 10
78 79
30 21
64 43
73 22
56 81
35 43
13 1
41 22
93 57
89 25
23 10
7 38
11 68
59 90
2 87
8 43
14 1
14 16
1 2
73 65
24 13
86 10
72 8
43 18
81 76
21 92
53 18
80 73
8 50
94 97
86 64
82 36
16 11
23 83
17 54
31 33
13 28
80 57
92 58
25 98
40 40
32 84
70 79
77 77
48 4
46 41
68 33
20 43
12 11
29 49
82 15
24 79
64 60
67 5
70 28
46 8
61 69
87 24
71 51
60 76
63 51
68 78
22 86
72 71
18 17
50 25
47 9
45 5
69 80
76 41
82 3
53 11
72 6
17 59
94 22
30 93
20 92
52 26
35 74
14 5
5 80
9 0
93 32
35 90
43 1
25 67
16 43
86 59
72 13
84 78
74 11
2 57
13 57
36 75
66 84
71 79
33 20
66 16
29 23
82 8
76 10
61 75
52 91
76 29
59 61
29 98
53 85
82 71
92 34
85 45
77 25
19 42
76 14
42 31
44 20
9 44
57 54
67 37
94 9
12 27
24 93
43 23
21 38
45 29
0 97
67 7
14 26
75 68
40 4
48 16
43 35
17 30
55 88
68 2
21 80
98 86
38 53
13 82
25 32
85 51
59 79
29 32
51 87
55 4
57 89
73 4
79 8
12 93
13 87
7 92
49 62
22 6
63 87
78 21
21 41
49 55
26 91
81 50
33 66
0 41
12 28
55 57
45 75
8 13
13 89
55 16
4 8
84 43
94 63
18 59
21 83
21 42
47 56
39 91
94 74
92 89
79 36
93 90
58 42
7 84
86 77
27 25
44 29
48 51
34 90
87 39
22 30
20 73
66 15
33 93
89 98
23 29
37 4
81 95
59 83
55 19
93 83
27 7
42 11
44 73
81 4
15 54
60 31
69 6
48 97
78 51
51 35
29 47
1 44
42 24
17 52
31 21
1 5
90 26
47 15
34 88
7 27
50 87
33 49
66 19
70 0
9 51
73 67
54 16
27 91
98 58
21 57
47 2
72 85
60 91
56 25
90 78
57 69
98 17
44 40
69 34
87 75
37 58
74 89
27 74
23 62
67 62
16 61
23 66
27 88
19 50
83 95
82 11
76 61
40 93
89 17
71 14
1 90
22 26
34 11
43 39
60 6
46 21
94 70
17 34
73 53
32 88
73 79
52 21
68 94
58 97
50 88
11 87
28 48
55 95
19 54
41 6
39 84
36 66
71 22
20 52
11 54
60 54
31 5
40 45
85 61
45 53
25 81
74 5
21 10
35 87
24 76
69 0
39 95
8 11
42 29
90 69
90 57
72 36
36 61
7 14
70 20
19 35
39 30
26 31
44 94
13 22
61 79
25 9
11 96
59 13
67 10
72 11
55 67
81 67
59 73
51 57
89 72
62 89
40 83
85 6
86 11
96 17
82 27
19 55
65 90
7 17
72 21
77 37
91 8
53 89
87 37
2 23
65 95
33 57
41 67
50 36
1 54
85 81
59 64
65 95
7 50
95 24
75 23
31 48
33 56
61 83
94 43
30 3
83 27
63 91
71 18
55 5
53 86
51 62
83 27
24 42
29 56
14 79
32 71
18 33
24 45
82 39
7 50
68 39
44 39
89 77
55 67
61 53
21 46
49 4
6 52
95 42
6 52
72 64
11 96
7 58
94 6
30 22
22 11
50 8
63 35
59 53
85 58
21 54
85 58
55 67
35 87
17 10
80 28
42 28
92 16
32 10
50 51
72 50
29 61
37 38
25 81
96 15
91 28
72 20
64 33
17 77
95 73
53 88
26 83
34 57
23 76
28 53
72 64
87 5
66 33
87 56
69 65
70 47
52 52
13 77
7 14
58 44
85 81
7 7
50 51
92 74
52 52
42 6
64 27
49 87
84 79
50 0
83 69
51 90
26 58
19 14
51 5
10 15
71 4
61 5
1 43
83 69
86 60
61 13
28 18
69 11
25 63
62 20
48 82
80 28
28 76
67 50
35 87
79 13
91 15
35 78
55 5
58 38
80 53
21 46
1 54
69 0
87 33
46 94
69 22
69 56
40 8
83 94
53 74
30 8
92 37
69 4
77 15
84 24
46 75
91 77
17 90
31 56
44 22
78 26
8 74
63 54
16 73
78 93
90 44
22 92
16 91
49 87
60 27
48 82
64 15
59 97
18 86
98 27
68 10
38 33
62 65
14 79
68 0
45 67
64 1
75 41
87 13
50 98
79 55
55 20
65 34
17 33
86 13
91 75
37 94
61 11
53 76
73 36
85 48
21 21
71 31
26 33
63 90
44 39
66 37
78 42
7 63
90 54
92 31
38 41
43 45
19 55
5 55
82 78
58 54
80 87
14 79
5 42
51 98
59 11
19 14
36 61
85 55
22 69
7 71
52 85
15 79
27 1
42 29
88 36
35 85
68 69
90 6
18 46
78 27
39 30
47 23
35 23
20 85
3 32
57 97
21 6
46 94
71 98
97 5
58 20
68 29
85 55
37 30
8 65
77 37
49 2
49 8
4 91
56 60
62 20
84 17
42 86
37 94
65 53
45 39
94 83
51 85
39 30
53 88
4 51
28 26
48 44
75 24
14 78
54 44
50 98
30 75
72 28
97 29
77 94
83 66
59 43
49 35
80 19
71 98
80 85
17 21
35 78
71 76
95 73
62 43
82 45
76 4
32 71
85 58
38 54
90 39
59 47
71 31
88 55
15 78
48 65
14 78
34 15
75 41
73 19
64 27
25 62
59 73
17 21
52 56
26 24
41 32
57 58
79 13
98 6
24 77
21 58
58 27
28 21
89 72
92 37
74 82
64 74
21 58
59 94
17 17
56 11
79 84
1 12
29 56
49 35
50 8
78 28
47 8
94 24
10 41
38 63
48 44
41 8
62 43
75 79
20 17
50 29
79 55
2 88
45 36
12 26
68 98
83 66
77 95
11 33
7 50
20 5
70 71
28 43
51 51
52 85
80 53
71 19
29 60
60 44
2 31
59 2
84 10
49 28
16 13
84 17
96 17
21 27
38 41
42 68
34 27
33 5
44 94
4 91
73 52
42 22
90 23
1 43
29 21
78 95
51 4
98 30
73 26
37 38
32 70
86 31
95 24
50 98
60 52
85 87
10 35
17 65
53 60
9 40
49 4
15 30
51 90
57 49
37 86
59 64
21 52
80 68
88 14
79 84
44 39
30 36
90 23
41 20
29 56
53 24
10 5
14 20
18 53
51 39
31 78
53 76
27 15
69 56
82 78
53 24
75 24
50 29
27 3
90 65
45 80
30 30
31 56
62 89
10 42
93 8
86 13
91 11
67 9
45 36
90 57
85 61
37 94
57 8
35 73
56 52
49 96
3 4
51 77
21 6
57 41
69 22
32 96
93 76
60 9
94 4
70 92
57 19
36 42
88 36
36 61
37 29
75 24
4 29
93 62
65 95
32 55
60 40
98 91
94 31
0 38
25 12
1 38
58 38
2 31
72 72
45 77
45 77
87 5
96 15
93 80
1 80
18 52
54 58
73 36
85 55
86 36
72 1
16 91
59 64
51 57
37 29
26 67
32 31
10 79
46 55
48 1
18 14
6 12
49 36
43 45
26 96
16 73
52 36
65 80
25 85
49 65
97 1
16 13
9 62
26 61
73 82
68 98
33 57
10 79
44 91
21 74
86 54
40 13
50 28
97 5
40 59
51 75
7 14
92 91
8 11
72 23
76 4
26 90
94 21
31 98
43 30
92 37
72 1
7 42
41 67
4 58
34 71
37 23
43 97
7 23
25 51
2 7
88 62
57 28
37 10
6 47
72 69
51 52
31 70
0 2
17 33
66 66
48 81
41 27
4 7
52 87
33 13
47 61
27 20
75 18
87 76
30 80
11 39
89 61
33 5
14 20
48 41
55 69
86 13
40 13
39 27
66 59
1 80
10 41
74 82
70 90
9 56
31 82
64 95
57 31
66 33
78 27
66 76
97 39
50 28
78 26
88 14
59 2
74 5
86 30
58 20
81 16
56 48
43 30
59 2
60 27
35 63
2 32
71 59
47 77
90 57
59 18
72 64
31 38
98 0
25 82
65 18
97 1
63 35
2 31
97 1
15 0
41 86
61 83
34 66
21 77
76 26
67 41
76 63
62 50
7 7
63 42
96 44
28 53
96 64
85 48
23 13
71 18
21 77
55 5
96 44
52 87
76 90
48 50
69 14
59 73
5 88
63 67
16 85
94 83
0 2
30 8
3 32
54 11
9 40
75 63
45 39
36 96
19 14
90 44
7 47
34 66
5 18
20 91
68 0
53 69
87 56
50 8
28 26
51 85
58 28
41 67
44 87
46 12
41 34
84 17
74 27
21 75
89 61
86 31
70 94
80 70
21 39
61 11
95 70
28 88
55 20
24 42
83 54
12 8
52 36
25 63
88 34
78 95
28 53
39 31
6 12
0 90
17 90
9 56
53 60
23 76
91 77
34 71
72 75
1 12
61 13
20 91
69 22
39 35
90 5
64 46
53 61
78 76
68 39
1 38
84 6
44 70
54 17
66 76
53 61
7 87
51 57
94 56
9 56
2 7
59 43
21 27
10 7
95 83
53 69
84 6
7 87
22 74
34 51
62 65
86 11
24 42
51 98
92 35
92 97
79 50
57 96
10 35
53 74
84 25
69 93
86 51
8 74
52 71
70 67
49 87
82 27
11 39
43 87
69 65
32 31
91 93
49 2
56 60
48 65
39 67
38 63
70 95
44 22
22 74
3 87
64 74
22 80
92 16
54 44
60 44
30 22
21 74
74 53
31 98
53 61
53 39
26 33
83 94
91 17
65 61
95 34
14 49
13 22
51 62
92 41
12 3
67 83
34 57
81 29
70 71
45 48
44 87
93 80
46 87
42 29
42 20
19 35
7 63
12 8
58 44
38 54
42 68
25 40
77 94
43 30
78 84
12 40
82 27
75 24
84 25
22 11
42 20
44 70
67 41
87 79
22 80
40 6
80 7
59 24
14 17
17 17
72 75
77 67
24 68
14 13
20 17
75 79
75 29
19 14
31 32
91 75
65 84
66 81
23 57
45 96
42 6
32 96
87 76
70 20
96 81
85 60
22 67
85 48
71 31
95 22
90 27
55 94
77 61
45 36
18 86
26 83
52 71
59 47
83 86
53 74
77 94
36 24
30 25
28 47
52 85
30 75
94 31
68 1
72 11
60 9
44 94
82 55
65 34
8 70
70 47
47 80
28 88
47 61
18 14
87 74
7 12
5 79
65 65
46 87
57 49
60 40
57 31
25 51
77 13
72 28
46 55
17 53
89 77
69 93
8 65
42 56
79 50
95 83
92 80
20 82
15 78
22 74
37 45
47 77
47 23
77 67
31 32
52 85
91 27
15 0
46 12
2 88
79 78
33 11
28 21
54 86
90 54
58 44
73 20
33 46
6 24
45 67
91 93
70 90
38 87
57 67
60 48
66 59
56 77
96 8
89 96
72 28
25 31
32 70
4 29
55 69
56 60
71 76
3 87
37 44
46 90
89 13
41 26
90 54
50 48
23 40
19 18
12 26
92 16
83 28
42 56
82 45
95 0
65 61
80 85
37 45
20 70
69 11
78 76
98 91
37 43
67 77
62 18
52 85
68 38
7 47
52 36
96 59
17 77
83 28
21 75
86 2
40 45
87 76
33 5
58 38
88 34
33 75
25 31
2 88
7 71
43 73
57 28
67 77
73 52
5 88
86 73
7 23
65 61
37 10
49 64
26 6
73 20
45 53
20 70
30 80
83 86
32 3
74 27
26 96
12 49
38 33
50 44
79 84
86 81
76 90
59 24
24 45
2 32
92 92
91 93
31 38
37 86
21 21
36 24
3 4
58 27
52 56
35 87
92 91
14 95
64 95
28 18
87 74
23 13
37 66
60 47
23 57
53 25
92 59
28 76
95 22
77 61
64 95
54 80
3 32
77 48
6 17
66 37
39 27
64 15
16 17
84 79
25 9
22 74
90 69
93 10
62 50
2 23
71 60
26 30
21 58
91 8
62 20
93 62
53 89
92 97
41 88
40 83
2 21
71 60
17 39
52 47
45 67
24 76
96 64
62 43
47 95
34 15
40 17
62 36
42 56
72 21
3 87
93 76
87 37
84 10
40 66
74 5
8 70
25 82
33 38
16 17
67 10
14 27
41 20
17 33
48 50
17 39
41 32
77 40
9 62
70 95
32 3
38 59
30 22
27 94
50 4
14 13
30 8
47 8
26 6
83 86
5 79
54 17
96 44
83 88
38 87
91 52
88 36
24 68
2 21
1 84
90 23
78 98
97 39
44 87
48 82
50 8
6 24
89 77
26 24
18 52
26 96
91 15
42 68
20 85
93 31
74 67
26 31
53 15
94 43
28 18
5 17
86 60
11 33
54 80
57 41
86 36
67 83
98 68
67 97
71 15
42 20
86 30
85 6
3 86
58 28
69 77
54 58
27 1
3 87
34 91
27 93
72 72
86 81
57 39
96 8
33 75
19 1
86 83
4 91
42 86
80 28
62 35
41 26
47 72
73 57
34 57
53 43
72 72
26 24
69 65
74 28
84 10
74 53
82 55
86 54
28 26
54 11
86 36
93 8
25 40
92 94
38 83
60 44
21 10
27 18
15 79
37 66
91 52
7 12
23 40
91 27
80 58
33 46
36 37
46 70