81 61
84 91
95 58
52 20
86 15
78 37
62 85
73 61
22 26
42 58
14 58
47 46
94 7
44 30
33 22
93 24
15 26
47 98
62 93
58 43
98 86
26 98
54 68
80 88
71 29
94 33
49 79
36 23
78 46
62 90
14 89
71 22
9 10
10 73
40 61
96 68
86 87
39 97
13 75
38 70
38 46
28 49
31 8
64 22
58 19
22 19
49 89
72 34
91 10
79 30
25 88
71 44
98 7
54 22
38 32
1 6
5 94
75 65
63 43
81 41
68 24
82 18
89 71
70 38
64 19
95 51
20 83
85 12
89 70
31 63
13 93
26 5
24 41
12 64
38 62
59 66
95 13
76 25
42 18
24 54
59 48
38 13
78 48
78 23
48 51
8 17
9 94
79 12
67 53
92 90
46 88
13 79
68 42
63 86
34 29
61 80
78 9
1 4
79 59
77 7
46 59
40 85
69 3
63 60
66 90
79 86
81 68
30 20
6 89
63 74
98 85
71 13
17 82
52 70
90 41
5 65
2 15
58 79
81 70
69 43
40 90
91 63
46 36
21 94
15 27
19 84
41 5
86 77
6 31
54 81
67 85
96 2
25 53
37 95
63 98
43 54
19 45
46 33
91 84
57 93
91 2
94 9
54 70
8 89
71 32
2 67
64 43
79 58
22 85
56 87
63 77
95 38
6 70
64 47
65 91
53 6
89 33
34 34
4 78
90 53
37 74
29 24
67 8
0 54
45 66
57 70
1 87
68 4
91 19
76 93
57 29
29 67
53 92
82 57
86 82
92 46
87 95
85 85
25 58
91 50
71 14
21 82
19 76
51 35
27 24
54 6
49 11
57 2
16 63
26 41
54 65
87 42
66 85
95 90
13 90
50 69
19 97
81 94
81 82
49 48
19 87
59 50
28 69
5 90
10 47
32 68
18 31
0 15
98 95
37 92
87 43
27 88
86 5
9 6
81 52
16 76
36 45
66 25
43 11
30 27
57 47
4 66
11 5
67 88
96 46
50 74
34 19
83 29
41 35
82 60
23 79
62 70
8 50
52 72
60 36
24 15
8 38
40 34
60 19
39 92
56 74
91 13
74 38
81 65
91 42
46 22
67 47
45 13
92 48
94 82
11 45
11 43
82 14
74 94
85 34
34 3
81 69
46 62
44 65
50 55
12 2
75 31
64 18
5 82
27 96
63 92
18 72
34 45
26 38
20 69
44 36
61 63
47 68
6 50
78 34
98 84
0 44
2 5
69 54
39 7
73 27
15 12
73 16
26 39
9 58
74 7
15 90
93 67
83 65
42 33
61 43
49 5
70 32
75 61
44 95
41 30
56 64
11 35
45 95
23 50
32 58
61 39
2 73
66 64
4 74
89 2
62 49
59 26
63 8
96 83
48 53
52 25
70 21
16 36
34 10
56 14
53 77
58 80
88 72
87 41
60 30
66 98
57 20
50 38
92 81
96 22
39 45
66 39
70 74
41 15
0 32
33 59
91 64
22 54
48 47
42 38
69 78
82 75
52 78
39 43
34 55
16 82
5 57
52 82
2 83
33 73
81 35
46 98
89 47
6 42
81 36
53 56
93 70
68 9
91 53
50 75
80 84
23 11
82 93
72 97
84 28
18 43
61 49
24 49
22 84
30 28
42 98
56 43
40 53
67 36
69 30
19 41
56 68
58 36
24 25
68 90
82 71
61 14
6 59
95 87
96 9
72 53
7 57
33 25
11 54
41 76
92 43
18 64
6 41
18 35
78 15
40 24
86 45
10 45
41 61
26 25
28 92
20 51
61 69
48 32
16 23
11 3
25 55
94 81
82 0
94 15
8 6
50 77
88 8
18 22
24 94
45 23
36 81
80 3
70 81
83 57
71 36
69 57
74 86
76 20
77 63
55 87
67 59
53 0
76 61
7 81
8 80
29 10
68 34
43 56
68 59
43 94
48 66
25 71
12 77
2 17
25 18
77 12
94 1
13 8
6 82
7 19
60 75
34 33
38 84
17 85
31 31
84 58
26 34
98 5
29 2
17 46
87 38
17 43
11 15
46 67
73 49
76 60
14 84
85 96
16 8
37 59
56 36
87 2
81 56
85 9
35 8
68 15
3 97
43 74
71 66
29 62
48 71
64 76
25 5
0 60
47 6
91 88
79 18
25 17
32 75
9 80
60 60
95 44
83 39
27 51
17 79
89 66
96 0
87 11
18 90
36 75
44 78
9 22
23 32
21 9
35 38
75 51
41 54
36 40
61 78
41 28
6 57
8 27
13 40
37 13
57 90
65 11
16 47
77 71
59 76
79 20
89 69
39 15
34 85
46 52
26 60
92 42
35 59
12 80
26 57
67 78
36 35
53 11
38 26
36 6
11 59
93 65
76 76
43 86
28 94
87 40
98 45
19 29
54 13
81 73
96 65
74 70
88 65
15 11
69 17
32 72
45 58
55 93
84 27
63 39
54 61
74 19
21 13
3 8
21 66
37 84
29 50
93 25
62 47
70 63
64 49
5 7
61 65
21 70
8 52
76 0
94 47
57 88
32 98
0 76
21 79
90 96
55 34
28 54
41 92
12 83
63 38
76 9
21 32
94 13
91 62
8 30
98 67
84 56
11 10
50 25
83 45
83 14
45 20
40 69
80 49
59 72
80 14
85 35
32 90
43 67
28 79
42 65
37 67
0 45
92 69
57 76
67 31
46 40
48 25
95 9
32 26
34 37
26 26
89 5
5 74
87 39
64 72
25 20
14 2
16 12
56 10
80 69
66 87
7 8
3 18
44 75
10 81
35 10
41 57
60 39
72 79
24 14
23 68
3 10
98 29
55 10
12 28
9 77
12 72
93 16
77 46
65 14
4 73
10 58
94 44
43 85
29 63
78 18
92 79
19 4
23 69
91 51
78 4
6 6
37 85
76 66
62 67
88 1
7 46
38 36
8 48
38 94
67 57
94 55
57 51
60 42
29 37
2 27
36 39
18 18
32 4
59 15
91 25
69 33
89 16
36 95
77 51
46 56
74 14
35 7
26 14
47 31
68 88
69 83
73 23
56 30
48 45
21 31
44 80
65 71
13 49
64 77
2 66
9 27
65 10
40 68
42 92
60 35
91 5
71 49
74 72
34 8
37 62
10 27
17 15
64 61
54 74
33 3
25 91
74 18
23 22
70 88
73 54
88 35
32 85
80 24
39 60
98 74
64 94
31 46
40 7
18 85
19 83
7 84
85 91
97 48
94 87
92 52
41 58
45 2
89 26
45 6
70 27
32 28
20 0
0 55
17 66
61 10
24 82
1 97
45 90
2 11
96 98
11 86
59 84
23 74
57 18
59 49
51 50
69 55
12 68
65 39
9 16
15 58
26 32
95 8
90 60
34 72
78 81
63 44
51 91
70 78
5 44
61 60
38 23
35 4
22 32
14 57
18 5
42 35
97 83
56 42
8 71
46 81
27 21
11 87
40 35
88 45
5 93
98 20
58 88
86 9
42 90
89 24
36 12
28 81
60 14
76 7
12 19
94 3
63 66
78 73
75 82
35 16
6 60
4 97
38 56
7 72
15 96
75 7
67 39
29 5
49 74
14 42
39 10
85 51
90 70
54 94
93 48
20 84
9 18
34 23
84 9
51 1
79 36
73 21
94 78
57 37
34 2
93 36
95 47
21 73
60 80
87 26
19 42
86 42
59 67
89 4
43 76
60 18
5 15
42 53
60 23
44 69
58 21
5 43
8 75
36 88
28 16
89 84
69 91
5 95
29 8
55 73
55 60
18 2
80 66
5 51
54 15
84 36
82 7
2 93
30 95
27 45
94 54
45 11
69 31
38 5
38 82
3 31
27 73
74 21
19 65
14 44
54 95
49 39
52 18
80 96
73 62
20 25
27 21
21 19
60 4
28 45
64 17
45 57
77 84
23 86
41 38
15 22
4 30
55 7
20 8
49 33
95 54
35 2
83 58
5 69
94 90
6 15
58 71
97 25
43 77
91 21
19 96
76 19
90 1
46 82
22 59
79 29
24 33
0 31
68 84
94 64
40 12
58 45
20 42
88 41
92 15
55 26
51 73
78 80
81 27
30 70
49 50
14 37
57 60
10 97
85 33
24 1
89 6
49 88
81 96
58 14
80 86
15 20
82 20
62 15
55 48
31 33
83 67
9 41
14 96
81 34
36 48
9 24
44 79
84 37
96 51
28 66
91 96
65 20
47 65
81 93
45 26
69 6
44 90
21 7
67 89
57 66
28 2
32 7
42 88
39 36
98 8
30 67
92 77
81 30
38 67
78 36
64 38
41 17
25 45
86 88
80 6
34 80
14 34
6 19
83 12
81 44
83 70
79 9
69 58
44 77
94 94
60 70
87 78
86 78
56 61
28 7
69 62
95 78
8 73
75 46
94 69
10 57
22 93
32 38
32 33
61 17
63 69
60 91
35 92
9 47
83 60
24 84
90 66
39 94
60 3
77 64
6 63
95 43
55 1
88 12
1 20
55 79
43 46
47 22
37 61
25 4
31 21
75 81
65 44
94 5
1 41
70 37
26 17
70 49
81 24
12 89
93 79
82 84
51 16
61 70
71 11
42 49
5 22
79 22
40 29
92 39
18 3
36 90
28 38
63 22
21 51
11 11
19 11
15 52
35 3
91 55
28 10
93 64
85 27
17 48
80 73
59 12
70 25
5 53
69 60
28 68
85 92
79 85
3 77
41 12
93 1
48 27
38 64
64 97
78 7
98 47
67 1
97 58
63 58
73 86
33 35
15 41
93 72
29 47
77 45
72 56
6 37
25 33
52 51
25 26
28 78
14 86
89 41
41 60
34 56
67 56
20 55
78 87
47 83
1 79
98 17
16 55
50 87
90 56
28 61
47 38
17 19
45 75
25 44
25 64
74 90
56 76
91 46
38 47
79 48
60 90
92 75
20 37
33 58
19 74
20 28
45 9
91 71
18 29
30 66
68 56
30 46
26 59
83 68
47 57
16 81
58 25
86 4
22 57
77 54
11 17
53 1
31 45
0 81
11 41
63 49
66 1
79 75
83 13
19 20
33 96
44 9
41 87
1 18
9 69
56 85
74 58
53 28
57 79
77 17
20 87
79 63
13 24
46 19
90 12
60 16
58 7
50 91
60 46
55 88
90 50
55 21
3 57
71 46
1 5
95 97
43 64
76 67
14 47
82 83
63 64
75 32
78 21
40 67
74 65
52 49
12 71
9 15
76 68
96 49
84 98
50 34
85 1
41 49
33 51
74 4
66 50
18 30
29 45
68 91
94 92
90 89
29 4
22 41
10 44
28 25
84 83
64 90
24 57
16 14
71 39
7 75
61 46
76 13
40 58
64 88
3 49
66 8
85 50
86 27
57 83
75 30
44 23
56 90
68 17
45 91
21 0
2 61
71 67
8 63
69 15
78 19
48 4
83 6
95 52
29 48
46 6
2 42
91 87
37 54
27 91
73 40
35 74
40 51
40 57
19 51
29 86
64 63
86 48
47 10
36 54
50 16
68 55
88 32
76 15
49 55
25 14
83 25
96 12
13 1
93 69
89 11
2 40
18 26
20 92
55 90
11 50
77 8
4 68
19 48
78 6
33 23
77 23
61 61
41 96
25 29
57 54
64 10
49 76
56 24
2 12
52 73
16 5
75 68
11 95
32 48
9 73
93 57
39 73
29 36
2 30
28 75
46 32
74 6
84 8
38 15
55 50
48 35
13 57
91 48
80 61
86 39
87 0
53 27
72 74
80 67
87 73
43 25
68 5
74 50
66 43
16 98
59 14
78 62
42 87
82 4
40 50
20 46
32 20
93 58
87 1
84 63
75 62
83 59
30 62
36 77
51 71
93 7
64 20
53 52
1 37
73 58
58 2
6 93
34 78
4 86
53 75
69 84
92 57
12 23
45 56
30 39
28 4
64 79
6 84
16 22
74 74
75 74
4 93
43 34
24 12
79 79
78 94
36 94
14 87
68 30
37 78
51 84
22 29
78 30
11 21
76 22
77 80
65 27
17 88
95 46
51 37
29 27
29 74
31 27
58 48
89 30
86 12
1 60
11 13
9 67
6 29
10 72
78 14
7 80
41 19
45 79
69 80
79 15
54 98
62 83
85 52
53 13
0 87
82 48
24 67
78 55
30 29
54 73
69 34
47 47
34 31
54 46
89 60
61 27
95 71
55 70
15 5
40 44
73 71
93 55
70 82
57 72
51 47
15 10
35 44
89 93
81 32
86 66
88 25
93 90
38 69
42 95
38 61
14 80
68 28
69 2
24 55
33 93
8 13
65 49
75 71
37 75
39 42
46 95
49 13
42 70
28 65
85 37
33 34
46 30
23 83
53 22
33 60
92 98
42 50
42 67
25 56
89 75
24 51
10 55
26 7
42 89
34 48
66 31
24 23
65 58
59 93
89 80
38 78
86 7
59 51
88 95
68 95
43 90
24 81
36 85
93 61
54 67
41 60
6 30
45 41
54 4
92 71
79 71
46 28
71 68
94 42
2 56
81 9
17 37
31 88
45 37
68 36
13 16
42 54
91 47
34 87
59 21
58 9
2 9
7 74
50 37
15 49
45 24
85 15
35 25
57 16
77 74
96 42
87 75
70 19
41 6
80 20
38 85
78 53
60 59
47 52
60 92
91 24
70 41
58 73
13 42
80 2
79 35
98 83
14 88
67 58
38 71
73 94
88 42
30 78
50 81
27 2
52 77
57 56
38 4
48 62
63 4
47 53
60 41
56 23
75 58
73 60
12 98
85 3
74 36
48 70
37 73
27 59
94 71
53 78
68 57
0 82
83 63
44 92
24 30
1 23
13 55
26 45
2 57
76 73
82 86
66 65
21 80
75 89
38 75
22 81
31 67
56 50
8 23
32 23
39 62
89 98
70 97
97 82
19 32
8 51
15 3
11 79
35 46
62 86
45 47
74 42
63 79
26 71
61 59
82 1
80 33
48 26
32 6
65 89
89 92
16 42
84 81
7 35
57 1
51 74
98 89
52 26
47 78
89 45
53 18
90 26
43 37
82 66
53 55
79 46
35 39
94 22
44 26
56 62
17 31
84 87
6 95
65 56
92 84
20 24
0 36
19 10
9 2
56 23
27 70
60 7
32 79
44 72
12 27
97 91
55 12
75 43
49 41
65 66
18 50
25 25
25 38
97 0
42 71
31 87
78 25
8 35
36 36
82 36
18 28
11 23
82 96
18 34
58 4
60 81
56 9
1 95
14 11
84 54
79 21
68 19
23 21
72 15
11 1
45 4
56 31
90 17
87 44
29 94
46 1
72 65
72 67
76 53
44 45
73 28
11 8
4 53
78 24
53 91
21 53
27 10
22 17
98 87
72 0
47 39
78 71
81 85
20 14
8 56
10 77
61 47
9 57
69 79
72 35
77 0
16 88
0 71
74 66
31 57
59 86
34 92
43 39
50 53
78 52
56 69
60 57
38 51
69 5
54 66
20 30
80 50
65 15
74 13
89 78
51 0
18 42
20 19
25 34
95 92
11 19
43 53
28 70
82 9
60 10
88 44
20 96
35 84
57 9
44 19
8 87
82 34
51 46
41 18
35 89
1 11
66 4
73 48
69 26
68 93
77 96
16 58
79 16
70 44
30 86
10 4
42 30
52 29
32 35
94 91
91 59
80 59
39 72
81 66
57 53
83 55
59 34
69 21
4 70
59 9
60 17
61 58
20 38
11 94
39 4
51 55
54 9
63 73
47 63
57 25
63 12
53 2
33 26
43 33
76 11
81 51
31 44
39 22
20 53
17 9
95 40
73 84
54 2
91 57
15 76
89 38
44 73
11 22
20 41
38 25
94 11
79 34
28 29
53 21
27 7
9 66
21 20
74 12
12 92
79 40
43 66
39 96
79 7
40 87
72 7
56 83
39 56
21 29
48 36
41 95
41 63
52 61
81 76
79 26
75 67
34 77
19 52
37 77
34 94
24 35
14 32
21 4
30 76
42 51
23 12
60 58
9 20
72 54
72 62
77 87
46 72
37 40
14 48
54 48
60 43
24 56
48 6
31 71
7 49
27 25
76 43
15 9
25 74
17 35
30 48
30 96
89 95
89 36
17 36
16 21
34 40
46 39
75 96
10 64
37 34
54 39
38 3
30 81
22 16
88 50
88 59
24 10
77 85
90 43
38 20
71 88
31 43
34 17
90 68
95 95
60 45
13 13
65 17
71 51
10 40
19 81
33 87
89 68
15 63
80 15
83 74
3 26
63 7
68 27
31 65
30 91
51 6
78 39
44 38
7 45
68 8
55 95
18 8
89 59
1 75
70 51
98 12
96 71
53 49
40 26
89 40
11 62
46 86
34 76
24 53
11 18
42 63
44 97
2 49
60 20
72 10
3 59
22 20
73 0
46 96
27 33
56 38
93 38
29 11
49 70
21 49
62 48
75 64
5 50
44 85
29 87
90 3
19 53
25 80
43 93
58 64
56 95
94 8
81 84
88 82
9 61
87 59
96 7
52 15
60 66
24 61
16 48
58 22
32 86
7 79
23 8
62 38
3 81
29 71
3 51
46 25
5 29
45 42
18 89
75 17
13 17
67 26
86 63
66 11
34 90
56 96
5 40
25 67
35 13
31 86
67 49
36 93
50 5
24 40
90 49
38 98
12 42
43 88
46 54
34 12
58 15
94 96
35 45
52 48
3 20
0 73
2 6
98 10
79 68
35 47
25 95
52 30
93 92
96 18
39 52
31 72
67 34
78 38
52 75
32 66
4 14
23 56
23 93
71 97
16 93
45 29
73 91
95 57
19 3
20 7
25 59
36 13
70 66
58 11
57 42
54 59
52 45
90 59
14 90
3 14
74 60
13 10
84 64
72 52
36 14
55 2
44 68
91 18
90 52
20 31
36 60
46 2
33 40
19 25
77 43
35 69
0 74
89 43
44 78
67 60
65 75
44 57
66 89
60 55
10 51
81 88
25 90
87 14
55 59
94 63
86 95
80 23
95 21
90 32
59 46
41 55
65 64
26 2
98 37
30 52
81 59
82 64
52 68
86 37
85 43
55 65
8 62
23 87
46 0
84 60
5 73
85 45
7 37
86 8
33 16
19 64
82 21
87 34
67 63
48 61
12 76
91 54
70 6
11 61
91 7
97 53
53 65
59 5
84 97
13 28
6 56
2 14
60 61
27 11
49 73
74 51
64 32
18 58
77 57
35 5
55 85
47 62
23 24
24 34
21 28
93 54
36 87
84 55
76 51
16 52
7 33
15 8
25 69
51 33
12 9
95 14
63 1
85 80
64 8
77 62
32 9
45 59
2 77
10 13
49 61
57 30
22 13
33 20
64 28
12 70
97 44
60 11
44 37
6 55
86 80
16 46
71 48
52 17
6 53
54 50
9 5
22 78
86 63
92 32
39 89
3 70
95 3
78 43
84 30
54 93
67 30
53 57
92 1
91 82
54 26
38 50
43 91
72 18
31 28
39 13
23 73
39 54
83 7
30 45
62 45
5 85
80 65
78 40
21 43
22 96
85 30
43 28
82 44
4 88
44 55
94 57
40 65
29 84
30 85
10 59
84 43
39 85
1 91
58 75
2 18
64 54
50 30
29 93
44 89
66 29
70 50
12 12
83 91
58 82
92 96
8 69
66 48
40 97
17 76
72 29
40 28
9 72
34 81
61 55
68 41
66 60
52 16
85 5
23 7
97 9
4 57
75 78
38 12
77 47
65 59
11 34
8 14
82 59
52 40
79 28
59 61
14 45
81 8
41 69
85 74
58 70
78 33
63 70
39 74
35 86
5 8
2 95
73 13
88 92
59 78
68 7
96 72
81 77
73 35
27 37
67 5
34 52
67 2
81 18
66 2
53 97
4 22
84 89
41 36
78 74
66 32
47 71
88 60
84 85
36 34
2 20
4 27
5 66
33 65
46 73
72 8
24 80
75 42
82 3
59 59
16 6
89 39
83 19
43 92
83 43
57 91
14 9
18 54
19 49
75 66
42 16
85 26
22 21
41 13
46 35
21 42
76 28
78 63
49 42
98 21
42 66
83 97
9 0
43 26
61 84
16 49
57 55
82 90
96 53
95 6
4 83
80 55
48 13
77 90
13 97
15 95
41 93
10 9
59 90
86 58
33 79
56 19
57 15
76 6
26 68
13 33
77 34
54 21
5 64
93 17
70 39
55 58
4 20
23 54
85 10
96 29
74 29
55 39
43 58
29 98
72 25
40 96
79 45
85 90
95 91
37 14
56 4
22 94
85 53
71 72
24 79
84 16
4 25
52 67
96 54
8 88
93 68
47 30
94 75
70 59
47 21
39 39
43 42
92 21
50 2
76 91
17 98
66 93
64 4
73 67
78 8
84 39
35 91
6 9
8 45
50 26
97 73
50 50
70 96
94 66
56 37
93 12
29 12
78 12
2 39
63 56
42 25
67 40
26 23
22 90
47 45
91 26
55 37
35 30
96 73
78 57
69 1
80 83
49 63
16 19
12 7
23 78
10 2
62 27
15 43
24 29
23 52
77 9
42 19
84 67
61 23
88 10
87 10
82 82
7 54
20 33
16 39
45 49
33 17
24 6
51 66
29 70
37 49
12 56
28 64
63 83
59 32
27 39
80 29
74 35
67 37
66 36
86 76
86 84
73 74
36 29
96 74
83 83
81 38
20 78
41 40
28 84
32 8
14 98
51 34
95 80
37 91
40 75
18 84
73 1
45 54
23 89
82 2
44 27
41 97
33 77
28 63
97 81
6 74
56 71
63 53
3 14
6 85
97 21
53 85
61 68
84 29
64 16
76 74
42 77
92 2
76 52
45 73
17 42
90 61
68 96
41 46
78 82
79 73
88 93
81 33
93 95
17 11
92 34
25 54
21 91
29 69
44 76
55 38
63 0
57 89
60 83
55 3
71 17
89 74
90 94
65 29
91 67
53 46
91 34
20 32
48 2
56 56
62 54
55 15
72 85
60 84
63 45
3 82
32 69
34 25
22 4
13 70
95 39
12 15
35 33
35 88
73 83
54 97
66 5
89 82
34 22
5 54
47 16
50 80
78 88
51 3
47 7
21 90
94 48
25 6
77 27
91 98
91 65
66 47
43 19
7 97
86 97
18 81
25 23
45 22
96 23
62 59
10 68
1 31
15 47
82 56
64 26
24 2
90 58
5 80
49 80
85 64
54 47
55 66
52 5
37 46
14 7
1 73
68 25
21 56
61 74
8 22
68 37
93 89
49 17
15 92
61 72
27 38
55 75
1 46
19 54
53 59
21 22
22 52
47 35
56 15
90 40
49 51
43 57
11 0
71 79
46 9
76 54
89 94
27 47
46 66
43 96
70 31
74 91
57 95
39 90
50 42
70 72
18 82
22 42
1 39
86 49
7 65
82 35
36 91
69 41
48 97
37 65
25 52
23 48
45 78
70 17
84 78
68 11
10 78
36 25
68 2
79 67
64 57
80 62
92 61
29 51
64 50
85 57
11 65
49 40
70 54
69 81
55 13
22 51
61 66
83 40
44 10
23 2
12 94
52 53
62 98
61 76
29 43
86 43
46 41
30 79
41 44
37 33
30 5
23 31
40 74
96 52
79 38
73 72
27 62
57 57
83 38
66 83
6 88
37 35
87 6
31 55
56 93
34 50
7 51
62 76
20 12
74 26
25 7
14 81
54 23
79 57
37 7
33 84
32 43
2 78
19 28
78 64
83 23
76 50
26 97
20 20
21 34
48 48
64 21
1 82
53 19
14 16
96 1
97 95
15 42
21 98
14 41
41 41
33 55
22 3
71 70
28 85
58 50
49 72
11 37
82 94
34 16
12 0
41 65
10 98
3 69
85 86
59 23
74 73
52 28
88 61
3 93
77 75
56 21
18 20
24 96
56 0
66 28
86 72
45 1
93 75
55 91
79 82
75 14
64 64
31 80
2 96
69 50
38 79
22 76
53 94
80 36
94 74
63 13
8 43
55 46
56 84
39 49
97 26
76 46
70 14
92 10
56 81
60 31
15 13
43 12
66 92
87 49
64 84
39 46
60 94
14 70
17 44
86 75
24 98
52 6
37 5
24 91
8 41
76 39
83 26
21 3
82 91
23 75
76 84
75 10
54 72
91 14
58 76
50 13
37 8
55 43
10 82
46 38
17 38
40 76
48 77
47 43
46 80
25 66
40 41
73 81
29 23
28 46
56 73
59 39
93 19
79 93
88 3
96 45
16 31
12 6
82 98
88 68
21 72
26 55
79 56
51 97
77 32
81 37
63 15
30 44
11 80
35 98
73 14
33 49
51 72
23 35
46 79
91 66
40 86
67 79
38 77
36 89
49 12
55 47
17 12
73 22
52 55
10 3
77 36
60 85
91 78
85 89
56 5
73 92
45 92
48 14
44 46
77 10
7 3
52 86
50 49
16 74
30 6
82 19
55 40
85 72
72 4
80 8
88 79
30 50
60 22
54 92
10 52
72 17
48 5
2 29
87 98
59 37
80 18
60 68
62 26
93 77
76 34
81 46
44 66
67 82
35 50
87 50
49 15
45 21
39 79
40 93
11 55
7 53
89 19
24 11
23 42
17 61
63 78
40 98
19 91
29 83
95 68
1 22
26 3
80 25
59 22
4 95
5 6
97 18
9 19
30 69
76 23
46 8
87 54
84 35
68 51
32 74
25 13
54 52
50 7
81 25
56 57
59 69
81 89
74 49
91 16
69 24
44 24
8 66
49 56
1 81
8 47
12 97
60 73
81 7
63 31
85 76
77 89
40 15
58 36
96 95
68 77
46 58
64 36
10 10
36 26
56 1
76 29
96 89
26 91
9 87
95 72
21 16
58 3
43 27
20 43
38 68
2 81
31 89
94 79
9 17
97 71
82 37
94 37
78 85
7 41
66 70
72 70
55 63
59 77
35 6
93 41
90 15
91 33
69 35
74 20
53 40
9 79
2 10
25 61
71 62
93 98
96 37
87 72
72 59
60 38
44 81
9 8
8 86
2 51
57 0
13 71
33 98
89 64
37 42
59 33
77 42
78 54
14 39
80 89
27 34
92 68
80 55
6 16
18 74
16 3
43 9
39 24
12 45
72 29
92 55
59 42
19 17
61 75
40 19
67 42
69 97
69 19
74 52
7 34
2 92
14 8
37 69
42 12
30 11
96 19
96 79
41 62
20 22
75 26
70 23
61 57
34 6
10 80
40 4
50 6
97 16
61 44
49 62
64 0
92 44
47 66
68 92
70 8
40 92
98 31
15 18
17 69
88 46
17 60
23 38
23 34
25 76
85 77
72 43
80 78
33 72
13 27
41 70
65 77
81 26
25 57
17 49
1 44
78 41
71 20
26 69
13 5
44 25
81 97
92 88
6 66
73 2
34 43
66 62
90 14
90 24
11 64
13 54
85 56
64 60
67 90
90 79
86 85
60 50
87 48
35 24
66 12
40 55
93 20
82 42
96 88
60 33
30 74
85 54
43 35
62 61
7 16
15 39
24 70
2 80
43 1
1 47
79 32
90 95
10 94
12 47
93 30
62 52
7 25
22 98
91 91
94 97
62 32
15 4
90 78
12 90
4 12
78 35
38 42
57 75
44 41
77 68
67 19
81 60
67 76
86 26
97 20
12 88
42 93
40 95
22 45
93 6
27 41
46 34
36 74
33 24
12 18
65 8
66 78
4 4
49 14
17 73
49 52
77 30
71 3
59 38
71 56
56 80
52 57
47 79
64 23
93 18
71 21
72 93
34 32
46 26
94 62
41 51
52 23
41 37
72 77
51 17
82 30
15 35
44 86
67 62
90 81
52 46
23 43
61 22
80 27
51 18
92 11
5 49
5 87
41 47
20 52
57 50
82 49
63 72
69 59
48 31
22 34
29 85
77 22
24 26
0 4
8 31
96 40
75 11
28 14
63 76
77 1
22 56
33 97
69 10
8 7
2 58
80 46
12 86
53 8
47 56
15 19
56 13
44 12
37 48
1 30
76 2
41 9
47 69
92 95
91 90
58 5
53 50
66 84
64 37
85 24
71 91
12 16
56 34
32 54
44 47
54 16
23 80
93 78
36 33
36 84
11 36
74 33
91 49
87 24
57 17
25 30
17 7
3 50
55 57
62 42
55 29
9 21
74 43
10 0
40 47
37 11
94 89
39 21
55 45
46 63
83 78
42 8
10 86
75 57
45 40
74 93
51 68
36 92
34 5
31 94
72 51
18 44
76 38
91 83
23 17
86 89
12 1
15 61
13 85
32 46
45 46
89 10
63 57
53 71
89 62
67 92
44 96
6 54
84 90
31 92
86 35
7 88
93 97
24 63
39 47
87 86
43 6
3 21
49 69
23 70
44 48
91 56
22 49
68 18
97 32
55 17
29 31
15 56
52 84
71 57
55 76
83 36
86 28
55 97
64 48
21 69
98 77
52 65
9 71
25 96
29 46
62 74
65 41
62 51
41 11
86 32
81 3
47 11
60 49
61 25
70 70
69 12
97 13
83 8
66 91
70 77
98 2
18 9
15 62
77 24
39 51
74 62
70 3
67 84
49 81
67 22
19 22
52 1
30 71
2 60
32 78
70 12
75 35
42 85
9 42
78 5
92 3
63 2
48 8
73 75
22 43
19 94
87 83
81 14
73 17
39 68
75 15
71 69
64 5
85 40
72 96
85 66
10 63
2 50
27 61
94 93
7 82
9 44
41 50
89 54
14 21
3 56
40 54
6 7
0 29
22 15
12 87
21 11
5 46
13 53
36 62
85 28
54 24
5 39
68 82
49 37
50 46
83 4
45 38
22 87
30 37
54 69
89 76
7 28
64 83
69 49
20 39
29 54
88 5
77 44
7 38
14 26
49 32
81 50
95 18
46 47
36 53
21 83
64 69
33 28
65 83
70 60
25 39
19 6
43 22
63 50
82 50
66 3
4 21
1 77
10 46
56 41
42 42
96 80
45 52
54 12
81 62
88 98
59 65
34 14
89 25
16 75
64 80
91 45
85 14
22 91
2 55
38 93
3 83
11 46
97 89
42 46
94 61
58 17
22 75
62 10
16 90
56 86
97 3
68 97
14 19
58 39
56 59
4 77
75 8
79 62
96 50
93 3
65 2
74 95
19 73
56 54
71 73
22 30
55 32
21 81
24 36
34 58
74 31
48 9
65 6
73 55
47 54
50 45
18 19
46 24
32 22
78 56
96 57
85 98
80 63
14 33
72 33
66 22
56 82
67 6
46 64
26 64
42 48
98 80
84 40
81 98
93 39
73 65
65 50
83 11
17 97
49 26
81 71
60 37
43 95
1 71
3 17
4 17
55 36
25 97
48 38
44 98
78 77
29 18
95 88
64 96
64 75
23 62
93 71
39 57
5 25
20 47
40 10
74 84
4 26
94 46
91 30
41 29
13 2
49 34
65 79
83 44
71 95
54 51
69 44
73 77
95 4
86 0
19 46
29 96
29 59
89 50
66 82
46 78
73 29
28 32
46 74
32 80
86 38
79 94
21 45
17 8
94 77
31 73
21 14
80 38
30 2
20 35
40 40
25 36
54 77
43 35
73 4
83 95
75 44
79 97
49 45
82 11
81 58
68 43
73 47
7 18
1 29
41 48
19 82
72 55
68 53
88 74
89 81
68 3
16 92
10 22
37 53
67 44
51 32
87 27
6 3
23 67
46 10
6 75
76 40
61 67
10 95
57 94
63 20
27 50
85 97
89 79
79 77
44 5
75 80
30 24
67 43
93 88
98 11
70 22
77 25
23 95
43 50
28 28
72 61
7 43
46 45
62 96
79 74
8 64
64 3
29 28
49 25
49 75
12 37
21 8
22 27
24 17
31 81
20 9
6 23
48 72
13 96
28 5
82 40
72 19
71 34
22 33
56 22
24 73
23 61
98 9
91 1
84 23
8 5
9 64
67 3
80 35
6 26
84 68
49 16
13 35
55 92
53 16
6 25
3 25
1 63
71 50
32 87
42 82
87 95
17 58
58 46
64 35
75 25
5 89
41 4
57 87
35 11
49 98
19 38
10 75
82 52
16 40
41 7
63 14
55 8
92 25
54 45
95 65
89 29
32 73
56 2
36 41
16 53
56 65
3 27
40 20
91 32
80 93
61 7
81 49
2 72
6 38
85 73
42 31
11 12
90 55
80 64
68 60
68 31
57 22
84 59
22 40
7 48
23 30
68 6
13 83
26 8
15 6
50 79
65 4
90 42
84 74
42 23
13 47
38 44
63 61
29 14
87 66
17 13
97 4
39 12
57 21
30 38
56 53
27 44
20 48
58 53
15 23
27 36
29 57
38 8
70 87
33 91
1 15
31 22
42 27
17 78
56 49
22 47
48 96
26 13
48 30
60 21
3 24
8 78
32 56
45 64
14 43
79 19
79 8
36 71
13 12
77 2
61 85
42 97
79 76
19 72
64 89
53 58
34 93
23 97
80 75
13 81
24 48
56 20
13 7
70 24
54 43
3 15
57 98
14 15
57 3
2 53
95 12
51 87
57 36
36 73
77 81
28 20
35 82
90 87
46 29
49 29
0 18
67 91
53 93
29 52
23 37
34 98
9 29
6 4
25 37
58 41
52 34
91 61
3 48
95 45
45 25
9 85
54 90
50 96
9 65
69 72
33 52
43 29
64 6
19 66
52 89
60 12
96 47
56 63
27 60
59 0
48 56
3 60
2 54
43 98
68 79
5 52
47 33
70 84
58 34
93 42
63 84
93 73
9 97
40 84
83 76
72 47
34 44
61 98
57 48
88 11
12 55
70 76
48 60
92 89
33 50
90 45
18 13
63 87
44 21
24 60
30 7
68 45
52 63
96 16
35 77
43 8
3 16
5 30
3 96
86 25
41 85
96 58
32 67
29 7
39 91
84 15
28 60
64 12
35 29
58 1
44 13
36 38
1 98
6 92
12 78
59 57
86 55
76 16
91 74
26 63
95 19
13 11
95 68
12 79
32 36
30 63
10 28
59 28
1 83
94 30
17 28
71 45
93 32
96 70
31 30
30 1
30 51
19 33
40 5
82 53
19 43
83 61
29 72
65 5
42 11
15 21
77 50
64 78
38 24
31 90
92 67
18 7
85 13
55 31
93 43
95 48
70 10
74 48
22 31
87 67
98 13
88 81
82 65
48 10
25 21
19 85
47 5
22 60
17 40
38 14
22 5
11 9
43 4
77 49
33 93
61 71
15 98
92 12
58 23
37 60
96 96
98 32
83 3
0 91
82 95
53 81
50 89
46 83
18 45
30 87
46 11
80 76
21 35
56 47
92 56
30 47
0 34
22 24
17 59
34 74
29 64
55 14
54 7
11 93
3 28
93 74
7 59
91 22
80 52
92 70
29 6
15 24
80 95
17 30
54 18
22 25
53 95
46 49
42 5
19 37
13 19
72 3
96 4
9 78
37 25
10 39
22 55
63 41
36 70
32 27
45 0
3 40
22 36
62 64
30 43
20 4
5 86
12 10
93 22
37 79
49 10
56 46
61 90
1 78
70 1
98 25
81 78
47 9
92 51
66 49
98 82
74 17
12 11
47 28
41 31
11 53
79 83
54 79
28 62
70 9
55 41
13 34
17 62
31 69
88 47
17 50
56 35
59 19
28 12
58 16
30 65
23 65
58 66
46 27
12 4
72 24
66 0
22 58
45 19
7 73
61 51
92 60
11 38
68 21
88 77
23 25
67 35
25 68
82 87
27 66
95 35
72 73
49 95
86 6
59 35
64 9
51 54
77 21
82 69
18 25
24 58
62 41
41 98
61 36
30 12
21 78
76 14
87 65
18 65
70 68
60 26
26 80
97 31
51 29
42 10
75 83
64 39
65 47
27 71
39 5
21 86
33 82
56 55
18 78
11 48
67 21
64 34
12 95
80 77
94 59
66 80
26 73
10 21
15 40
12 48
67 4
88 86
73 66
32 94
66 61
11 24
38 9
78 47
51 19
44 88
71 77
15 53
98 73
33 81
2 64
82 12
91 95
23 20
31 25
10 29
5 14
95 79
96 67
2 16
9 9
32 32
54 81
52 8
15 82
34 20
31 34
79 41
27 64
72 63
61 52
0 16
24 44
57 80
89 17
93 0
13 44
96 3
21 37
56 97
51 93
68 35
66 45
17 25
60 51
64 92
39 59
78 44
79 49
8 18
66 21
83 35
48 55
53 3
17 47
35 49
31 47
48 83
68 33
17 16
35 61
34 97
22 70
8 98
50 97
70 83
22 6
89 12
67 45
11 7
79 87
43 71
36 31
94 49
33 31
87 45
20 89
6 62
12 91
0 72
27 12
30 23
75 27
65 42
50 71
21 36
74 83
51 20
16 87
53 14
3 68
47 58
77 26
43 75
74 34
49 49
14 53
90 29
20 93
54 32
5 70
93 53
9 26
53 7
62 84
47 14
74 23
37 9
50 14
52 91
18 59
60 32
62 13
97 23
59 10
8 83
16 20
78 16
66 42
2 79
47 34
34 75
97 54
81 64
84 14
82 41
20 36
50 82
65 0
33 32
64 62
87 30
84 76
88 2
33 19
9 3
68 58
18 60
91 35
88 54
47 32
88 19
10 8
9 52
47 70
23 58
84 77
54 19
59 27
37 90
35 48
94 65
93 7
20 90
10 74
44 54
57 74
39 23
77 58
67 87
85 7
58 49
47 64
63 80
92 8
88 17
61 50
66 30
25 42
97 80
21 12
49 82
91 37
32 88
18 1
89 49
20 4
56 12
61 21
15 44
56 3
24 62
66 44
74 59
12 41
33 4
57 73
11 27
11 44
74 85
91 70
55 89
16 68
7 36
70 73
5 83
77 73
84 65
31 75
77 53
77 41
37 68
16 84
75 91
66 79
83 77
33 6
72 71
78 45
27 57
82 54
6 64
15 14
37 50
45 86
63 10
2 63
39 66
28 77
79 53
73 85
95 7
32 82
40 89
69 92
16 61
16 11
79 98
90 31
21 5
20 72
33 12
96 92
27 95
15 77
76 8
24 52
6 91
46 69
76 45
5 91
18 32
50 84
85 63
0 53
64 14
80 17
49 54
15 46
80 9
33 66
79 81
70 16
58 89
56 66
85 38
56 75
21 50
31 29
53 26
91 44
33 30
45 74
82 5
37 58
23 6
29 22
33 33
3 94
50 41
47 27
13 92
88 80
15 36
11 2
41 10
67 48
82 43
75 54
32 40
0 37
43 38
66 20
59 70
9 13
16 9
69 89
81 57
14 71
21 68
83 56
31 74
44 28
0 89
60 54
50 72
45 45
61 95
23 92
8 82
59 71
36 80
71 93
34 38
59 58
2 71
28 35
32 39
28 27
10 17
61 37
84 3
43 41
48 46
31 68
76 87
56 17
46 65
14 30
44 40
79 95
60 1
94 86
0 5
28 87
80 42
28 6
51 82
83 89
84 44
83 93
48 54
4 52
56 29
80 51
51 56
36 79
7 56
76 24
2 82
84 5
34 13
17 54
51 2
98 16
3 95
95 84
5 45
18 47
52 54
82 10
20 94
80 16
1 56
35 71
30 21
97 2
85 25
54 60
54 53
11 6
62 95
95 37
35 17
54 96
11 57
60 78
80 71
77 35
65 96
26 10
74 69
58 51
23 4
84 7
42 9
67 72
26 16
63 46
6 69
38 21
82 8
71 55
9 95
4 8
20 50
82 38
55 49
55 82
42 64
50 32
29 95
47 2
32 97
85 78
72 39
40 32
18 37
13 98
61 15
7 44
65 62
19 44
11 4
95 96
26 15
71 33
80 44
72 81
19 21
58 67
57 61
42 24
63 51
19 9
8 79
89 83
83 85
20 34
73 3
32 45
52 21
23 29
55 72
50 68
19 2
9 63
39 48
76 77
62 22
14 73
6 94
57 82
59 83
70 48
84 4
46 31
98 57
49 97
61 4
98 81
70 79
3 67
72 60
54 75
28 95
59 52
75 52
85 82
50 24
92 63
67 11
98 65
70 80
10 96
82 32
96 41
11 16
94 95
17 5
5 27
45 12
4 80
69 82
83 5
10 83
89 27
72 84
97 10
90 7
13 6
30 68
19 78
22 73
45 27
63 96
45 55
29 25
29 44
81 23
92 7
83 10
14 54
33 44
52 58
9 12
96 66
50 66
70 62
71 7
94 20
58 65
93 56
35 62
57 11
86 3
83 87
27 26
76 58
49 24
11 85
20 49
80 22
18 16
86 92
79 43
60 13
77 93
14 77
80 82
0 80
7 83
76 21
56 40
1 61
27 28
39 32
23 36
13 41
89 3
18 88
47 15
84 96
63 11
52 33
56 51
94 76
57 35
62 62
19 15
13 18
95 74
69 28
2 86
59 45
35 26
70 0
62 94
91 23
27 27
38 7
90 8
20 15
61 16
54 20
86 24
26 18
6 86
94 35
39 50
98 26
71 43
23 49
58 47
23 90
69 51
29 78
0 41
26 53
17 74
3 5
87 88
51 48
37 41
54 88
58 81
41 64
84 41
30 4
37 70
8 85
69 25
89 53
58 94
88 16
42 15
3 42
55 77
28 89
60 86
32 24
27 56
25 84
76 65
33 48
11 26
3 72
28 59
48 69
25 16
96 21
24 13
77 60
70 43
6 51
67 93
23 51
43 20
59 75
8 8
96 69
58 37
89 88
26 54
75 26
27 8
6 81
38 52
85 95
98 3
13 48
74 75
65 12
29 75
58 52
61 86
95 1
41 66
10 66
62 34
35 93
9 74
29 81
7 21
44 8
88 83
75 76
83 52
23 59
26 35
23 60
3 46
4 92
0 96
9 70
95 16
47 84
81 28
43 18
88 67
78 68
24 69
79 23
58 63
86 1
39 83
71 64
87 35
72 9
95 81
86 34
34 79
81 87
63 36
26 56
39 9
72 6
33 39
18 17
5 3
47 81
38 22
17 64
80 81
90 83
66 77
8 97
55 18
56 25
53 82
47 51
14 93
60 15
57 34
51 30
20 13
63 71
34 39
23 52
20 23
42 37
26 88
36 55
83 90
21 55
74 40
97 15
45 33
0 95
29 26
19 40
55 6
10 19
78 51
59 92
89 18
63 0
76 12
87 47
7 93
15 86
11 40
32 89
35 21
2 76
32 2
19 79
87 55
67 0
77 6
87 81
19 12
64 58
56 18
95 67
75 60
79 80
70 86
89 34
97 37
90 71
62 56
56 16
70 93
89 32
52 90
18 11
53 54
17 63
76 86
76 41
35 52
20 40
80 30
41 59
91 39
92 87
82 26
6 83
34 83
31 54
64 66
25 73
21 15
53 37
23 26
7 66
26 29
0 12
26 72
33 45
29 39
14 10
34 86
52 0
51 69
41 89
58 6
50 65
3 79
23 9
28 11
47 25
70 5
6 32
40 36
92 33
68 89
7 26
49 71
72 90
15 33
77 86
10 20
70 85
17 23
42 36
54 56
27 16
83 84
93 5
44 67
22 12
40 64
39 44
47 55
4 46
1 32
33 80
12 22
40 3
66 16
29 17
32 77
84 38
0 30
61 2
55 78
33 2
88 33
23 81
45 35
17 51
79 17
65 35
92 78
69 48
92 58
81 75
40 72
25 94
70 61
11 47
7 69
85 75
46 77
19 34
69 94
9 86
92 14
9 7
76 36
13 88
94 45
91 12
79 14
19 50
44 52
7 86
7 92
55 16
76 49
9 75
76 37
45 5
95 41
1 40
36 10
63 34
54 71
86 90
5 28
50 47
86 79
81 48
88 15
58 74
88 4
92 19
54 14
64 2
78 96
86 10
47 13
93 83
61 26
87 7
16 32
83 53
24 47
13 20
34 84
54 25
27 49
16 10
28 31
52 27
78 58
94 67
22 0
53 38
62 37
16 7
38 40
5 16
63 47
48 74
25 19
16 37
52 7
81 63
35 60
84 11
87 84
39 26
65 33
0 88
56 89
40 46
32 29
78 78
25 89
16 60
53 45
60 74
59 55
96 78
92 38
24 32
5 23
71 87
37 15
4 55
62 39
94 70
1 72
68 23
63 33
28 48
89 8
20 74
28 44
70 34
60 25
25 24
33 65
35 31
17 32
63 93
30 49
10 18
41 77
8 26
11 27
31 39
53 96
22 88
13 21
22 28
59 91
81 13
53 48
93 44
50 62
43 72
96 97
60 67
45 34
37 72
65 70
77 91
60 34
16 62
69 47
87 25
29 16
38 34
23 41
69 96
2 41
62 66
13 82
22 83
46 89
75 77
63 32
68 72
31 91
92 23
13 78
38 48
18 63
57 64
6 58
12 63
28 55
17 75
65 85
59 62
46 57
63 48
4 28
48 67
71 78
23 33
47 1
89 35
71 24
9 96
65 43
93 59
30 90
61 56
48 12
66 46
4 72
4 15
60 24
77 29
84 26
29 35
15 88
93 11
67 25
27 35
60 77
31 36
31 79
55 9
36 66
19 86
1 69
4 65
30 98
13 86
18 23
36 78
92 76
87 8
17 52
59 40
13 37
97 17
17 68
40 27
70 11
84 42
90 9
9 11
14 91
26 66
7 6
8 61
7 13
43 65
82 63
19 8
87 3
65 82
51 7
78 32
36 56
67 32
66 9
72 94
61 94
65 36
97 90
65 1
3 78
15 91
33 71
53 53
56 7
51 36
35 32
97 14
46 7
62 75
36 97
55 86
8 67
57 65
55 4
75 73
55 74
14 94
7 27
63 3
39 98
95 5
65 78
28 66
27 4
47 42
63 97
17 18
98 90
39 61
19 31
46 35
13 32
72 2
94 58
46 50
54 63
22 82
59 79
93 15
86 86
89 46
92 47
89 73
62 21
54 85
25 15
60 69
28 93
21 30
42 4
89 31
45 88
14 46
39 64
59 1
71 9
14 12
11 78
73 43
23 19
33 83
33 47
62 79
65 69
62 33
35 94
80 47
47 4
3 80
3 52
33 88
56 39
74 71
25 10
73 10
37 31
47 67
20 77
20 45
83 15
70 55
12 38
39 58
12 84
94 88
2 94
81 74
81 19
63 65
39 93
51 28
70 28
14 1
57 40
15 45
50 78
56 72
93 4
15 55
26 95
92 9
20 10
58 42
62 44
72 57
3 7
31 24
76 75
2 8
57 14
38 49
37 4
96 6
67 98
68 94
88 18
93 93
31 66
82 15
16 43
77 83
36 46
29 33
8 19
40 31
46 37
59 96
20 86
47 59
83 42
7 52
25 75
4 76
45 3
57 24
67 80
65 97
31 35
50 3
78 20
85 49
58 56
87 22
48 39
7 20
66 17
12 82
49 47
71 6
19 5
1 76
58 90
90 80
1 42
24 43
40 23
93 46
9 51
10 43
22 44
49 3
82 25
32 93
62 14
51 53
31 3
38 95
29 1
80 32
29 49
75 45
62 92
90 82
54 87
12 5
98 1
91 60
48 98
98 23
24 3
91 29
67 24
52 38
32 25
92 83
82 74
82 23
56 45
64 11
37 64
91 58
3 53
82 33
46 97
87 32
73 39
0 75
81 92
71 90
85 84
70 69
60 64
50 17
91 81
75 50
97 47
73 24
24 20
46 48
27 55
82 70
94 38
90 16
82 89
96 5
93 82
87 82
35 83
29 73
21 47
57 44
47 97
25 11
45 63
12 53
23 55
22 79
29 38
16 59
89 15
10 54
11 49
40 52
72 68
18 15
8 16
17 83
84 82
1 64
93 96
88 24
77 14
73 79
68 14
81 2
72 49
24 95
32 95
40 48
61 24
26 9
54 41
17 22
5 5
61 62
16 38
71 54
36 11
76 42
80 60
56 91
29 30
52 59
80 54
28 33
24 97
12 25
35 34
84 13
83 30
57 84
20 27
24 16
53 4
43 36
85 79
96 20
90 19
76 27
70 15
64 51
94 23
98 70
2 28
20 76
44 1
23 53
43 89
62 58
27 6
66 9
34 49
7 98
96 39
11 98
0 39
75 38
59 60
20 6
48 95
21 18
38 91
10 84
66 26
0 98
35 12
17 45
62 28
20 57
78 13
58 55
53 90
46 20
98 15
16 54
61 6
56 92
23 85
32 34
53 5
26 36
24 86
58 26
89 37
21 96
20 11
31 77
57 10
33 15
70 42
85 8
7 94
37 63
17 14
63 18
73 50
98 66
14 6
66 63
79 6
9 39
66 10
36 72
54 55
65 48
78 89
25 60
75 72
71 47
78 86
84 88
28 36
98 22
5 56
91 71
61 1
52 2
43 68
34 11
58 0
15 37
27 92
97 22
18 98
75 19
25 28
40 25
37 96
33 78
5 84
97 74
57 52
54 54
87 15
20 80
98 55
24 87
65 22
20 79
55 33
18 12
4 23
60 6
71 38
98 56
34 47
63 75
9 82
11 58
76 71
50 70
40 9
42 91
74 54
58 18
10 1
21 97
57 38
44 29
83 79
95 59
82 88
51 45
54 49
38 73
91 9
45 94
22 23
7 22
73 93
47 49
65 16
28 37
38 72
8 49
96 82
18 48
78 79
20 97
21 57
9 84
62 60
94 14
18 24
39 34
14 92
93 91
47 24
45 65
26 4
53 63
8 72
24 4
68 81
45 81
59 20
55 62
97 8
2 98
69 98
79 54
70 65
3 63
16 4
86 94
62 28
65 21
38 90
23 3
50 33
52 37
33 10
33 89
74 92
55 24
58 69
15 32
0 35
24 19
67 55
18 38
72 12
48 29
45 32
38 76
66 27
3 6
12 81
25 2
54 91
48 0
38 57
36 32
41 74
96 38
34 24
16 67
72 48
11 25
86 40
45 50
3 66
14 35
50 85
9 30
29 32
2 48
48 28
83 62
39 55
71 8
16 30
10 56
41 68
62 73
69 95
41 79
90 64
22 89
67 12
51 96
19 13
22 35
60 62
19 39
21 23
48 16
22 86
59 16
95 82
34 88
87 87
17 87
74 87
36 59
45 8
90 76
55 19
68 48
36 43
6 39
87 97
10 14
33 29
4 56
53 20
92 17
0 94
86 74
13 15
22 10
56 10
48 15
61 12
32 5
92 66
92 53
23 1
19 36
31 37
7 5
94 73
59 6
28 83
74 22
42 32
77 3
16 83
6 87
34 4
79 44
85 47
25 83
50 39
81 31
41 22
74 3
48 34
33 7
1 53
62 55
58 12
92 65
28 96
5 4
44 42
76 59
28 34
21 33
1 2
38 58
13 72
59 59
44 56
38 6
47 37
76 10
4 69
22 9
81 0
68 50
85 42
57 62
64 53
35 90
78 29
14 0
74 10
1 27
77 19
57 71
8 84
80 34
10 12
45 31
30 26
13 23
65 19
89 56
47 26
15 7
49 46
77 52
94 98
21 24
90 97
1 7
74 30
12 93
62 25
24 71
48 59
69 16
73 76
13 26
15 15
39 53
94 32
47 44
11 56
67 28
43 10
44 49
76 48
85 83
39 6
33 90
30 73
49 7
55 68
48 75
64 93
81 17
59 41
66 53
68 83
76 62
22 50
53 30
53 12
1 10
53 66
20 81
28 39
35 18
67 61
35 43
45 30
55 81
21 84
29 80
82 31
6 8
29 13
93 94
24 72
17 41
80 57
59 7
21 38
88 66
68 80
49 38
28 71
22 77
39 20
76 95
65 9
95 69
56 8
3 64
57 59
22 22
42 76
91 38
57 69
32 65
26 28
87 46
5 41
66 69
12 24
86 47
23 23
83 24
78 69
92 22
15 80
58 91
68 16
22 39
1 16
76 1
39 84
0 83
82 47
91 68
56 88
62 46
69 42
89 48
62 97
90 30
18 87
87 36
92 13
16 18
51 67
18 40
65 7
30 92
14 5
97 69
48 17
50 43
0 92
98 76
31 62
10 61
74 89
27 63
74 11
58 95
63 94
64 85
63 6
66 35
45 28
88 73
86 59
48 80
86 56
73 53
86 91
94 2
6 27
22 18
49 27
66 19
19 92
45 18
49 6
95 15
55 96
55 51
81 83
4 16
67 27
34 18
98 88
62 53
80 52
1 17
94 72
26 82
43 24
83 37
92 50
91 94
73 73
72 91
82 79
27 4
18 10
2 69
87 68
87 77
90 11
79 27
48 24
92 82
59 4
68 85
32 30
84 84
73 69
76 89
68 70
74 24
49 83
33 92
48 42
86 50
76 94
54 30
92 20
33 95
38 31
92 45
87 53
35 20
91 85
39 3
28 72
66 58
24 66
54 10
37 36
0 1
53 73
85 36
13 94
68 44
78 49
73 51
73 70
31 58
32 37
78 60
42 72
3 43
58 72
7 40
80 48
96 87
93 66
58 24
94 68
91 36
14 83
49 44
96 91
41 53
55 44
93 33
14 55
19 16
26 70
40 49
36 49
16 94
39 25
32 83
90 93
51 65
57 23
23 66
41 45
73 37
55 23
94 80
26 11
80 26
0 79
55 56
60 76
65 72
55 22
24 21
28 24
55 11
16 28
29 55
5 67
10 85
63 52
78 61
80 94
29 76
6 40
36 30
60 28
23 82
7 64
5 26
65 23
72 76
42 41
36 63
4 6
59 3
53 72
14 36
81 42
70 89
93 87
52 39
8 28
41 91
32 47
47 41
21 41
21 67
12 13
22 97
7 62
18 51
13 43
16 15
65 46
11 14
76 55
65 88
37 87
25 32
9 1
12 54
89 55
19 7
9 35
13 4
51 15
60 0
63 37
8 21
33 14
24 50
37 37
68 49
70 7
76 35
6 5
20 26
72 92
33 86
23 96
76 72
1 28
98 63
4 87
35 51
60 53
74 39
50 88
4 84
71 5
98 52
97 11
64 70
70 98
82 13
48 43
21 76
82 29
35 14
61 42
29 66
13 50
78 83
88 56
53 47
64 7
9 83
88 40
34 82
59 25
75 49
18 49
61 38
81 20
77 76
80 45
3 74
48 63
27 13
42 57
75 59
17 89
91 3
50 76
31 26
65 76
46 44
44 6
60 93
19 30
42 73
29 68
9 14
77 39
86 16
47 40
45 97
75 28
76 80
48 22
70 33
73 56
51 40
64 71
85 32
49 68
4 50
85 4
83 81
90 37
3 84
27 5
88 43
60 2
20 56
30 94
18 66
64 98
8 10
3 23
83 73
87 80
65 37
64 65
90 2
9 28
53 87
74 15
61 45
31 95
15 93
41 25
88 75
47 96
72 78
37 24
86 33
77 77
97 7
85 39
75 13
33 74
68 22
75 90
54 82
86 75
88 7
67 29
71 96
88 6
8 46
10 11
66 7
98 75
93 35
70 26
15 17
29 20
24 90
28 17
82 67
95 17
31 96
81 22
66 6
90 38
82 80
54 89
6 18
68 26
37 97
80 98
44 20
94 10
50 40
24 93
37 93
94 0
24 75
28 50
6 44
44 53
52 3
1 3
64 52
80 74
92 36
77 4
22 38
46 71
69 90
70 36
15 97
27 53
88 78
71 58
46 61
56 58
40 77
62 11
60 5
53 68
74 32
71 89
95 88
9 81
57 43
19 19
4 54
38 39
3 9
42 21
62 91
88 46
35 15
74 16
58 35
88 39
35 19
62 77
93 45
22 66
87 21
35 9
66 15
39 33
36 50
75 22
76 3
96 14
3 92
69 53
27 97
77 16
23 28
79 51
91 41
52 66
20 29
90 88
91 97
48 37
69 23
63 21
38 55
51 88
24 85
76 82
26 37
86 14
15 87
29 53
81 45
77 55
43 23
69 9
80 31
35 41
20 66
13 73
50 9
40 91
89 44
28 56
41 23
71 80
14 18
4 24
40 82
56 78
11 81
86 57
12 62
42 45
75 55
84 53
85 59
66 41
87 57
13 0
42 96
22 8
74 81
31 4
51 89
73 87
45 89
71 81
67 20
82 73
36 9
85 22
1 74
69 20
83 41
11 63
20 54
91 80
92 93
91 69
84 12
51 49
53 67
15 1
2 84
33 94
66 88
50 90
92 85
8 15
75 39
52 22
96 90
29 79
28 13
18 73
54 57
10 16
93 23
82 97
54 3
48 64
8 20
26 81
15 28
89 52
31 23
65 86
60 79
42 52
27 48
78 67
18 83
12 21
33 43
95 53
13 14
46 21
35 72
65 32
75 75
37 89
90 77
6 22
78 17
28 57
66 14
72 13
48 33
21 26
98 64
14 72
89 65
70 13
50 52
2 43
52 4
8 12
38 53
71 74
21 92
35 75
28 3
16 16
7 85
53 51
62 12
88 76
52 24
29 29
45 70
74 96
16 44
39 8
15 16
31 85
91 79
8 7
58 77
52 14
77 59
55 80
3 29
70 91
0 61
22 72
13 91
16 89
46 13
40 60
82 85
90 62
45 10
47 29
98 18
1 45
23 10
34 46
89 7
51 76
58 13
40 18
38 89
79 39
82 68
23 27
44 64
64 13
29 77
40 22
36 47
6 65
51 9
97 30
39 69
48 68
63 68
65 63
41 90
10 26
60 71
72 22
75 48
97 6
44 4
49 9
88 84
95 20
55 55
90 51
71 12
41 16
73 11
87 9
38 65
68 12
1 96
56 94
63 55
7 91
79 69
6 48
83 2
78 50
14 56
67 38
39 11
89 51
70 4
19 23
57 81
63 59
40 21
37 57
43 63
74 61
34 26
24 64
77 82
7 55
3 58
35 22
86 96
39 65
30 93
96 13
11 20
0 97
11 68
39 41
55 30
94 41
79 31
50 35
44 71
46 46
65 52
17 67
72 58
74 57
90 10
54 76
82 46
90 25
79 52
55 25
17 81
91 76
69 40
92 18
37 39
81 79
20 44
59 74
14 28
4 13
93 63
58 78
96 48
73 59
21 93
10 6
75 84
38 35
8 29
26 44
47 36
32 44
59 54
90 4
15 59
54 8
15 34
43 51
82 24
21 25
77 38
97 70
28 8
62 68
84 57
50 54
50 23
24 24
18 76
37 26
2 97
60 65
10 67
71 23
28 23
52 50
15 1
45 87
52 19
14 14
8 81
56 44
81 47
30 72
33 36
39 82
36 76
93 13
84 61
95 23
24 89
61 28
57 27
81 6
85 41
94 84
22 68
51 38
47 0
46 91
38 2
81 86
97 49
17 20
30 77
81 1
73 41
88 87
93 14
90 48
88 48
89 42
67 7
4 94
72 14
3 54
95 33
1 55
1 89
67 33
15 89
47 48
13 45
40 79
64 86
14 82
13 89
76 44
93 9
17 3
76 64
42 40
10 70
21 44
20 21
55 0
16 79
86 65
37 6
20 73
62 69
1 21
21 48
91 43
65 38
43 70
63 89
79 42
7 15
12 50
41 56
13 80
81 53
40 11
53 98
34 9
12 17
44 18
9 46
83 9
86 41
47 12
22 48
24 83
38 43
43 55
47 50
14 38
93 81
69 36
4 98
59 44
80 39
33 85
39 40
23 88
85 29
74 41
25 98
5 92
14 76
25 8
27 54
78 22
23 94
63 5
4 79
48 7
19 47
91 89
40 62
75 40
71 28
75 6
33 9
22 37
7 67
12 65
32 84
49 77
59 80
13 46
8 44
96 43
49 53
35 1
37 47
82 92
92 49
80 37
95 36
39 14
2 4
35 37
69 27
34 30
53 44
82 6
50 73
70 35
50 15
3 41
31 93
42 17
2 74
24 78
50 31
50 67
84 66
33 21
38 96
97 12
73 12
37 12
85 11
13 87
43 21
16 24
24 74
24 88
41 24
16 77
76 85
36 7
69 61
64 87
27 72
51 8
29 65
72 66
12 46
40 63
17 84
98 69
60 56
25 3
40 16
10 30
95 66
79 37
93 49
3 98
25 35
59 56
9 4
10 71
34 73
61 64
38 92
83 96
76 96
40 30
48 40
53 23
67 69
4 5
67 70
35 70
73 38
70 75
71 65
88 88
78 75
81 95
10 65
50 83
26 89
56 6
81 4
22 53
68 78
65 57
15 48
18 91
23 84
83 20
43 5
58 10
41 52
27 74
1 90
20 18
77 20
89 67
34 21
43 47
75 20
9 43
59 95
76 57
11 88
85 21
18 39
57 92
38 74
27 14
46 53
38 97
4 59
13 38
97 24
87 12
65 51
3 88
66 38
83 82
80 43
80 56
63 95
97 38
35 40
29 3
77 88
98 58
59 17
22 7
12 57
0 56
61 73
80 97
57 63
88 13
19 24
34 28
75 53
86 53
61 54
37 63
93 37
95 56
10 62
14 22
64 59
28 80
95 64
94 12
36 44
2 52
42 44
14 40
71 35
93 47
37 71
71 61
75 95
37 32
86 98
24 59
80 4
13 95
17 24
23 91
73 18
63 88
56 79
7 4
12 14
36 69
92 24
56 70
86 64
15 94
0 40
52 69
23 47
51 92
18 41
87 4
73 24
60 72
42 26
25 43
95 98
74 98
3 73
66 61
28 15
4 67
94 36
31 5
71 75
38 86
92 54
79 47
54 78
2 59
5 19
26 62
88 49
45 98
23 39
45 72
71 10
55 61
79 33
39 29
75 33
4 49
70 2
11 42
74 8
28 30
87 31
13 76
17 4
41 21
48 52
71 16
61 77
2 87
16 45
78 59
71 71
33 18
88 57
36 8
9 98
90 18
71 63
34 65
75 85
17 34
76 47
81 43
23 63
25 72
65 98
98 24
8 9
32 57
75 12
27 23
35 76
7 70
13 84
49 43
59 85
16 78
33 37
15 54
58 97
63 85
6 43
44 63
55 64
52 88
27 17
93 21
68 40
88 26
77 28
91 92
62 57
33 27
92 62
2 22
34 89
48 11
67 81
19 63
47 82
47 60
55 71
36 86
66 97
42 47
79 13
3 32
10 5
86 81
69 56
83 66
12 40
45 53
79 78
53 89
5 42
83 94
52 47
78 93
14 79
86 83
30 30
62 18
19 1
33 57
7 47
80 58
54 80
5 18
31 82
14 27
67 50
38 87
16 73
15 79
94 43
62 36
1 84
52 85
92 74
2 7
42 20
30 80
98 30
29 61
15 0
96 44
7 12
98 27
75 63
66 37
93 10
17 39
60 9
51 4
85 48
43 73
63 35
55 5
91 28
66 33
46 55
2 32
30 25
46 70
35 23
50 51
57 8
49 36
59 53
25 51
14 79
17 77
68 1
33 13
80 28
72 64
81 16
38 83
98 0
78 93
30 8
0 38
79 50
21 10
73 20
37 43
39 35
31 32
83 54
56 48
26 58
54 17
71 15
34 51
12 8
35 63
86 31
54 17
48 44
92 59
6 47
65 95
86 73
73 36
74 28
59 47
22 67
24 42
33 13
72 50
44 91
51 77
38 33
67 77
84 6
51 98
45 96
59 2
37 30
62 36
47 61
67 9
89 72
44 39
4 91
48 1
7 23
54 17
10 7
90 69
79 84
7 63
62 20
11 96
83 69
32 3
26 90
53 74
90 39
96 81
32 96
60 52
70 71
81 67
47 8
80 28
42 86
41 27
96 81
20 91
47 80
24 76
94 21
95 83
7 12
19 55
87 74
54 44
70 95
48 81
71 19
65 18
67 41
88 34
72 28
85 87
63 91
92 16
35 73
59 73
67 9
21 39
18 33
43 97
67 10
77 40
42 22
41 32
51 98
55 69
32 55
59 43
67 77
73 57
26 33
21 52
7 58
83 69
57 49
47 77
77 94
69 65
54 44
82 78
83 28
31 78
88 62
52 36
52 71
57 58
60 47
98 68
98 91
40 59
92 94
47 95
34 66
53 86
75 41
23 57
10 79
62 20
25 62
6 24
86 81
21 77
20 70
35 85
9 56
95 0
18 86
40 45
47 80
31 32
92 16
62 50
53 76
94 56
21 6
55 94
84 25
91 93
89 96
85 55
56 52
29 60
13 77
10 35
73 82
62 89
41 86
65 53
7 17
86 30
37 38
88 14
68 29
45 77
92 37
86 60
59 43
69 93
1 80
20 5
20 5
72 72
75 18
58 27
53 24
87 13
72 36
56 60
62 43
57 28
72 1
69 4
77 61
50 4
33 56
17 33
25 63
90 54
24 42
17 33
31 56
52 36
57 41
44 87
49 96
15 78
84 25
42 28
19 14
73 57
34 15
22 69
37 44
57 96
83 66
78 42
72 23
7 7
45 36
34 57
88 36
51 57
21 75
82 27
55 20
42 56
56 77
70 92
52 85
9 40
74 67
85 81
72 28
80 7
91 77
39 30
91 75
92 91
21 54
41 26
65 84
42 68
64 27
38 54
5 88
28 18
59 94
72 21
38 41
22 80
71 18
17 77
65 34
14 78
3 86
34 66
73 57
96 59
56 52
11 96
53 43
37 30
7 23
29 60
80 87
9 62
51 62
51 5
20 17
63 54
74 5
68 38
48 81
14 95
91 93
77 48
90 23
43 30
72 69
63 54
57 41
61 5
98 68
69 14
46 70
57 31
71 98
53 39
82 55
72 69
69 65
64 46
71 4
86 54
25 85
94 21
41 8
57 19
59 94
72 20
18 53
78 98
17 10
97 1
77 48
53 24
36 37
21 46
20 91
79 50
8 74
97 5
96 17
43 45
25 62
36 42
54 86
68 10
27 94
89 61
93 80
91 15
81 67
17 65
29 56
91 15
60 52
75 24
49 8
46 87
79 55
54 86
58 27
49 4
90 65
32 96
58 27
59 2
86 31
46 70
92 74
59 47
2 31
90 44
57 97
97 39
66 66
7 47
50 98
68 39
49 64
7 63
86 30
50 44
95 42
27 1
70 47
32 10
60 27
80 28
50 0
28 88
32 70
64 74
59 73
24 45
12 26
27 1
44 39
65 53
41 88
45 53
50 51
90 6
41 67
92 97
43 87
66 76
39 95
27 18
61 13
98 6
11 96
91 17
71 76
78 42
56 48
13 77
66 81
65 84
86 36
62 35
21 46
70 20
21 74
98 91
71 59
90 57
56 52
92 97
40 17
1 54
26 61
10 5
20 91
31 56
44 22
25 82
4 91
65 53
40 17
86 2
41 27
40 66
88 55
33 5
93 8
65 65
43 97
59 18
28 47
69 4
48 82
11 39
82 78
71 31
31 38
83 88
21 27
32 70
27 93
76 26
1 54
14 13
98 0
94 31
12 3
1 43
44 70
32 31
27 20
17 39
92 80
40 8
53 15
6 52
29 21
57 39
77 37
48 82
61 11
78 84
36 96
8 70
50 4
5 18
57 8
46 12
33 57
31 38
25 81
22 11
33 38
80 85
9 56
26 67
49 2
70 95
56 60
68 38
64 33
5 42
90 57
34 27
59 53
88 55
7 87
57 97
26 24
40 59
53 76
55 69
5 55
36 24
24 77
43 73
85 6
6 12
27 15
92 92
78 98
38 59
39 27
33 11
21 39
78 27
39 31
26 31
5 79
14 95
25 85
28 76
2 23
37 10
35 87
57 97
10 15
7 14
58 28
26 83
47 72
3 87
93 80
8 65
49 4
82 45
31 82
30 30
83 27
7 87
81 29
21 6
1 38
85 61
31 56
62 35
42 22
73 52
88 34
21 75
26 30
48 41
45 96
14 17
88 14
97 5
95 73
87 13
67 9
61 13
3 87
71 60
88 36
74 82
92 35
47 23
87 74
45 80
25 81
87 5
32 3
97 29
73 52
26 61
80 7
18 46
89 61
91 75
61 5
76 63
87 37
19 18
18 14
5 88
93 31
2 88
72 20
75 79
67 97
3 87
14 20
34 91
57 67
26 6
46 12
55 67
94 6
82 39
26 58
68 10
54 86
36 24
39 67
53 61
68 98
90 5
46 55
67 83
88 34
96 81
96 64
46 94
44 94
45 48
39 95
59 11
72 23
80 53
72 75
17 21
35 87
85 55
50 28
4 51
8 11
58 38
20 82
61 53
87 37
71 60
85 58
40 59
65 80
1 54
90 6
0 90
68 69
58 44
28 43
58 54
46 75
25 9
72 21
61 83
19 14
30 30
21 10
45 36
42 29
19 55
86 83
2 7
91 8
95 70
4 51
73 19
22 74
28 88
35 85
26 33
48 50
15 79
10 41
5 17
87 76
50 4
37 86
57 67
59 64
86 60
67 50
26 33
89 72
41 34
35 73
58 54
50 8
64 95
12 40
63 90
32 71
35 78
74 53
28 53
30 22
42 6
53 88
64 33
92 92
40 83
72 1
37 66
27 3
75 29
49 65
41 20
49 8
25 63
42 6
77 95
77 37
83 27
92 31
6 17
91 75
58 20
57 67
95 34
91 27
23 13
50 98
72 1
10 79
12 49
33 56
42 20
60 48
64 95
11 39
96 8
53 88
46 94
58 27
52 52
2 21
16 73
25 81
43 45
72 64
50 8
94 4
81 29
37 86
93 31
21 10
3 32
27 18
92 37
92 80
84 79
27 3
31 48
71 60
85 60
62 36
70 20
50 36
26 96
48 44
94 21
59 24
53 43
59 97
61 79
77 15
28 21
38 33
40 6
53 69
40 59
53 25
95 24
19 35
45 80
20 5
93 76
77 67
94 24
87 56
52 56
84 25
91 52
43 73
59 24
78 26
73 82
50 28
76 63
31 48
28 47
34 91
78 26
63 91
12 26
51 52
41 34
62 50
92 41
64 46
72 72
71 4
90 39
96 44
15 30
20 82
28 18
51 90
49 28
49 35
89 13
32 70
85 81
53 43
95 24
7 17
20 5
37 94
78 93
14 20
29 21
53 60
14 49
85 6
36 96
17 90
30 22
58 44
65 90
52 87
54 58
55 5
74 5
21 27
91 11
4 7
74 27
51 75
58 28
75 23
92 31
77 40
51 5
93 62
63 67
70 67
90 5
18 86
50 29
33 75
25 31
26 61
87 76
76 90
23 40
80 68
17 21
41 86
38 41
6 47
42 28
40 83
3 32
83 69
86 31
51 85
61 11
36 61
60 44
83 94
36 37
63 90
94 83
74 28
86 13
0 2
46 90
64 15
35 23
87 79
96 64
79 55
10 42
66 66
84 79
44 22
91 52
54 58
44 70
25 31
30 25
65 61
26 30
68 0
72 75
33 11
97 1
96 44
72 11
57 39
69 77
22 74
24 68
86 54
11 33
64 15
67 10
51 39
31 38
33 46
78 76
17 21
87 33
45 48
65 84
11 39
86 2
70 94
67 83
16 17
65 65
90 69
77 61
34 51
78 26
53 69
69 22
24 77
79 84
80 19
49 35
27 15
39 27
45 39
63 42
93 76
75 41
12 8
56 11
4 58
24 68
86 11
5 55
69 11
52 47
31 78
16 17
40 13
73 19
96 8
16 17
39 67
25 62
10 42
60 48
17 17
40 8
49 28
90 44
25 51
17 53
57 19
66 59
65 34
16 13
78 95
30 80
84 10
37 23
63 91
13 22
38 63
30 36
38 41
84 17
26 96
21 21
85 87
90 27
37 38
4 29
42 68
69 11
4 29
79 84
30 8
90 54
25 62
34 66
94 56
87 5
3 4
27 93
21 52
45 67
14 78
10 42
76 4
7 50
86 81
7 23
43 45
58 38
30 3
71 59
72 50
10 79
62 89
10 15
28 26
12 26
75 29
77 95
24 77
32 71
23 76
76 26
47 80
25 40
41 8
34 71
59 97
37 45
41 32
37 66
9 40
49 64
20 5
77 95
90 5
51 85
4 91
75 63
46 90
8 11
37 44
24 45
80 70
69 0
21 58
54 11
86 51
2 31
91 77
82 45
98 91
18 52
91 77
85 60
13 77
25 12
72 64
92 16
59 18
44 94
1 12
60 27
6 17
62 65
36 42
86 73
1 12
37 29
51 51
93 31
70 90
17 90
38 83
64 1
87 76
59 94
21 77
14 95
78 28
75 23
91 17
95 22
56 48
0 2
33 38
15 78
4 7
90 65
69 77
85 58
96 15
14 13
95 24
78 28
60 40
94 4
90 44
49 96
69 14
59 11
18 53
16 13
49 36
28 21
6 52
3 86
97 39
47 8
18 52
16 85
67 77
78 27
26 83
9 56
94 6
59 13
93 8
50 44
20 85
7 17
91 75
51 51
31 82
66 33
38 54
77 13
7 42
7 71
71 15
8 65
69 93
3 86
83 86
40 66
60 9
86 11
17 65
89 77
5 42
18 86
42 86
50 48
73 82
46 12
86 36
83 54
72 72
30 75
22 92
74 27
5 17
50 36
31 70
49 87
53 74
87 5
68 0
44 39
73 26
15 30
16 91
72 28
65 80
43 87
7 7
69 56
89 77
84 24
7 58
68 0
31 98
48 65
8 70