52 125
72 179
31 122
32 53
43 46
95 148
123 46
124 31
49 106
24 52
83 23
109 76
129 78
90 83
170 108
136 25
61 167
150 112
12 6
40 192
166 20
180 167
36 39
94 30
88 193
50 127
77 138
22 6
176 98
91 129
186 20
164 103
194 144
44 138
133 120
76 121
52 146
158 99
196 86
104 88
120 171
62 19
178 194
31 150
140 121
160 42
183 43
149 11
126 191
145 41
182 91
31 105
36 125
49 35
188 167
45 13
54 34
46 81
188 173
32 192
29 86
78 192
32 23
98 128
6 9
64 149
167 88
125 81
111 91
169 86
123 41
118 164
139 29
36 23
54 152
18 187
70 41
177 170
163 63
61 101
176 156
71 134
120 144
104 84
60 19
174 137
30 167
115 162
197 174
24 102
175 64
148 30
127 108
143 177
124 157
176 89
50 169
6 71
74 107
176 102
21 158
101 86
29 174
116 163
4 129
139 158
82 176
120 159
151 23
123 127
164 54
24 95
27 103
62 46
23 55
180 64
139 113
179 110
114 26
171 190
104 190
44 39
114 10
125 18
10 113
169 63
171 69
83 118
192 32
114 66
172 65
138 79
192 134
12 80
192 38
101 22
163 53
114 8
192 130
56 148
125 27
85 96
194 189
27 77
89 147
135 45
195 41
167 96
46 130
44 38
119 86
36 143
28 102
116 67
133 3
171 137
110 56
167 51
120 178
184 38
100 102
174 123
105 123
184 5
84 114
11 160
44 81
131 69
47 105
58 133
15 66
170 177
22 189
182 124
40 41
60 167
160 133
46 129
4 167
88 83
131 104
189 193
62 176
67 17
120 57
195 50
182 107
152 104
122 79
53 116
122 162
179 172
91 141
75 163
26 119
190 111
4 49
106 16
89 137
47 126
136 42
197 173
195 51
46 169
93 64
106 123
36 55
129 193
70 120
160 173
84 161
49 81
156 19
66 33
119 42
45 81
184 121
194 30
113 125
97 193
194 93
146 176
120 160
166 11
86 25
193 57
84 118
89 102
36 13
47 106
48 47
163 116
115 69
106 161
39 71
51 34
195 161
175 104
88 81
118 92
19 98
43 120
192 13
192 31
147 113
116 40
84 86
131 126
43 92
134 170
86 84
12 173
40 159
17 34
12 27
179 181
138 24
146 193
46 43
162 110
10 124
68 118
60 7
134 102
107 175
145 62
18 100
191 132
15 161
90 150
156 41
89 140
74 165
109 57
101 84
76 106
21 51
182 67
132 133
92 118
159 130
149 146
178 66
21 173
179 182
115 52
23 126
71 157
188 131
37 46
119 79
21 24
133 100
5 195
146 87
9 45
71 141
17 39
35 107
188 20
161 59
134 23
45 63
25 13
77 50
147 100
26 6
182 68
156 17
112 138
136 151
60 168
7 56
186 182
60 170
10 13
92 101
130 14
38 128
50 179
3 56
139 169
31 149
57 87
31 172
133 13
70 117
65 186
54 180
135 169
108 124
137 37
23 91
51 92
188 34
86 114
1 129
115 132
164 56
3 69
63 128
93 94
44 70
177 13
90 165
101 134
11 117
197 86
57 85
49 66
42 90
121 181
152 56
36 20
81 94
161 123
155 34
145 141
166 42
114 52
3 55
54 36
118 146
14 126
189 64
109 36
20 70
23 146
168 111
132 136
36 40
28 171
187 52
156 97
187 55
58 85
7 90
76 34
87 31
4 193
40 91
84 108
155 162
31 179
187 32
155 132
25 3
155 52
27 30
74 163
42 14
189 18
75 168
78 26
135 170
19 84
146 76
156 43
140 116
89 16
76 176
8 126
191 17
44 68
54 142
47 124
10 120
40 67
176 152
63 42
77 35
170 134
35 86
87 22
22 192
156 131
49 25
126 72
111 10
164 100
147 52
30 172
21 171
172 178
95 153
53 33
134 147
176 154
60 23
195 25
118 149
3 74
27 130
27 105
43 17
31 126
154 159
126 189
197 168
3 65
97 125
99 134
53 31
15 109
132 134
94 32
42 162
162 103
46 10
3 54
182 104
193 86
6 70
118 193
68 25
18 39
32 56
184 142
179 130
149 87
63 40
180 63
76 12
168 161
171 175
128 38
78 175
155 67
170 164
6 29
152 32
43 151
76 28
124 181
191 23
90 151
45 29
62 94
74 164
141 82
10 140
54 148
49 152
167 115
93 13
99 109
84 125
167 100
131 132
152 162
48 16
184 91
142 80
177 75
92 91
103 16
53 143
124 124
188 193
32 77
42 131
195 55
96 137
155 180
104 21
175 92
67 124
73 69
95 63
140 133
86 23
56 160
14 6
106 189
38 192
81 83
3 130
36 160
163 3
99 128
178 5
93 153
122 86
96 196
142 13
74 44
30 161
73 36
51 118
161 168
39 127
52 115
31 129
76 189
103 169
103 137
180 103
78 159
18 178
118 109
5 193
141 28
57 154
157 41
77 11
122 168
110 172
96 139
101 158
41 152
195 33
75 56
3 195
59 60
173 3
57 160
155 140
150 78
11 66
191 130
55 14
108 30
57 159
160 123
141 189
98 75
176 100
31 152
30 151
5 76
106 170
35 20
96 163
176 52
172 68
149 99
139 58
29 160
134 58
40 29
141 173
72 14
190 57
34 85
33 55
54 51
138 69
15 106
180 197
164 150
171 187
88 109
74 123
193 120
46 9
195 94
130 176
65 189
49 67
88 84
49 31
134 148
106 36
47 104
50 119
184 179
72 69
116 66
174 139
94 43
189 98
34 108
138 135
4 9
6 31
195 118
194 40
31 107
197 143
20 152
27 174
165 151
120 141
195 143
39 180
16 136
183 142
88 152
45 130
131 112
91 74
186 32
179 111
11 125
46 10
190 182
155 63
169 132
160 140
139 67
113 97
18 52
194 141
106 56
15 62
119 180
148 143
121 64
117 4
31 39
103 34
49 190
49 106
91 32
144 120
66 43
11 127
87 53
53 173
161 40
5 192
27 16
13 80
89 117
102 68
176 169
52 31
108 175
130 61
63 159
115 31
70 56
113 92
124 103
183 6
70 102
54 145
8 69
124 182
173 37
45 124
29 78
67 45
142 184
19 96
120 120
101 154
100 167
169 165
111 110
166 147
107 54
82 141
120 29
145 89
64 93
119 142
120 8
123 45
192 87
87 42
31 110
158 110
56 146
12 189
194 69
110 10
116 39
54 77
194 2
39 188
161 175
136 52
127 61
147 54
16 39
95 159
25 103
36 78
91 165
54 35
41 118
21 151
12 99
172 177
89 92
70 42
20 51
168 178
17 20
182 92
121 107
96 76
197 145
14 141
140 117
128 73
24 102
146 148
175 61
95 62
126 70
163 175
177 11
125 42
152 71
121 29
175 127
90 81
160 108
67 46
183 171
129 126
106 157
102 86
56 81
191 180
149 124
137 45
138 177
99 139
45 143
95 150
120 162
148 29
15 63
169 187
40 146
2 10
123 170
49 26
189 92
153 33
130 112
57 125
186 19
136 68
165 148
41 2
71 85
65 149
3 47
57 152
123 142
163 52
54 79
118 176
157 108
75 4
186 29
27 127
106 179
17 21
101 105
14 65
38 171
119 93
136 186
86 154
105 45
170 30
14 139
98 134
89 188
157 109
41 131
97 97
87 27
161 138
86 123
126 78
161 75
86 127
172 36
48 171
167 108
68 21
152 31
1 81
117 176
194 72
33 30
18 49
156 187
154 53
58 62
104 179
184 35
30 149
7 49
41 172
154 51
51 91
187 49
180 91
65 169
12 113
82 153
46 16
37 184
188 129
147 111
47 125
177 165
20 56
196 181
194 142
166 9
171 50
34 74
85 166
119 168
129 27
28 10
26 172
150 51
5 164
22 191
15 160
9 140
47 81
132 135
126 70
60 159
158 103
149 34
76 66
50 193
13 121
20 54
134 157
174 160
34 21
192 53
50 82
17 99
10 126
49 76
8 62
182 197
88 187
93 16
104 139
50 180
156 139
68 23
130 63
153 52
148 136
26 10
77 42
46 124
176 12
138 51
191 157
75 134
57 123
35 109
103 139
113 132
75 65
14 28
91 37
72 28
146 136
47 169
143 147
21 57
179 167
83 181
105 12
116 64
86 76
180 193
75 190
98 7
67 125
32 196
113 124
195 145
104 34
30 194
178 75
41 2
60 78
163 48
163 118
119 44
140 177
72 67
59 197
195 54
57 156
35 65
60 79
31 41
74 13
107 31
30 98
15 24
86 56
60 74
113 112
83 25
161 130
66 188
45 76
73 8
109 163
45 27
182 90
43 53
157 99
163 132
127 50
76 178
X
179 12
174 191
32 161
175 37
87 7
13 23
182 55
154 5
95 64
89 93
90 118
58 61
19 158
146 78
192 49
11 155
103 19
55 108
194 162
177 110
139 24
155 137
71 6
154 164
68 128
135 18
166 23
28 22
161 103
171 123
16 136
119 77
190 155
172 101
66 42
112 90
109 31
187 107
100 128
65 190
24 99
156 174
192 129
106 183
9 151
134 45
115 163
92 104
32 81
33 97
39 121
117 24
2 48
93 4
171 39
107 29
66 30
129 123
48 179
166 48
193 90
161 105
31 62
49 41
174 16
8 160
79 11
57 74
171 63
168 69
146 122
67 120
176 76
31 161
178 192
177 181
191 14
135 42
126 43
122 171
157 52
186 191
49 155
150 12
163 74
70 44
191 119
191 101
87 57
194 177
185 74
49 33
14 23
96 177
50 69
147 113
68 96
67 11
47 52
99 102
72 82
33 172
74 66
16 179
106 71
144 64
123 143
41 151
120 146
79 93
14 80
51 160
105 88
22 187
40 188
145 88
84 107
48 76
116 29
64 144
86 75
7 53
116 145
97 95
30 49
188 169
26 167
133 6
95 85
165 131
18 172
164 152
4 126
52 131
197 144
34 105
106 144
5 69
180 90
165 44
72 64
51 183
18 102
164 85
191 25
120 161
19 160
138 157
87 57
11 175
29 130
166 187
192 191
12 115
95 181
108 31
170 31
13 28
115 51
7 87
171 134
17 107
183 127
189 97
115 194
184 119
95 84
39 45
46 172
132 126
8 161
147 55
149 113
163 109
108 97
2 83
62 40
192 39
61 171
90 142
74 55
38 182
121 69
177 61
154 48
92 179
52 160
64 103
135 72
68 186
16 8
65 46
2 182
19 19
44 82
64 96
38 11
164 48
27 41
50 98
46 192
104 123
177 138
47 53
11 6
180 79
96 140
163 49
132 9
157 180
153 12
180 68
100 135
170 27
77 107
39 14
184 33
56 36
50 172
132 94
189 130
181 44
82 97
197 93
78 55
122 20
51 77
25 24
103 166
18 152
78 50
157 91
151 21
133 123
74 27
33 89
21 20
46 70
77 134
80 116
24 57
130 3
8 116
44 28
158 174
161 108
40 50
51 26
117 52
16 67
8 88
181 197
163 62
99 9
130 124
156 18
123 109
172 188
68 54
178 172
49 194
99 88
21 84
119 17
141 187
139 4
25 119
71 130
37 42
189 161
146 143
126 103
64 91
58 5
81 24
26 9
195 167
182 57
173 139
137 160
89 170
27 14
166 73
80 51
171 132
14 61
190 31
144 148
87 170
18 188
141 51
68 189
119 20
92 76
42 49
35 180
9 86
13 11
191 162
114 131
147 146
130 59
8 156
91 11
98 133
105 90
85 12
141 22
54 47
180 139
47 27
10 90
63 130
173 166
139 12
105 85
172 64
193 26
40 162
133 154
167 110
36 56
86 162
110 138
134 67
138 71
40 54
171 28
184 3
66 143
175 193
30 97
183 166
105 146
13 110
31 142
124 52
65 168
39 128
167 166
78 122
195 32
152 183
119 69
174 135
146 7
32 88
36 66
86 164
103 154
177 67
164 87
26 174
90 94
9 141
139 160
97 196
32 169
164 50
83 26
58 179
79 179
176 61
32 75
13 122
4 87
7 48
118 31
89 191
191 169
172 176
91 117
113 44
93 149
185 38
166 56
192 101
150 145
18 171
88 102
117 195
50 44
112 112
67 188
77 121
172 161
57 13
6 72
29 192
100 55
138 112
170 125
166 43
65 187
72 181
149 125
5 31
119 142
58 89
60 23
132 15
46 80
97 105
180 18
170 151
142 173
9 175
36 128
92 98
93 141
51 31
84 53
8 127
181 36
39 142
162 1
58 125
74 43
23 1
152 188
88 72
59 169
83 77
187 111
89 69
143 63
127 25
136 157
167 117
109 127
150 52
162 59
35 63
47 173
31 173
168 148
6 102
160 74
169 90
46 6
190 107
98 29
188 168
179 14
50 96
140 92
106 75
4 59
190 181
110 134
73 55
10 6
149 71
159 105
192 171
21 86
119 135
12 114
17 110
104 119
63 106
144 156
169 163
99 137
51 38
89 81
20 177
29 75
62 168
155 165
157 79
139 14
92 149
115 63
91 175
10 124
25 122
107 102
175 102
119 24
168 10
58 58
128 9
180 144
82 162
192 133
118 147
145 124
196 38
123 19
76 52
29 79
53 117
125 126
26 8
54 153
131 109
122 141
67 186
164 114
31 124
136 154
39 39
4 130
71 124
101 90
90 188
109 126
84 84
100 169
189 91
130 62
119 143
118 182
70 157
139 35
64 105
173 140
31 32
194 167
26 7
163 120
43 154
58 169
31 159
144 106
143 119
107 104
120 189
28 79
187 195
15 97
196 41
138 173
84 46
106 69
121 68
52 95
182 38
191 94
189 171
174 5
95 4
128 42
102 54
6 73
66 34
78 162
69 102
21 4
31 152
97 175
140 22
127 31
56 38
14 190
31 62
115 164
173 40
153 157
108 78
95 147
155 43
160 188
170 32
119 127
183 129
165 100
135 167
149 100
78 57
123 168
15 100
27 76
68 126
27 184
156 129
145 36
180 140
56 34
105 31
51 103
105 86
84 153
143 183
18 23
193 13
82 44
176 154
76 134
151 73
114 193
2 165
76 44
76 174
102 144
122 120
154 4
145 87
56 68
96 181
179 153
59 104
148 144
139 72
122 93
2 166
86 192
115 190
15 64
62 160
155 16
155 42
1 75
61 105
48 10
181 55
182 53
126 121
163 56
90 129
40 131
158 49
146 28
124 86
181 93
40 27
166 151
170 147
16 176
157 176
55 13
18 22
169 40
144 146
26 177
76 84
157 189
80 50
191 64
13 155
138 110
171 54
144 157
56 134
133 161
192 15
15 77
185 38
108 12
41 144
23 127
18 170
101 113
56 77
59 142
161 44
94 149
186 119
169 151
44 13
131 13
70 83
178 189
116 44
47 44
177 66
80 179
53 172
121 24
63 22
40 141
131 91
12 13
10 42
143 143
52 130
181 36
168 151
131 9
59 68
195 162
46 129
41 90
93 70
91 93
193 121
20 169
119 18
150 76
170 136
22 151
32 57
28 81
88 8
127 193
101 110
126 108
139 74
150 141
177 91
87 59
95 159
184 26
143 41
160 141
27 182
3 83
137 187
190 94
91 154
72 136
43 38
56 166
177 18
174 76
1 74
21 23
179 54
31 35
5 23
39 118
80 122
13 161
65 131
80 17
79 194
73 134
54 32
6 113
49 126
162 138
91 123
76 188
113 109
95 117
146 29
182 23
37 151
155 87
22 145
136 185
31 63
182 65
162 104
78 124
79 52
67 143
59 195
145 122
170 148
160 32
49 44
33 23
155 178
117 193
59 143
196 177
98 111
133 42
154 138
100 124
175 62
52 33
184 144
13 77
100 126
142 155
75 121
121 168
179 66
32 174
157 56
53 160
102 8
190 167
48 169
77 146
46 28
101 105
16 55
119 27
128 13
164 104
194 160
193 2
106 34
174 165
103 138
10 44
149 28
95 178
50 129
176 68
50 38
183 124
191 73
181 34
170 123
117 68
158 178
2 91
72 157
117 65
68 24
101 157
79 24
108 54
5 66
103 148
164 114
23 53
189 128
74 50
101 178
127 79
31 130
87 49
128 39
104 29
47 68
40 147
194 86
18 145
53 155
173 138
176 1
49 103
57 72
188 191
195 190
9 127
5 54
20 150
67 54
22 57
81 141
20 84
95 115
175 100
27 78
154 175
147 21
24 134
156 59
66 190
5 48
60 123
121 47
19 24
42 94
37 67
68 38
36 145
162 72
108 102
150 147
103 5
49 183
181 169
47 26
66 38
92 187
70 138
172 98
176 135
179 194
195 56
28 151
187 119
121 158
152 35
130 111
164 86
53 148
119 15
78 54
62 101
87 24
123 144
145 195
124 158
56 13
23 124
69 97
91 16
91 170
147 62
98 138
142 86
80 13
53 27
42 55
35 178
60 107
137 44
20 68
65 38
171 166
173 135
36 188
72 70
191 2
182 152
119 19
187 120
143 83
61 158
28 153
55 160
86 69
138 82
98 77
68 104
107 57
46 82
164 138
24 54
135 168
50 183
140 27
34 87
21 189
161 167
70 124
134 75
146 36
164 4
196 141
48 43
32 87
101 104
185 32
69 93
108 48
72 8
145 119
64 46
21 160
167 19
132 169
181 107
39 108
169 164
4 79
114 55
53 183
89 12
191 120
70 135
154 48
190 92
30 53
133 159
2 194
98 32
107 169
155 156
71 85
76 37
69 94
44 49
49 153
83 176
171 5
19 191
109 138
39 79
27 167
73 34
179 63
12 116
27 13
144 136
27 79
78 161
35 85
153 4
133 75
11 188
81 179
137 84
23 95
102 186
148 146
27 125
33 67
49 82
31 158
176 11
29 149
162 4
65 24
16 138
188 19
95 177
174 75
16 23
147 10
125 122
89 124
100 189
115 131
76 40
150 30
84 9
185 183
25 183
14 189
152 102
40 24
59 109
103 71
58 107
118 165
162 85
104 7
114 67
74 42
90 127
168 175
123 106
67 21
113 123
103 9
127 195
11 113
167 17
62 39
30 128
2 87
156 91
90 76
165 185
154 166
121 108
21 55
176 13
53 90
77 44
86 40
116 24
146 169
48 191
36 44
138 161
79 121
147 31
99 113
73 66
26 99
138 137
134 25
20 158
48 168
137 79
195 155
97 128
27 87
123 135
26 129
63 34
51 125
151 19
146 61
145 39
74 83
95 33
172 100
35 128
93 182
108 136
107 93
133 126
156 132
59 191
190 173
191 160
42 25
92 103
62 177
93 2
194 90
10 11
90 170
178 3
31 65
180 194
108 35
76 4
4 10
107 92
44 54
85 155
28 38
18 190
29 144
83 96
108 14
147 102
83 59
116 14
171 37
133 45
103 35
173 159
57 157
155 44
172 40
195 24
86 81
189 49
63 132
93 3
76 8
183 128
71 8
80 176
183 93
191 145
83 74
39 125
118 14
132 132
6 62
172 161
8 90
40 28
91 38
49 68
162 139
34 112
88 73
84 110
20 36
120 135
36 11
161 33
141 103
12 25
181 153
83 178
124 51
46 67
67 38
25 117
51 15
7 45
69 14
46 191
169 175
60 120
77 34
28 179
167 90
88 108
26 17
78 177
121 124
118 191
184 120
79 189
10 122
38 125
171 186
157 187
78 148
167 160
120 52
41 162
47 41
141 86
158 104
2 47
82 155
6 23
127 105
18 161
106 57
142 12
19 85
97 195
134 176
39 4
54 78
91 168
160 172
85 27
19 152
24 130
39 2
145 157
157 67
81 139
97 194
88 191
12 162
102 154
33 95
139 22
110 160
55 50
32 104
97 176
113 7
52 54
28 101
139 57
143 121
93 147
130 9
124 107
141 186
176 99
84 56
65 74
130 192
90 193
194 121
150 71
26 34
87 74
115 18
178 167
68 190
85 43
95 31
24 104
124 178
177 137
158 79
68 16
190 15
112 104
35 87
119 57
89 94
190 147
27 80
190 50
153 8
20 67
39 155
136 183
116 165
43 49
163 33
26 28
193 193
59 179
51 170
133 67
129 121
93 84
164 83
32 106
75 69
7 147
117 188
126 74
101 169
53 47
10 174
37 40
44 17
180 183
128 43
180 44
90 114
181 181
52 194
64 106
56 105
146 171
74 30
68 143
130 135
177 156
107 16
55 52
185 179
142 187
19 171
182 106
33 57
124 34
194 94
94 4
14 155
105 134
102 166
155 56
15 39
147 125
154 88
87 26
115 53
55 51
91 30
100 53
20 193
169 26
71 126
110 48
8 71
74 40
130 133
110 30
9 21
36 162
147 51
111 99
171 159
64 75
118 18
143 86
60 80
137 161
153 103
189 110
33 87
58 164
73 82
142 183
72 156
35 89
167 188
17 152
30 85
160 30
67 16
156 21
109 179
41 191
106 188
101 87
27 117
174 17
193 32
6 166
173 127
93 71
21 146
41 139
102 66
108 48
161 132
36 42
134 175
41 4
79 50
67 75
156 138
147 38
164 140
52 153
89 56
132 132
72 107
114 38
120 92
193 73
177 79
146 194
191 143
118 161
11 7
54 159
29 84
193 157
4 82
45 28
12 160
191 86
91 71
53 179
13 158
171 7
86 44
127 78
35 112
19 100
160 174
1 155
139 173
191 134
143 192
68 186
53 95
38 155
187 20
8 21
69 118
86 122
150 137
180 105
47 55
113 127
30 6
43 3
51 13
98 9
137 53
78 178
40 43
99 126
156 98
167 186
27 179
31 64
86 41
7 42
92 180
35 55
52 7
85 161
35 51
133 14
4 11
26 105
71 126
84 93
76 139
129 59
113 134
51 6
4 164
48 129
36 45
5 22
56 194
145 177
75 106
133 121
179 105
80 118
119 126
172 164
135 67
166 191
11 63
191 13
177 116
137 92
73 4
119 52
26 170
67 25
150 75
5 158
123 171
55 81
184 93
40 51
143 170
120 47
90 181
90 141
70 54
156 140
70 70
189 169
102 175
40 23
6 165
119 31
37 191
48 193
163 141
51 10
167 136
171 53
108 181
156 159
50 152
91 118
59 86
148 147
143 34
103 186
36 51
114 188
38 38
165 7
157 74
98 5
21 85
181 33
139 73
122 111
136 79
162 74
123 28
10 135
74 121
130 195
142 189
56 37
157 99
77 8
27 85
25 2
148 30
182 63
129 79
23 128
141 137
14 137
49 79
47 68
57 157
173 98
77 64
33 104
48 106
76 29
120 91
8 64
140 84
104 65
192 167
121 178
179 106
3 62
18 193
121 137
152 16
40 94
99 104
155 34
154 89
6 175
88 41
112 41
13 13
169 88
142 39
71 136
80 75
56 33
57 14
28 114
62 38
84 60
194 94
19 41
154 100
187 121
179 128
123 4
98 105
11 63
90 152
151 56
128 135
142 11
33 168
178 13
141 176
74 71
190 5
49 36
120 77
73 37
18 110
102 9
57 155
18 34
180 138
94 27
46 24
63 168
98 74
176 123
36 46
62 62
95 163
172 66
131 120
77 83
156 192
148 25
183 179
103 132
69 12
185 25
92 100
50 31
27 169
78 56
189 167
1 60
68 85
136 71
91 138
10 41
194 175
11 135
160 188
161 78
24 53
113 42
195 180
89 10
109 122
105 175
109 177
110 112
86 44
148 34
12 66
94 147
95 1
127 78
162 71
182 192
91 33
3 75
112 10
151 100
128 133
83 179
133 168
5 49
56 32
110 7
177 167
48 83
3 157
54 98
50 65
76 171
12 77
10 49
42 28
158 180
112 103
76 175
169 25
191 105
191 134
51 33
121 160
51 90
110 104
160 148
69 92
167 56
186 183
12 172
59 106
5 155
75 44
14 54
81 76
179 125
33 144
36 147
24 115
3 53
134 74
75 8
113 135
37 153
80 189
49 78
110 170
175 36
141 169
13 106
40 142
25 15
76 139
155 130
28 168
111 103
181 192
120 26
168 86
123 31
61 179
94 84
161 83
124 40
176 2
29 33
90 37
121 126
27 84
55 36
16 49
59 144
34 76
101 89
66 31
105 138
94 142
87 165
70 181
76 146
105 75
56 195
26 5
175 38
100 132
78 191
18 158
29 192
8 17
171 109
31 94
172 190
62 92
182 105
168 66
95 154
119 137
38 12
74 8
13 123
87 166
118 145
139 55
107 45
9 113
54 95
15 25
6 11
123 18
74 124
91 147
195 184
195 99
129 120
56 70
62 43
90 71
113 50
186 192
192 2
126 132
112 91
59 77
120 55
138 186
179 112
51 190
4 64
75 30
54 49
46 193
40 55
105 36
11 157
176 63
116 161
105 89
184 4
7 75
147 98
33 29
126 122
21 161
165 25
57 131
54 13
56 17
8 158
26 113
40 71
37 11
138 27
27 81
82 165
137 184
57 142
63 20
18 173
109 92
150 113
191 156
47 13
52 28
24 126
87 168
174 141
70 39
118 195
87 191
19 97
11 12
14 140
51 63
50 126
141 29
160 164
78 11
14 53
172 102
62 173
152 105
63 75
20 24
171 135
94 182
89 84
171 109
88 186
41 53
73 189
136 28
77 165
79 56
5 33
192 93
68 83
56 124
60 124
89 141
57 89
169 110
80 117
152 34
86 167
142 110
47 194
192 170
149 78
101 85
28 150
188 143
87 124
30 52
31 168
77 108
150 100
131 175
139 187
3 60
147 89
35 127
108 172
178 63
173 36
130 158
87 37
106 145
76 13
76 136
158 48
172 189
46 78
178 116
153 159
183 140
194 3
118 56
93 61
5 182
122 178
170 48
72 103
113 86
36 22
37 154
25 5
114 24
136 74
20 176
193 38
44 14
49 69
109 89
144 118
103 135
136 161
56 191
131 74
13 100
72 177
73 188
190 134
163 129
184 141
187 195
29 38
87 194
126 195
3 70
71 125
134 166
39 179
89 138
108 56
39 42
165 146
100 139
75 55
68 16
147 99
42 121
24 130
138 95
118 53
173 53
149 5
56 89
71 83
28 170
83 75
6 173
116 190
174 77
84 51
124 24
63 158
2 9
92 71
5 64
106 159
55 55
100 8
83 60
6 148
134 27
45 140
163 109
59 148
79 28
151 50
106 46
148 90
16 66
105 36
44 41
8 188
138 6
61 176
128 70
4 128
109 75
18 135
189 192
143 116
175 111
192 131
188 16
31 109
62 97
148 109
181 57
183 42
50 9
127 52
181 26
160 189
93 72
176 112
57 148
126 120
10 172
70 124
53 171
42 143
71 139
170 124
182 170
56 141
76 57
174 127
136 56
98 113
54 55
163 114
3 81
135 157
65 75
108 104
141 24
150 29
125 52
102 143
179 113
162 175
31 192
67 145
91 73
58 78
53 98
187 54
42 26
114 88
39 152
73 27
140 113
1 89
89 128
133 12
17 66
68 22
191 171
102 12
73 190
116 20
48 119
8 117
160 150
150 53
94 139
41 23
35 183
107 121
59 145
167 87
115 65
2 164
76 185
100 9
15 49
123 5
38 14
162 173
53 25
160 110
102 69
190 53
6 172
194 181
2 49
156 16
54 88
178 191
188 14
120 127
73 16
29 161
67 95
78 51
148 120
125 17
178 190
83 57
119 107
167 23
40 13
145 169
105 34
103 29
13 107
15 122
6 21
12 137
53 17
2 179
154 180
5 61
195 173
119 5
76 70
57 70
93 154
47 115
136 83
84 127
153 49
17 49
28 122
145 143
131 93
19 99
168 176
108 121
25 93
153 105
185 6
156 63
15 107
30 158
9 120
42 158
57 145
137 27
58 197
80 26
186 194
123 42
8 189
134 58
131 14
6 115
187 109
158 90
19 70
67 149
125 25
16 140
48 182
151 78
114 25
64 148
19 162
156 138
155 61
61 19
145 154
83 78
84 7
88 148
83 97
81 85
55 17
147 63
105 180
68 155
29 151
84 97
50 97
180 75
18 51
173 27
33 85
125 31
71 16
52 174
47 51
33 74
188 74
137 16
153 131
91 188
49 172
59 107
170 178
195 193
8 156
12 101
152 72
165 48
112 7
56 69
181 12
119 47
93 63
191 57
104 166
98 33
109 182
108 46
98 137
12 122
184 6
174 159
192 64
91 124
92 16
160 191
11 171
146 10
63 33
59 70
117 161
160 168
68 157
173 7
59 58
129 80
76 180
69 38
38 133
77 43
181 148
73 83
123 107
180 155
188 57
119 146
29 40
1 130
115 40
15 40
31 123
157 188
69 16
98 8
35 192
66 34
106 143
177 136
143 142
98 43
158 148
155 85
45 64
17 70
72 139
153 10
168 49
86 153
12 24
77 7
125 86
53 174
53 26
112 91
124 126
128 28
121 86
118 191
142 169
184 140
110 133
93 117
166 96
179 183
133 18
39 134
166 40
88 76
135 13
110 91
98 29
145 142
129 28
192 50
135 152
188 18
60 22
33 145
146 172
70 55
162 44
8 32
31 74
58 110
165 148
80 93
164 96
53 88
170 69
139 11
103 159
119 75
152 163
28 31
191 71
78 164
69 107
139 110
112 92
159 79
82 139
113 99
190 62
161 76
17 33
183 130
41 140
115 191
30 180
108 179
98 44
93 3
184 34
79 190
93 161
195 184
31 40
192 73
194 71
138 111
80 74
165 132
181 43
183 167
68 87
30 169
1 76
169 159
130 132
62 44
180 107
77 41
125 32
116 27
119 144
156 156
16 77
92 102
47 119
194 87
103 65
18 145
55 33
28 76
67 98
152 140
158 51
178 171
42 23
115 189
149 148
39 131
57 195
58 6
110 122
7 17
50 194
105 78
144 154
175 53
165 40
107 34
137 95
93 194
32 56
70 130
160 103
70 16
84 27
26 168
120 125
105 16
59 110
171 153
119 141
76 170
167 97
27 17
109 177
67 128
176 127
52 148
165 75
63 97
180 17
10 155
30 8
6 164
135 52
5 100
150 136
162 63
140 57
101 166
34 75
130 5
104 20
193 49
179 16
160 63
144 177
123 183
150 142
57 119
146 34
63 156
94 64
104 45
6 19
139 53
40 121
79 125
114 148
57 105
33 160
153 130
112 39
43 13
106 186
164 129
181 165
189 72
82 193
171 32
20 34
104 187
52 145
191 49
82 175
138 170
130 59
115 133
54 92
4 191
56 133
189 112
27 88
9 117
192 33
147 34
182 167
10 48
37 142
98 109
27 184
192 94
73 57
50 103
48 65
75 136
98 78
71 125
167 48
73 186
74 170
70 136
28 149
48 14
104 132
71 102
119 55
52 13
132 2
69 124
196 145
122 127
70 139
50 172
131 178
96 162
18 54
64 34
23 51
129 81
9 157
45 139
160 67
92 1
174 104
114 147
192 131
44 53
112 89
175 65
24 118
194 57
138 187
149 101
123 156
151 184
12 192
85 114
181 167
184 23
161 85
66 72
138 93
118 192
93 85
127 38
190 72
5 41
105 142
161 67
143 157
148 109
59 8
36 41
78 189
150 143
39 168
86 60
2 158
78 193
46 167
197 88
65 72
10 86
30 142
74 37
143 144
111 131
46 7
48 83
188 145
17 101
78 52
111 97
43 51
60 195
178 169
195 26
77 81
158 67
193 68
4 88
4 74
104 16
130 175
102 66
30 38
65 45
13 120
77 106
181 105
86 21
115 150
38 108
72 17
44 143
117 195
154 140
139 171
111 7
52 182
28 81
121 42
118 150
2 66
91 114
158 63
157 79
142 103
131 136
131 104
96 159
170 48
14 77
41 171
123 34
139 26
160 41
159 98
163 83
189 88
13 124
82 164
142 156
140 137
173 89
11 61
27 115
121 66
89 165
91 41
139 51
188 132
117 178
143 84
60 6
41 188
177 64
59 121
85 118
160 75
100 21
69 157
71 129
4 69
77 66
70 140
103 35
55 48
29 74
69 96
74 41
170 40
110 137
134 99
125 54
172 192
28 174
39 189
106 104
104 48
10 127
27 6
101 19
54 131
152 20
33 30
118 111
192 169
2 46
192 121
97 74
38 168
42 162
193 191
139 157
130 99
155 159
89 91
173 52
196 88
159 132
168 134
45 128
167 111
7 55
85 46
157 75
176 172
154 52
177 135
155 164
78 121
136 67
181 66
190 128
111 112
162 83
155 21
162 76
186 72
171 164
87 60
10 188
97 124
127 132
79 176
157 159
61 62
91 1
179 3
146 154
186 117
78 149
94 44
22 94
187 112
171 136
60 196
154 8
123 122
143 81
88 98
118 26
32 79
168 17
89 194
100 95
8 23
169 65
97 41
54 33
124 156
68 11
169 152
97 87
83 114
154 11
83 85
194 157
46 171
137 16
73 106
189 73
94 182
134 112
56 73
144 38
5 157
113 51
163 64
142 192
39 192
177 192
120 24
102 190
105 67
194 118
189 34
2 126
150 146
146 146
69 130
8 70
2 64
21 191
46 65
40 1
138 29
147 141
183 193
151 77
7 23
116 66
2 89
75 27
93 196
95 143
195 23
78 53
28 116
12 100
117 146
134 28
182 103
174 163
19 42
119 68
8 151
36 146
127 32
121 79
132 71
49 116
160 59
9 22
142 84
132 10
168 159
47 49
81 97
30 5
17 102
195 189
164 141
19 101
32 21
102 65
128 81
176 155
193 14
28 152
102 88
55 13
123 146
194 155
39 106
189 15
87 59
119 14
132 111
144 155
32 110
4 155
193 23
15 142
85 128
115 19
17 24
77 161
172 3
105 186
84 124
91 94
154 21
112 88
124 161
137 29
150 52
185 23
138 174
91 180
188 128
72 140
153 166
109 121
118 20
124 159
166 55
119 4
185 72
74 57
72 4
1 65
52 128
82 194
161 167
140 81
45 70
48 42
17 150
109 175
154 10
121 30
60 192
58 105
168 164
89 76
119 171
126 54
96 143
192 157
29 193
137 152
134 27
169 162
58 191
78 27
188 62
163 51
65 25
158 87
112 97
62 57
36 45
102 181
121 91
140 118
85 110
143 184
103 84
24 51
117 7
42 134
46 190
41 158
193 30
129 195
47 10
89 125
180 55
159 103
12 125
144 192
105 29
86 52
120 87
89 57
139 25
56 86
179 156
91 3
52 92
179 195
140 51
41 138
81 178
94 88
78 146
138 73
24 14
182 104
106 15
3 182
65 145
38 172
30 183
154 7
196 169
147 8
120 121
8 155
98 41
154 9
120 56
190 20
168 52
187 56
141 51
85 95
123 33
166 44
170 56
105 146
46 79
17 86
168 9
45 127
77 65
34 23
27 51
56 31
143 189
193 5
117 180
21 53
56 120
169 67
149 148
153 99
28 173
129 25
146 41
80 78
52 141
115 191
3 155
158 179
103 175
41 143
2 181
140 14
38 180
62 58
176 101
169 56
137 6
72 155
187 34
13 188
175 114
26 23
40 151
59 81
51 25
115 192
135 35
178 180
156 96
194 193
47 63
126 81
80 194
111 100
75 185
111 127
51 51
189 76
154 33
148 4
40 168
93 86
106 66
56 132
48 103
120 89
38 117
16 151
172 175
83 46
150 135
194 34
91 139
148 125
137 17
165 4
38 131
150 22
176 3
133 124
7 33
77 55
123 108
75 137
169 138
111 108
193 155
1 87
43 90
119 194
59 85
14 78
38 13
165 18
117 5
71 71
95 141
192 160
46 194
118 149
186 3
84 8
161 147
131 175
101 9
104 120
123 8
162 123
163 55
70 43
130 177
42 25
162 107
95 194
132 147
51 172
18 191
41 3
91 126
43 28
12 157
115 15
167 185
145 120
89 127
35 68
96 64
110 97
68 88
110 47
177 62
73 64
107 77
72 137
88 71
116 68
12 23
76 165
6 149
146 30
134 56
154 137
8 157
163 87
124 28
4 12
38 78
108 138
8 60
168 176
53 38
46 173
72 16
163 172
27 74
16 97
180 150
149 31
41 117
14 122
11 120
1 64
54 144
102 71
136 51
24 93
100 111
164 151
39 191
88 147
50 33
134 168
79 96
170 26
62 178
106 163
161 29
64 147
60 157
72 135
99 78
54 53
88 151
180 165
9 47
160 105
176 124
173 5
44 45
68 86
93 1
162 118
95 175
169 109
13 137
36 65
145 137
179 56
151 25
129 124
76 150
145 63
47 76
14 98
105 87
145 171
180 66
29 169
181 138
197 175
102 76
87 10
146 4
135 44
23 93
1 63
27 86
140 106
17 146
74 141
51 47
10 160
67 127
171 51
32 178
55 106
186 33
94 154
33 161
37 178
99 95
108 163
132 148
176 51
81 87
50 10
58 178
182 62
109 178
186 181
88 108
161 77
194 41
74 28
196 90
47 47
173 100
130 147
123 88
40 172
142 195
32 85
90 148
165 26
153 128
154 183
45 138
5 41
132 177
146 174
99 111
60 106
19 102
52 51
176 154
84 85
118 8
18 106
5 98
191 155
57 15
48 126
140 116
127 161
126 193
49 115
151 54
56 158
81 118
77 109
142 14
158 175
120 31
161 172
9 20
139 184
42 117
98 30
127 53
113 108
189 90
14 12
60 158
197 141
154 139
76 15
57 191
102 78
195 34
75 149
91 128
180 142
109 124
40 26
19 169
114 133
150 77
93 70
80 140
162 33
65 42
127 27
178 68
76 125
27 21
98 97
181 168
93 74
161 4
72 66
72 13
49 26
192 5
13 140
74 159
102 142
108 101
194 169
51 27
158 120
171 151
148 134
168 68
121 25
162 119
85 60
127 158
33 81
193 41
35 190
67 117
10 158
154 105
54 37
165 19
191 100
19 108
127 24
86 118
191 16
106 146
163 73
9 23
110 36
179 61
120 157
85 165
94 159
90 52
46 126
75 147
90 149
14 142
193 119
152 18
178 79
59 87
188 29
100 167
188 171
60 125
105 69
75 138
180 128
72 170
60 105
10 117
1 61
109 29
192 173
32 52
192 23
162 70
121 123
179 104
174 36
26 29
34 89
55 131
62 169
120 68
165 70
39 1
152 4
49 37
181 38
166 149
58 60
95 196
39 143
148 100
173 51
174 53
98 110
154 123
138 182
104 157
172 186
77 36
123 93
73 80
146 120
170 153
129 125
129 91
39 110
164 147
134 151
143 106
24 128
86 193
169 48
152 139
100 189
187 77
181 142
133 148
55 148
77 135
62 95
84 23
84 41
132 124
190 73
100 74
109 78
89 185
66 149
113 132
16 67
67 23
137 152
178 170
141 84
77 52
82 74
50 63
138 75
100 124
191 18
154 122
28 49
172 63
5 12
108 55
7 102
95 61
13 160
136 29
193 89
157 45
18 192
169 36
3 91
168 190
95 44
15 28
76 168
181 144
50 51
146 133
31 112
63 42
141 12
174 192
182 61
86 161
73 111
58 143
137 24
115 14
48 180
49 64
29 145
56 123
39 134
171 192
123 32
114 56
189 87
1 126
2 191
77 6
72 104
191 147
77 15
192 183
183 125
94 29
102 52
158 91
3 59
112 43
51 126
153 162
154 186
134 154
41 42
2 81
8 65
19 106
26 123
32 145
54 147
127 159
22 147
154 128
103 33
71 127
135 154
86 155
31 105
119 188
31 38
5 19
161 141
18 87
188 129
14 66
144 36
131 6
28 51
118 112
121 109
110 132
113 137
23 134
116 31
72 134
3 64
196 184
4 81
56 152
70 126
38 46
118 18
159 67
144 55
7 98
162 41
49 154
69 178
113 109
164 139
9 148
73 13
7 59
161 79
144 34
167 20
89 58
72 83
14 120
53 55
164 98
47 55
123 25
175 68
171 123
17 22
192 56
88 107
104 22
152 166
107 163
68 124
96 84
88 9
195 53
154 156
28 103
132 13
75 5
81 96
190 110
136 27
159 164
159 133
146 90
105 76
36 52
138 172
40 133
182 147
17 67
149 103
91 136
75 125
60 160
156 137
82 154
185 3
133 2
180 194
85 57
151 187
43 121
134 100
52 25
161 3
93 87
43 155
120 190
50 48
160 33
147 35
147 103
137 154
86 125
44 38
80 114
55 105
167 162
122 110
76 11
144 122
103 12
108 99
17 23
27 7
72 138
90 180
197 92
141 23
48 81
140 110
166 74
2 193
91 185
166 52
20 134
98 132
62 21
158 52
154 132
175 123
57 164
162 149
170 40
137 22
159 62
27 119
104 148
73 12
49 104
52 97
25 7
153 119
63 101
46 69
122 112
118 194
114 67
58 87
88 82
154 6
178 183
22 138
89 104
118 4
137 43
171 147
9 192
52 143
106 169
124 127
3 63
105 33
142 172
2 155
35 23
104 175
164 174
77 150
45 68
32 74
96 27
189 71
28 100
138 22
195 30
10 47
90 53
186 180
30 33
115 68
147 109
165 133
130 2
178 110
39 80
24 117
81 180
174 28
165 188
8 174
53 16
73 79
145 195
99 105
101 88
63 38
59 88
130 122
187 50
132 12
182 66
104 154
32 29
29 142
193 94
177 68
141 25
25 6
93 160
96 161
53 169
5 55
43 1
95 41
13 159
84 128
77 137
195 141
9 11
49 159
93 14
128 14
125 74
19 39
151 185
178 191
138 53
19 193
31 98
15 140
94 28
118 93
102 20
174 4
44 52
110 158
147 133
8 113
42 159
168 55
196 40
5 180
109 77
77 148
128 10
68 116
31 33
158 95
20 137
153 156
79 15
35 57
158 176
49 34
75 84
22 193
65 73
142 110
87 21
54 97
38 161
82 192
43 4
52 98
180 78
56 87
170 176
189 77
44 16
83 22
18 36
6 167
38 104
41 29
89 154
139 36
10 89
7 64
122 78
188 147
155 91
57 110
108 45
35 62
37 38
158 164
110 109
27 50
160 175
170 89
57 77
130 191
114 137
136 93
101 181
124 20
106 182
167 98
28 168
174 161
1 79
41 39
110 131
98 102
46 77
94 61
179 170
57 17
39 162
194 51
102 14
109 90
24 1
100 134
139 71
54 80
93 69
113 54
110 55
130 109
122 88
152 73
30 196
88 167
10 7
59 62
166 41
159 96
103 136
114 64
9 139
90 187
51 95
33 142
93 149
87 32
5 56
15 23
171 67
47 118
148 98
29 41
60 169
50 70
91 74
111 133
196 165
17 145
87 30
120 158
103 142
113 93
132 176
90 153
67 52
186 77
47 28
182 151
26 34
151 188
42 46
108 137
123 90
28 74
58 7
181 68
30 174
143 120
176 139
77 121
112 131
96 193
62 92
88 194
170 191
77 4
180 61
5 30
154 177
55 38
21 134
130 189
28 24
18 53
3 126
45 129
74 29
51 169
31 153
105 139
12 188
177 136
65 39
140 169
176 18
174 126
129 191
102 6
75 111
107 160
20 35
160 103
149 137
176 1
125 88
97 103
26 171
158 50
194 184
156 186
31 108
168 88
187 72
117 177
110 124
108 15
136 81
155 32
31 194
73 105
183 90
161 164
67 12
73 110
92 182
6 45
39 38
83 143
188 17
122 91
70 154
60 71
42 15
84 21
71 16
28 29
189 143
69 179
82 83
104 12
176 168
171 65
95 176
120 70
92 114
21 2
27 126
72 180
141 136
109 99
13 127
74 84
140 120
109 34
135 56
183 138
66 25
91 125
28 169
39 178
156 180
96 44
184 90
28 28
69 52
100 98
113 193
195 86
176 15
19 32
181 171
10 114
121 20
3 180
32 76
16 7
101 182
137 45
42 138
15 12
2 12
48 7
9 155
49 47
136 13
83 161
4 158
145 121
80 121
57 68
102 13
64 94
27 7
124 122
84 52
38 134
112 136
73 84
41 51
183 144
175 18
185 150
3 193
114 9
97 96
129 63
5 17
30 50
24 136
190 101
163 85
59 56
89 59
110 45
15 158
33 171
13 66
36 71
151 122
52 147
60 62
151 12
185 76
150 21
178 151
98 6
28 99
41 55
77 106
70 42
109 29
168 177
82 194
106 171
24 135
50 106
102 21
149 88
113 88
50 190
110 123
107 172
180 192
24 100
57 141
180 130
26 122
60 103
83 76
47 17
86 45
104 137
64 143
8 171
192 63
155 35
89 11
65 129
19 150
92 138
184 120
53 146
90 194
141 184
60 178
146 173
30 145
170 52
192 189
189 94
120 107
30 181
160 29
51 17
176 141
73 7
63 19
109 131
79 191
76 179
103 36
155 185
47 129
105 157
125 33
132 112
181 147
167 114
77 110
74 82
92 94
109 49
88 127
194 26
175 135
151 119
14 64
50 6
41 170
65 172
88 53
181 61
52 142
78 160
194 23
67 14
47 76
189 107
143 61
76 79
24 91
24 23
92 175
159 187
86 73
194 156
91 92
136 24
14 51
106 29
108 93
86 109
60 69
106 161
130 145
89 126
148 71
72 171
23 125
108 86
127 72
145 146
182 126
74 51
118 65
10 123
194 158
133 170
21 162
144 137
62 6
36 70
27 34
52 90
66 96
86 115
20 135
109 86
91 166
24 55
185 26
122 179
18 138
179 79
148 120
162 75
117 55
32 96
175 141
4 91
39 76
164 175
74 122
144 105
137 75
59 176
52 17
56 72
183 3
183 126
155 158
170 138
109 183
115 163
192 193
2 130
26 32
118 181
9 17
178 165
6 65
53 168
38 161
131 4
38 169
180 180
140 112
14 10
98 124
49 27
24 103
153 20
196 155
50 158
133 15
53 179
185 33
44 43
27 24
133 125
38 106
81 84
176 66
178 166
81 177
92 152
85 59
104 142
168 187
74 18
30 84
190 105
102 67
125 87
134 104
60 72
194 38
62 45
158 165
70 155
29 53
129 158
4 166
74 125
140 6
153 140
96 44
186 5
134 161
165 129
169 19
180 77
41 94
113 56
197 94
7 69
86 107
146 39
52 55
184 152
75 140
169 28
167 161
86 165
153 158
96 42
131 148
135 22
80 114
51 105
31 170
180 141
143 39
85 27
33 159
9 138
19 34
114 145
64 72
50 128
123 158
100 78
146 148
120 88
116 150
173 55
179 1
69 40
140 53
192 34
87 38
51 50
183 194
81 94
133 157
57 134
102 75
5 156
183 183
136 187
137 158
178 18
172 166
115 145
6 10
99 88
121 122
87 56
84 50
105 118
50 182
173 137
167 99
174 190
60 101
115 15
151 78
47 41
16 137
144 135
180 172
119 51
27 28
141 81
119 179
39 105
85 122
37 147
125 28
24 21
123 103
6 148
147 22
156 129
26 13
166 72
35 88
93 162
98 135
180 53
163 67
40 25
174 162
33 143
89 136
119 112
146 51
7 89
121 169
29 39
191 5
123 47
71 7
123 89
62 106
169 38
127 62
178 16
28 130
181 42
121 75
130 101
98 84
52 172
162 43
117 26
187 57
120 42
36 53
39 46
31 76
110 169
164 41
114 68
47 24
11 122
88 7
13 95
137 51
172 126
33 173
122 109
55 16
176 116
190 56
91 70
146 141
112 122
71 64
40 145
175 100
123 120
187 29
147 143
36 68
70 137
31 144
174 40
189 101
173 123
15 42
134 98
90 191
2 69
122 125
75 148
192 132
25 1
165 10
40 46
91 39
139 5
174 189
11 162
120 4
154 101
52 159
118 162
51 52
77 140
60 194
8 149
84 87
158 147
38 158
52 192
41 28
67 147
16 68
134 18
124 42
101 52
156 65
24 135
20 171
103 30
56 74
179 129
176 89
120 51
74 17
147 12
12 155
186 30
189 105
154 86
110 108
155 176
181 197
167 109
169 150
98 97
115 24
12 26
94 161
100 125
67 72
108 119
142 121
67 55
167 151
51 171
33 51
66 46
132 110
99 74
180 76
150 25
181 151
119 170
161 120
93 177
15 13
151 11
197 90
173 141
29 51
144 117
18 190
49 156
109 93
49 77
88 166
139 68
22 1
95 118
80 14
132 122
87 43
171 148
25 182
77 37
193 101
91 102
179 68
36 159
37 76
183 192
56 88
6 151
58 59
83 58
108 177
124 162
150 103
77 179
43 25
167 118
88 165
51 129
9 147
114 50
5 59
65 143
127 60
125 70
52 8
50 28
118 108
101 74
78 25
47 116
142 41
157 54
158 187
164 52
33 170
60 102
147 36
37 104
122 75
183 38
110 159
121 162
37 71
9 135
152 137
151 8
75 35
10 156
90 186
105 183
68 156
41 190
16 178
34 51
192 128
7 100
22 91
39 170
184 181
54 81
171 27
106 176
86 42
29 38
172 191
152 22
176 103
115 195
173 104
161 74
84 49
47 78
129 132
103 31
98 88
171 135
51 116
94 138
83 56
97 62
27 15
172 165
36 21
68 103
67 129
126 192
42 133
75 7
3 89
168 56
95 87
19 109
139 177
183 182
63 23
85 94
85 7
191 24
51 64
65 130
164 84
132 120
106 70
105 144
94 44
130 160
154 85
176 165
74 14
19 87
8 31
146 134
151 52
68 98
10 121
48 115
151 103
73 71
159 74
39 183
27 178
54 142
83 166
82 179
147 87
175 112
102 137
147 90
132 6
8 49
125 50
75 171
56 70
31 104
47 190
88 49
49 158
190 180
114 86
13 192
140 10
179 44
143 173
68 187
86 53
51 115
2 45
89 116
25 95
80 125
193 38
34 67
5 29
150 28
170 187
100 97
15 55
110 31
72 141
150 74
61 173
161 150
86 109
181 183
141 5
33 53
115 165
15 157
153 132
4 182
77 185
194 32
30 95
17 84
40 38
54 96
145 173
145 145
121 156
67 74
24 15
105 30
10 191
74 136
42 14
51 35
89 74
195 49
88 56
63 30
192 68
177 180
91 127
34 22
64 32
58 131
155 41
102 53
12 13
77 174
148 20
87 167
154 9
144 121
176 151
172 104
5 42
18 55
22 51
151 120
62 179
46 168
104 121
74 185
61 104
138 34
169 17
36 108
153 56
166 70
146 8
133 91
179 107
170 54
155 166
4 71
122 180
188 13
169 162
90 192
104 86
99 132
73 7
143 195
108 123
43 143
143 141
120 188
154 12
192 4
172 187
192 118
29 88
155 174
118 29
41 92
68 130
154 188
25 91
84 83
32 104
86 74
24 114
2 83
166 114
121 65
168 11
5 53
64 95
170 127
90 12
58 56
91 76
49 78
123 181
63 74
136 54
104 55
170 111
77 136
188 105
61 23
192 106
45 142
139 54
56 71
188 172
75 42
186 179
73 18
94 175
46 68
158 74
6 53
68 102
183 169
173 90
34 81
119 16
60 191
69 95
188 77
30 79
98 27
146 170
129 136
52 9
33 20
192 180
183 41
101 159
185 35
31 106
158 42
60 73
106 102
105 179
190 184
46 13
3 167
53 13
127 106
135 43
17 55
161 166
60 70
141 14
92 181
110 99
58 57
122 146
123 24
28 21
65 34
4 195
7 151
183 196
50 47
3 128
40 66
91 4
117 147
38 159
75 161
60 74
112 93
119 169
190 160
145 148
143 154
134 22
125 80
74 168
127 103
177 92
149 12
60 81
59 164
153 19
155 186
180 11
187 108
62 93
85 53
155 55
75 50
141 3
99 124
60 193
26 173
20 173
101 139
167 97
67 73
80 77
97 102
128 195
108 91
134 24
195 99
154 187
15 8
17 106
162 87
70 177
69 12
153 31
119 78
149 111
12 79
104 46
11 136
194 176
131 2
124 43
139 159
135 72
57 145
163 29
113 53
59 108
32 195
106 45
11 9
176 126
60 179
11 192
21 193
127 70
181 53
84 154
104 36
60 68
103 30
147 72
174 127
3 158
121 135
78 149
86 126
141 85
18 159
49 160
19 134
90 98
191 52
152 100
102 177
68 52
196 183
31 160
106 172
121 67
196 39
19 138
87 107
113 55
74 169
48 193
97 127
149 4
9 160
50 54
144 35
35 66
137 56
81 74
93 73
98 28
88 60
119 29
145 77
116 67
190 90
147 104
174 6
100 54
55 131
129 93
49 38
67 116
168 63
138 113
74 69
109 136
186 112
30 130
63 91
28 184
155 89
68 105
101 55
31 183
156 96
35 64
136 185
138 134
54 31
160 76
18 177
42 161
108 123
145 55
174 193
140 111
20 178
11 11
122 17
34 77
116 68
127 158
100 188
181 169
67 45
187 119
99 103
113 111
91 182
137 151
152 138
135 37
184 147
16 139
188 49
143 62
132 67
48 63
179 124
172 99
121 141
158 56
181 37
113 194
69 15
119 136
29 153
129 61
56 164
49 129
158 122
88 33
162 41
139 52
75 52
143 188
189 29
165 56
150 72
191 19
143 80
7 31
40 4
72 84
140 3
4 76
11 137
105 154
154 35
35 126
52 10
147 112
36 104
112 110
5 101
179 115
4 127
39 151
68 145
142 10
157 110
53 115
154 90
148 73
150 8
102 147
50 41
153 21
93 163
190 162
31 151
166 148
68 188
176 170
16 80
73 185
138 171
10 141
139 137
99 87
71 105
104 49
6 44
31 66
132 104
69 40
179 17
184 139
80 16
64 130
101 112
29 122
9 88
164 70
97 126
152 17
144 116
176 193
147 41
84 155
191 68
139 159
197 142
127 43
114 63
78 193
1 59
59 141
190 70
49 157
191 26
75 141
56 32
43 94
20 52
8 98
80 50
91 140
75 79
153 6
63 32
106 103
51 125
142 177
141 133
39 182
56 154
18 19
149 25
56 35
143 64
150 9
158 150
123 6
74 64
115 29
150 50
1 62
98 112
29 167
23 6
41 138
113 195
58 148
174 92
37 119
190 4
78 188
133 43
78 163
55 47
134 145
133 92
128 63
75 64
51 152
104 71
1 66
182 5
68 148
100 77
157 174
32 179
175 75
80 28
141 6
123 178
188 53
194 68
124 180
149 98
144 40
36 112
12 8
111 98
106 78
100 189
39 172
135 71
176 139
147 28
156 45
67 56
179 55
159 166
11 10
137 157
18 169
162 129
192 41
133 160
136 84
122 138
36 180
6 165
117 14
41 141
193 91
164 43
49 105
158 60
140 135
73 56
127 136
6 117
143 148
94 180
12 117
136 34
158 88
93 159
100 138
170 126
40 49
166 48
50 160
153 103
182 33
157 178
39 117
86 83
81 27
46 41
133 152
90 51
5 99
149 120
133 109
17 107
82 152
162 67
37 147
8 86
56 165
45 81
116 193
63 73
152 33
71 181
96 138
91 176
109 172
159 192
90 16
179 126
47 128
144 104
170 192
133 44
21 148
190 29
123 136
197 91
2 128
27 10
147 73
183 138
194 53
177 165
131 67
194 165
62 42
32 94
119 43
134 68
56 122
32 20
18 50
31 128
25 130
164 141
89 32
54 134
118 190
158 66
120 168
129 14
171 150
124 127
168 132
14 192
31 64
124 183
11 65
139 3
117 68
148 137
37 120
13 61
74 107
146 72
154 31
165 152
106 54
159 147
33 31
128 132
127 162
44 25
24 113
104 8
41 39
6 33
168 7
104 90
123 27
2 180
174 135
104 182
154 176
29 143
181 150
95 3
163 30
77 57
144 39
54 34
3 12
154 162
12 28
187 191
133 112
65 93
13 126
197 176
180 65
52 180
71 65
63 21
115 193
83 93
88 10
180 75
124 162
59 5
65 34
105 156
41 45
46 83
85 49
174 7
104 186
60 122
61 58
163 115
171 127
109 54
142 105
93 175
118 57
51 179
4 89
147 61
142 104
33 96
62 91
134 71
73 109
187 53
93 92
36 38
19 147
56 37
27 52
5 178
186 34
193 15
14 160
121 138
124 53
71 4
37 68
27 5
157 76
173 54
104 189
170 159
128 61
73 136
76 17
101 155
88 149
150 144
119 138
86 82
20 87
19 176
179 13
194 97
33 112
27 177
108 120
84 126
147 120
112 8
159 95
2 192
4 41
123 44
81 86
5 101
178 168
18 136
157 77
32 112
4 178
185 73
119 107
31 111
176 53
97 31
191 73
101 190
175 115
38 132
41 121
184 91
89 56
14 7
67 39
60 21
69 46
16 78
11 139
155 31
181 13
7 29
193 189
117 163
127 80
38 112
110 54
115 44
36 80
109 132
139 3
113 126
120 53
80 52
19 107
43 118
170 188
64 92
70 179
62 59
42 142
138 58
145 87
182 144
60 8
33 158
35 125
8 159
165 189
75 70
74 139
68 149
177 16
171 6
75 36
5 181
193 118
102 139
168 48
125 41
31 149
135 160
146 137
111 122
70 118
125 34
77 17
109 181
41 142
4 165
57 147
26 15
42 4
50 191
107 78
74 34
19 179
155 184
88 52
76 15
20 145
129 24
127 160
123 170
159 168
77 190
104 158
83 87
135 35
50 36
145 78
165 191
175 113
49 47
164 148
85 164
171 108
57 197
123 26
159 129
188 134
33 167
91 152
84 109
143 146
151 23
31 174
62 8
128 11
110 32
143 185
190 109
149 36
109 87
154 91
137 3
147 75
126 52
153 129
31 167
79 97
119 7
133 178
139 175
6 63
14 106
29 80
100 96
120 156
123 141
17 42
104 7
148 40
132 168
38 71
175 55
15 121
139 28
16 26
3 49
62 130
18 146
150 133
35 104
163 4
181 24
155 163
185 75
163 75
95 161
129 94
121 77
50 131
29 158
182 138
137 188
21 170
48 70
169 178
81 176
163 54
104 122
21 159
155 49
188 73
96 74
185 24
37 125
190 143
188 144
69 120
90 123
154 119
194 70
12 140
75 66
18 179
180 62
158 54
44 44
76 122
10 192
102 168
54 179
106 65
187 105
88 188
161 73
163 132
30 74
7 171
128 71
186 195
51 78
47 103
142 40
194 166
71 154
19 65
16 100
8 19
187 106
175 16
116 16
149 121
61 60
115 54
95 137
66 75
86 191
147 110
167 7
124 38
55 110
92 147
70 88
163 110
158 121
7 55
82 85
122 77
177 191
71 107
194 173
140 93
53 16
163 133
51 16
60 166
106 49
89 149
180 151
180 124
83 142
43 44
4 83
194 159
23 123
26 21
20 138
151 5
18 160
12 96
83 180
71 128
1 90
141 110
26 31
131 102
120 65
88 150
144 52
142 106
197 169
184 92
130 159
179 54
190 112
9 150
166 17
40 42
54 143
122 135
76 111
155 33
92 188
75 71
138 176
47 54
136 55
44 51
68 98
186 105
41 46
175 12
197 165
174 166
73 85
70 52
107 91
88 103
185 36
29 77
114 131
74 4
162 139
181 41
191 68
74 190
38 184
90 82
28 119
21 152
99 99
158 89
102 145
102 19
147 72
153 123
157 97
42 155
171 52
158 59
177 183
53 14
111 101
40 143
80 97
121 4
95 33
59 89
59 74
149 8
192 107
62 156
72 86
32 158
169 166
92 176
49 83
6 59
32 54
192 183
103 90
77 180
8 102
35 189
140 119
58 8
130 91
93 193
187 193
139 56
170 175
190 183
102 169
149 5
17 35
168 8
188 72
82 46
117 165
93 11
45 126
32 177
95 138
164 99
162 122
179 15
6 49
116 42
159 64
12 97
180 41
123 17
162 141
181 182
182 56
80 12
158 43
173 102
122 156
86 124
152 103
15 110
79 26
157 50
2 41
134 111
99 84
13 6
114 29
158 86
135 18
156 190
138 173
133 17
141 52
177 141
75 54
180 156
55 77
195 119
8 69
184 117
7 41
162 172
150 73
103 69
167 189
133 4
163 60
164 105
20 160
135 166
111 138
192 162
76 169
29 81
63 72
127 28
48 78
89 129
38 162
81 143
189 74
94 163
180 143
175 188
98 27
101 111
103 133
9 171
75 135
105 159
179 165
67 93
162 106
52 6
118 164
30 178
62 56
43 119
146 12
68 56
107 97
92 154
1 91
33 98
13 8
16 152
106 31
134 23
83 139
176 110
155 60
16 141
130 6
130 4
70 134
188 63
192 172
49 6
111 104
32 35
91 16
144 37
116 41
89 139
155 183
110 29
177 182
92 11
195 23
58 119
83 21
152 12
37 128
163 130
85 56
48 183
153 35
113 98
119 87
194 55
5 12
11 140
62 41
107 12
143 145
7 86
145 192
14 52
11 138
82 163
168 67
110 35
174 51
78 190
147 37
183 170
2 79
72 178
79 57
15 156
51 98
66 186
182 130
131 100
119 135
191 118
112 40
164 152
105 148
32 194
123 125
18 149
93 138
4 61
107 183
39 112
3 79
77 40
16 69
102 148
125 73
24 16
72 154
105 136
162 174
102 187
135 58
67 118
61 160
72 87
31 81
88 81
119 195
49 65
190 88
172 5
25 99
85 124
37 158
53 171
139 135
172 68
133 5
70 107
92 141
35 53
54 89
179 18
188 55
7 117
6 33
91 104
162 40
86 194
72 65
43 42
161 84
182 3
47 50
179 57
37 66
27 38
161 133
24 13
30 153
179 191
177 63
76 64
96 41
6 41
60 5
118 144
51 32
10 125
7 88
102 179
18 179
3 43
138 92
103 144
13 8
165 146
21 3
125 103
138 83
85 93
146 71
190 13
141 83
56 85
195 157
154 130
108 98
57 143
162 147
142 81
178 114
102 187
147 74
71 69
42 38
133 104
114 27
128 59
49 32
110 34
105 77
6 69
190 64
27 181
100 186
121 19
80 143
171 55
55 141
127 33
42 27
197 87
91 98
38 134
118 54
46 8
110 111
177 90
169 37
122 182
188 61
192 90
138 37
110 161
28 179
74 108
103 32
29 172
88 11
77 189
28 86
62 60
40 69
123 162
143 85
188 130
188 15
105 35
41 168
81 28
32 80
95 114
168 28
30 9
151 185
138 169
36 57
5 32
102 183
133 124
47 48
196 156
149 89
116 28
163 1
101 5
174 78
87 127
91 31
146 121
126 134
110 88
91 41
100 113
15 120
3 87
54 90
51 90
185 34
38 121
88 100
70 46
191 128
169 160
173 39
65 23
27 53
156 130
48 194
127 51
82 93
22 188
30 51
22 135
30 87
174 31
50 130
190 34
170 132
22 93
76 159
193 98
45 26
57 123
137 67
40 117
147 4
121 17
190 30
72 139
90 13
145 125
70 141
55 31
174 55
177 139
152 119
178 193
89 14
16 70
138 185
97 88
14 157
152 121
24 56
135 75
35 67
62 158
102 76
91 72
171 152
88 13
91 100
125 79
161 86
130 110
89 15
28 84
17 41
96 33
142 112
27 49
144 61
5 21
19 173
152 21
49 28
155 66
170 28
74 134
168 27
27 113
172 67
76 55
76 177
52 191
156 48
9 121
161 1
21 150
59 72
172 27
167 52
146 55
49 77
40 11
64 145
121 18
106 190
6 75
118 110
181 25
25 105
31 143
129 160
139 6
76 14
32 98
180 153
10 157
56 168
130 120
148 12
163 44
40 92
72 102
46 25
28 21
27 172
191 132
89 15
52 127
36 12
159 63
48 41
20 66
48 6
178 11
144 51
159 97
116 63
156 61
189 61
123 7
75 135
45 141
45 83
114 28
140 58
150 55
191 146
124 121
166 190
124 125
84 11
13 156
119 46
130 162
155 59
154 178
123 104
95 27
121 88
30 179
144 193
78 194
131 75
107 123
30 41
22 137
17 179
130 193
10 88
8 99
165 24
132 146
151 24
14 96
15 53
126 133
29 30
149 133
62 5
36 158
194 191
20 187
177 65
192 86
2 195
61 168
10 159
82 143
57 144
107 98
72 71
91 115
72 68
52 8
162 73
132 109
67 94
186 193
170 88
171 56
173 91
141 53
130 126
162 105
112 9
6 150
95 152
82 87
75 150
196 173
164 40
118 163
139 92
118 188
129 122
69 88
125 19
83 140
121 121
54 160
191 184
120 86
73 108
170 161
177 151
64 32
156 188
169 18
126 38
147 71
154 121
40 70
41 192
176 125
166 146
121 125
20 147
5 20
100 109
145 64
112 38
88 99
15 61
5 61
123 177
143 176
121 120
17 32
171 48
181 130
73 30
79 94
86 152
69 181
193 100
183 24
30 96
83 177
100 99
98 99
37 152
13 109
135 158
23 122
39 120
74 79
82 43
40 14
86 49
7 175
77 191
131 145
39 77
182 44
87 39
141 177
136 45
97 27
134 112
72 103
138 110
179 53
43 91
142 154
32 67
88 50
140 95
89 71
99 85
76 141
105 84
37 44
107 159
6 56
37 126
137 85
165 98
37 78
191 144
110 8
32 51
124 106
90 182
33 34
36 69
107 158
128 189
55 152
116 18
176 137
166 100
133 175
30 81
77 80
65 173
179 75
23 130
121 70
153 183
104 53
140 24
27 101
113 10
49 104
163 32
67 42
10 116
32 193
144 169
24 54
47 172
89 114
78 122
30 182
162 121
168 166
46 76
135 70
92 71
45 25
10 171
121 93
68 84
70 119
26 22
108 122
68 46
49 80
167 187
101 137
70 40
138 67
123 88
40 52
95 27
46 44
18 70
63 160
92 178
186 121
37 162
160 76
187 107
162 140
78 24
29 5
107 76
95 151
2 11
67 96
165 187
39 3
114 146
168 26
50 43
184 183
163 59
168 65
6 66
194 166
14 95
104 9
9 19
176 92
41 25
191 53
45 77
139 13
162 61
103 183
155 64
187 33
103 138
61 106
49 169
33 76
151 123
50 33
36 79
191 143
139 75
11 13
132 69
138 84
98 139
194 49
36 54
144 194
85 107
47 30
83 24
15 137
13 127
69 11
85 127
78 17
59 193
28 177
57 158
105 29
30 7
22 134
77 125
104 134
22 152
55 54
4 66
34 111
164 149
120 135
197 167
74 160
18 176
121 28
143 103
43 152
184 143
191 15
106 160
44 50
159 131
137 4
63 96
154 179
192 57
189 147
14 100
117 181
166 49
93 151
119 93
130 146
5 45
147 78
19 145
109 176
36 105
58 80
128 74
70 13
108 32
125 108
21 187
1 157
94 31
172 163
164 133
6 114
47 29
142 193
39 104
24 119
62 177
176 188
26 30
19 189
28 126
72 168
158 167
109 104
80 124
65 170
52 168
81 78
50 42
89 49
185 121
95 84
71 5
48 170
169 149
102 54
56 80
107 36
186 6
161 110
147 6
160 187
192 61
145 90
104 47
139 27
174 18
146 6
102 84
30 94
31 79
32 172
39 158
120 181
74 162
106 142
175 66
16 28
125 72
121 146
71 84
29 179
86 70
87 76
16 150
154 16
14 188
84 25
86 46
77 79
29 182
38 147
190 156
170 86
174 98
197 177
37 118
16 79
181 35
32 30
146 157
32 22
93 148
106 55
136 53
133 122
122 108
100 126
5 18
72 108
60 165
71 179
53 92
108 29
3 71
151 4
39 126
61 156
44 42
94 177
58 176
15 162
106 162
195 52
192 105
132 4
9 137
35 188
121 170
28 30
8 191
42 16
32 29
139 95
172 165
88 37
188 110
196 92
84 10
163 103
159 109
83 41
180 67
109 88
16 65
106 148
35 182
100 127
18 24
67 190
176 123
144 133
115 38
41 120
1 83
124 120
24 6
154 99
89 37
30 10
32 55
16 22
112 133
108 75
147 39
165 23
3 66
106 48
8 175
90 154
18 148
29 81
157 85
68 107
183 23
83 83
163 70
184 118
7 66
148 36
53 152
195 101
187 51
2 130
58 81
150 49
168 111
76 27
179 41
35 179
147 88
82 45
133 94
136 184
74 106
87 40
17 176
141 26
42 24
131 71
154 174
144 141
118 91
145 34
4 53
145 76
67 130
171 138
28 172
121 112
148 133
41 162
191 160
183 195
80 11
60 177
18 151
104 159
148 28
165 96
12 171
189 173
14 110
195 100
120 112
103 52
32 167
169 161
55 17
27 40
195 120
36 39
124 108
14 49
194 73
28 167
38 142
179 42
117 150
119 125
32 108
195 31
162 148
147 25
135 51
179 114
172 123
173 55
90 150
53 157
183 152
121 5
33 23
105 133
116 195
58 177
70 69
162 117
100 5
119 26
157 87
102 70
190 3
160 31
190 97
105 158
27 183
168 23
39 107
36 142
28 179
91 167
30 192
97 104
176 4
123 181
52 48
44 45
55 143
104 6
77 13
62 7
26 4
111 86
126 135
128 40
175 39
158 166
23 129
74 12
70 53
115 50
72 15
163 119
59 125
119 190
173 164
190 86
79 95
124 17
44 46
108 16
56 78
82 42
171 111
97 29
93 114
62 131
169 151
181 140
8 63
140 187
141 113
155 21
60 56
89 13
109 125
17 36
188 112
87 71
192 155
124 44
74 43
48 15
167 159
146 4
144 143
192 184
180 154
51 37
186 18
104 183
143 187
158 192
94 114
19 86
30 30
113 138
43 40
15 67
44 69
27 122
51 106
54 91
9 13
13 125
88 30
10 87
10 137
21 145
130 103
38 151
105 132
95 179
83 152
119 30
119 145
46 42
134 110
25 115
96 43
91 42
6 74
103 22
37 117
100 136
124 179
77 159
106 13
45 125
67 53
15 41
112 99
93 150
134 177
13 157
18 65
104 5
101 102
90 69
20 32
29 10
20 55
53 36
37 14
116 38
114 65
88 42
90 42
39 66
60 176
120 145
85 21
9 90
59 147
15 155
110 163
5 191
115 188
2 178
31 31
101 78
31 127
114 69
61 21
31 67
54 156
57 193
132 175
108 57
64 101
123 105
42 151
127 81
71 177
98 136
48 181
87 169
108 36
41 49
113 131
104 167
28 23
127 74
6 17
31 34
74 111
51 104
69 154
122 47
55 146
55 134
57 146
41 169
115 16
62 61
88 110
24 124
47 117
46 63
102 132
33 32
124 39
114 30
77 186
86 166
134 178
83 175
126 50
38 76
102 90
8 101
65 32
131 98
106 68
109 180
61 170
89 30
113 133
28 115
126 28
82 114
123 145
117 29
12 191
100 168
15 159
73 5
18 96
18 137
130 102
42 141
124 160
24 137
52 88
123 91
124 93
80 76
81 114
75 146
120 54
127 34
23 57
56 167
9 149
36 144
32 86
89 31
84 122
41 154
31 177
71 13
72 27
125 127
55 107
105 135
37 155
113 122
91 169
73 187
62 129
73 35
64 30
128 12
3 9
68 154
102 167
78 174
56 196
28 33
39 147
74 171
112 42
73 81
118 55
66 41
25 4
22 95
98 31
3 164
1 127
26 126
28 117
106 67
119 177
62 96
106 147
7 54
66 21
130 190
134 15
132 167
80 123
104 19
87 110
87 69
14 99
32 62
73 168
25 94
50 25
57 153
19 187
88 124
34 104
67 13
60 77
132 178
51 88
125 120
114 150
40 68
70 45
30 177
101 175
108 33
128 72
16 6
52 126
37 80
68 92
117 182
130 194
9 49
68 13
46 66
37 112
101 176
55 49
78 179
37 127
99 86
116 30
59 105
8 100
52 38
18 162
103 67
126 34
12 98
110 86
9 18
15 80
130 94
89 53
77 139
97 85
57 16
123 160
27 99
123 43
16 42
72 169
56 143
126 31
2 76
130 104
12 174
43 138
5 9
114 87
135 27
90 49
8 114
33 33
1 80
117 20
58 146
65 21
52 183
68 144
72 18
6 116
113 136
28 104
62 23
38 110
117 6
36 161
35 108
108 100
72 88
105 178
86 163
86 7
17 19
26 184
78 150
93 75
17 40
98 42
67 97
24 122
21 22
6 171
34 57
3 76
65 132
52 36
36 14
101 183
64 104
90 91
41 155
105 32
14 13
20 162
49 118
108 49
70 156
69 83
53 170
128 41
114 189
59 123
2 43
17 65
42 17
54 146
29 177
126 190
10 162
92 177
53 118
97 33
117 145
130 136
31 184
96 78
81 194
108 103
54 141
25 101
7 61
97 64
105 65
2 44
97 177
120 64
90 147
50 95
84 115
20 53
75 67
10 46
87 25
2 70
121 127
28 113
52 119
100 52
133 151
51 131
42 1
68 147
6 60
41 38
91 69
107 118
122 43
21 138
110 93
86 27
56 119
33 94
46 30
81 181
58 134
89 152
108 170
49 55
110 9
67 119
39 11
85 152
34 65
119 25
99 97
82 117
1 158
50 55
92 185
87 23
134 29
61 8
26 182
119 178
116 52
3 156
122 44
50 156
40 53
30 184
37 189
47 65
76 190
104 118
34 62
33 169
37 192
103 55
76 42
105 49
9 136
103 134
14 79
73 141
88 12
134 42
77 187
97 98
23 147
25 113
84 117
46 170
119 65
56 121
131 73
88 154
53 141
81 189
93 91
77 141
80 139
104 31
97 99
91 40
15 6
95 193
122 183
133 16
65 171
59 168
86 12
123 137
18 32
78 28
63 46
49 70
56 193
78 165
19 36
39 154
68 17
87 41
106 187
38 178
45 17
100 19
102 146
60 164
114 31
67 126
8 192
13 162
102 5
93 152
50 7
123 92
124 177
60 121
79 17
28 105
32 33
3 41
36 76
77 163
48 53
75 51
122 42
9 43
14 97
51 173
31 30
105 160
10 189
122 8
78 125
51 14
8 162
124 50
134 109
93 93
102 74
112 108
96 75
95 2
128 162
133 153
40 161
51 28
133 145
21 5
106 12
88 74
36 192
102 16
20 69
122 122
112 86
75 57
118 16
30 86
12 11
21 6
77 111
8 41
30 124
5 194
130 98
50 76
100 6
14 138
127 59
96 182
16 110
40 93
74 161
47 127
100 166
80 141
14 9
49 119
48 167
103 190
109 169
110 49
104 15
82 166
39 184
108 169
89 33
47 83
101 177
54 182
128 160
41 134
70 128
75 68
3 178
90 104
134 14
34 66
65 128
28 182
76 50
48 44
110 110
70 116
101 132
38 188
129 189
57 121
121 7
102 15
103 146
118 52
29 76
43 117
124 54
120 75
20 19
51 194
94 193
133 98
127 54
47 70
96 88
85 42
86 108
134 57
110 46
118 24
93 195
9 188
108 158
8 59
53 28
84 166
116 26
10 175
114 149
56 197
27 75
77 5
14 50
105 155
18 84
123 169
101 156
111 88
80 115
20 65
43 55
17 53
76 16
116 43
88 75
121 171
18 42
45 30
95 29
110 57
133 166
53 119
69 177
132 145
56 156
12 61
87 164
101 109
107 49
12 78
132 170
18 189
90 84
75 139
56 131
120 90
82 118
117 190
72 105
84 12
102 55
15 51
3 191
58 68
77 176
34 80
113 52
25 184
86 71
19 110
119 91
88 70
27 39
109 97
23 145
14 55
1 128
123 86
60 20
94 143
38 80
108 87
75 40
2 42
69 98
44 83
88 192
92 74
94 41
131 12
21 172
125 43
116 55
117 31
75 37
95 195
5 167
127 189
20 57
27 180
104 176
50 78
119 67
89 100
119 176
68 106
31 125
118 107
9 125
88 153
100 190
133 93
26 24
123 138
122 76
121 26
43 93
104 168
83 141
52 190
48 49
12 120
110 127
24 4
89 98
126 136
49 10
9 41
10 45
36 67
94 118
72 29
36 77
64 102
60 156
106 158
18 134
116 25
47 6
25 92
132 166
92 69
87 11
64 168
82 161
24 105
75 165
33 174
81 93
29 195
8 190
83 27
36 111
58 77
102 22
134 103
132 73
49 63
124 92
44 40
101 180
16 64
51 174
40 170
120 138
24 101
6 61
56 169
124 123
1 88
104 54
130 148
115 17
74 15
72 30
86 117
104 52
16 27
65 188
72 106
11 64
49 179
128 158
116 188
66 93
93 115
109 102
90 50
60 119
40 90
51 89
75 34
101 179
32 89
2 59
133 102
93 15
1 156
107 122
128 24
97 63
69 54
63 93
52 152
126 24
7 71
89 142
84 123
40 144
34 20
94 140
99 5
94 42
58 106
114 7
23 138
75 159
77 188
94 33
133 158
28 32
25 17
108 13
110 33
29 196
114 138
40 132
87 84
96 142
16 25
61 169
98 126
108 183
55 109
90 33
130 60
30 88
73 139
121 8
94 1
24 24
82 181
68 93
113 40
121 27
68 146
6 147
130 161
29 194
113 110
93 88
94 141
50 115
80 15
41 1
46 64
83 94
120 79
21 87
54 133
4 80
26 178
14 127
104 13
62 128
93 76
18 150
65 96
54 183
86 116
131 92
119 28
119 70
134 101
106 118
112 87
6 98
85 97
15 65
37 121
111 93
87 33
28 129
130 178
95 180
102 159
17 109
42 132
82 41
21 1
81 25
93 62
97 61
27 33
88 170
127 63
42 160
48 172
59 167
48 13
38 66
95 149
64 132
24 17
89 60
110 135
8 66
19 40
102 189
64 128
7 113
50 154
127 107
29 184
54 17
22 190
51 55
37 188
7 149
88 69
125 78
62 132
29 159
87 81
32 142
115 26
91 2
115 20
6 174
35 181
110 162
90 185
132 91
90 136
54 132
17 25
92 186
132 14
90 74
64 146
4 90
128 78
39 111
17 51
32 78
73 171
86 72
29 49
8 125
83 155
76 30
69 56
59 146
9 12
30 76
72 85
4 180
3 73
93 12
118 189
34 79
13 101
105 190
91 149
115 55
58 74
75 53
1 82
84 152
119 66
12 95
135 24
12 175
20 179
36 178
124 41
86 43
90 30
60 197
31 96
134 13
65 30
110 136
22 92
112 127
93 118
122 181
114 44
24 116
47 25
125 38
21 19
51 119
43 2
61 56
82 76
43 153
28 53
5 71
130 100
123 87
102 77
57 169
80 142
96 77
100 22
2 61
31 169
66 23
109 45
28 118
120 93
61 5
21 21
14 191
57 81
64 173
58 141
55 53
76 124
69 44
59 119
95 116
16 142
14 162
108 34
68 120
100 187
6 100
91 91
90 124
100 133
8 29
40 134
96 61
110 102
51 76
63 31
31 145
98 95
79 13
86 50
8 172
111 136
105 71
100 137
109 91
34 78
35 191
51 65
129 9
52 96
6 64
44 55
109 123
63 44
36 43
131 68
71 106
8 147
33 62
56 125
39 181
117 179
53 156
38 170
110 171
52 47
94 196
21 147
5 102
14 8
101 186
4 56
28 123
121 31
90 11
115 42
3 45
58 132
71 88
5 179
46 17
17 97
51 36
16 24
108 118
6 12
113 38
33 35
8 33
2 74
6 46
16 106
104 169
66 32
70 38
96 141
88 40
118 68
123 20
18 147
41 189
100 75
119 8
107 75
52 193
86 110
69 180
11 62
13 97
17 87
106 175
85 41
3 61
127 104
102 134
42 92
28 5
117 8
94 152
52 129
36 184
52 169
131 72
93 180
105 137
92 4
132 75
92 99
118 178
97 84
50 83
129 92
134 26
131 70
20 33
60 104
119 45
125 20
82 115
2 167
76 71
69 13
17 100
54 38
108 171
100 105
88 185
81 26
31 196
89 115
128 136
96 175
88 101
7 76
77 82
74 16
101 103
63 157
11 8
69 116
28 41
24 138
125 24
89 118
122 106
91 137
100 20
118 148
125 71
12 127
17 98
129 26
39 109
61 172
122 4
119 147
52 144
39 78
46 14
21 169
64 38
35 184
48 55
114 195
78 147
33 79
5 74
67 15
10 43
28 88
112 44
91 75
47 167
96 160
89 42
26 130
65 22
62 170
115 161
9 162
63 173
77 84
31 171
69 42
15 136
73 107
3 72
109 158
48 68
52 156
90 138
48 190
119 181
82 78
40 158
26 33
36 182
111 102
80 24
10 161
6 76
40 12
97 78
87 12
95 182
24 5
82 189
48 17
76 148
30 126
95 88
124 88
82 191
78 176
88 104
121 136
18 97
132 98
129 162
48 9
21 149
26 169
56 110
54 181
48 51
82 190
8 30
42 13
30 122
131 94
17 85
56 192
39 144
126 194
14 11
8 61
70 71
97 44
127 191
13 108
40 155
119 76
24 22
132 11
52 179
134 146
122 107
116 65
65 147
25 21
16 177