31 122
125 42
111 122
112 41
54 92
75 190
37 104
121 18
60 191
181 25
75 168
3 182
133 161
123 120
105 180
114 28
70 13
32 193
95 44
52 148
6 41
138 67
164 70
130 59
161 141
5 54
22 93
51 115
43 17
52 145
139 28
136 157
178 192
156 45
50 28
83 21
56 32
23 6
181 24
49 31
196 41
194 156
15 100
131 6
53 155
133 125
49 126
177 116
69 14
175 61
58 107
73 109
5 55
104 88
18 138
121 69
86 191
121 17
150 137
10 113
39 39
187 120
159 129
77 17
60 19
60 169
82 43
179 182
184 183
31 107
59 5
98 77
133 94
62 179
143 142
99 88
62 42
138 84
51 116
87 7
150 73
146 55
59 143
139 171
163 120
132 67
31 104
161 133
182 44
56 166
138 92
107 169
165 40
54 142
116 20
191 180
47 51
134 71
100 126
48 171
55 31
67 56
190 56
55 51
58 143
15 53
120 107
31 172
39 131
84 25
151 120
61 168
72 134
3 43
66 25
95 141
163 48
161 33
76 179
177 182
113 109
65 187
183 43
51 183
142 173
176 3
191 18
38 168
124 38
33 74
130 111
154 12
191 53
51 10
97 105
103 136
85 53
101 104
50 131
128 11
178 5
89 92
8 191
193 26
151 50
22 187
170 52
131 100
89 13
51 13
13 61
67 38
102 76
124 182
9 20
145 143
87 27
89 81
54 159
102 154
24 53
11 127
162 122
74 66
35 107
28 153
69 157
176 18
54 152
30 87
124 43
21 152
12 114
91 139
60 103
118 109
87 24
74 163
124 20
27 126
52 13
193 155
188 74
164 54
35 64
81 87
152 34
76 34
40 159
35 188
27 40
117 7
191 118
57 85
39 125
92 152
139 13
148 71
30 49
174 127
119 57
103 36
95 150
29 122
133 5
151 185
124 44
25 95
82 164
158 103
91 152
38 104
95 147
74 169
68 85
6 29
123 122
104 7
184 118
135 13
133 4
169 152
135 160
47 194
177 137
8 160
77 50
160 133
83 24
80 189
108 98
28 171
104 9
161 85
170 164
153 132
93 160
3 66
115 54
130 189
189 107
64 143
92 180
112 43
78 27
163 130
88 187
33 173
165 146
123 156
153 156
127 43
144 106
27 125
68 155
162 33
188 73
54 98
74 134
190 70
7 147
180 140
6 148
100 113
185 25
67 55
7 87
164 140
24 103
76 171
117 146
74 69
89 138
54 89
105 142
176 125
137 16
174 163
104 46
72 28
166 96
152 31
118 144
70 53
87 39
72 180
160 172
5 48
197 87
17 20
15 61
73 55
53 146
103 154
98 109
176 53
26 23
162 139
193 2
161 108
75 36
111 138
70 54
72 104
18 55
20 152
101 157
19 138
24 118
110 47
35 188
122 108
56 160
29 51
30 98
43 151
137 151
30 79
146 7
119 86
80 12
35 128
74 162
62 62
196 90
134 145
9 171
53 38
193 68
140 27
47 28
123 17
55 160
44 143
163 132
30 81
83 142
60 125
161 74
93 194
132 148
46 9
55 106
6 166
18 151
52 6
61 171
4 9
169 166
195 31
26 10
183 179
168 164
179 112
12 100
45 129
83 143
23 93
156 132
67 129
126 191
18 23
18 148
70 42
113 195
34 105
36 128
95 115
159 63
143 83
176 51
106 157
179 156
127 106
99 105
31 32
192 2
149 28
5 193
66 46
164 152
160 41
47 172
179 75
20 56
182 53
95 62
157 180
174 189
24 113
12 122
140 92
175 18
18 70
89 141
2 191
112 93
179 13
55 148
137 79
57 160
191 64
33 57
154 137
136 42
13 159
49 38
42 162
105 146
17 55
31 149
143 41
39 183
94 163
73 190
54 31
181 130
36 38
53 172
46 10
52 191
8 62
16 151
50 43
22 91
4 76
123 146
67 42
86 191
8 189
116 24
40 41
36 46
98 111
29 144
67 125
103 132
7 29
31 110
172 101
133 122
17 107
115 190
141 110
98 134
39 118
91 32
124 108
149 78
43 91
75 138
163 54
77 108
150 55
155 162
113 127
148 143
134 111
10 117
165 7
48 15
159 74
183 43
169 38
45 29
28 167
49 152
148 134
69 15
191 144
184 121
90 52
112 103
51 172
53 157
178 170
127 33
76 150
133 18
118 110
147 36
75 69
152 71
154 132
48 65
182 126
121 121
72 4
163 83
26 177
115 24
185 3
110 134
93 4
4 12
75 71
155 56
184 23
184 34
130 124
36 39
160 103
52 192
128 43
91 115
102 66
98 7
147 39
27 28
76 52
32 174
89 194
60 106
8 117
60 68
104 182
185 121
37 46
53 55
139 175
126 81
48 169
182 107
82 176
194 162
151 73
29 192
37 11
107 77
91 114
22 135
13 23
183 127
154 119
41 141
105 78
40 146
22 151
174 123
32 195
147 111
4 61
179 167
130 99
68 102
104 36
120 8
14 188
147 75
56 68
50 38
95 87
121 141
27 78
82 44
3 83
102 88
111 101
192 39
41 188
162 61
191 17
4 53
98 8
67 11
112 110
176 151
80 140
190 147
155 140
179 115
140 110
181 147
86 192
143 147
50 190
16 140
77 7
57 17
36 146
191 180
134 166
51 190
134 170
141 136
6 69
50 180
21 158
177 79
113 53
154 122
192 162
127 103
18 135
19 101
119 51
53 143
60 101
6 151
186 72
72 86
166 148
72 136
147 37
150 75
156 138
65 129
158 95
19 97
151 103
176 141
75 163
150 142
149 120
185 74
26 99
18 51
19 98
186 119
91 4
161 168
154 174
56 164
44 28
125 27
171 127
41 190
190 167
182 33
109 124
195 56
82 192
37 40
165 129
15 55
91 70
192 180
88 109
148 28
106 78
157 54
160 173
182 66
108 175
114 52
51 16
144 177
40 55
134 98
108 56
173 54
108 179
111 103
12 26
4 182
162 72
125 19
178 79
172 3
45 77
13 126
14 98
125 103
105 34
141 173
145 39
4 164
138 69
135 51
59 8
118 188
57 13
24 100
191 132
128 40
129 136
2 180
57 105
174 193
39 192
73 12
7 49
141 22
123 19
65 75
57 142
39 79
33 172
142 105
105 36
92 91
18 188
49 34
127 25
196 156
86 165
168 17
20 138
130 5
148 40
92 181
93 92
98 43
34 87
30 96
90 71
52 48
33 20
115 52
125 41
70 124
102 142
61 23
191 15
108 138
128 14
161 75
68 96
38 161
197 145
2 48
117 65
159 133
5 17
83 176
73 57
175 92
67 52
83 75
163 129
77 57
194 165
129 132
1 91
163 63
57 154
74 123
55 54
28 10
150 29
112 97
74 41
115 131
81 178
94 28
152 73
49 159
119 180
182 55
80 14
191 105
37 158
169 67
152 35
158 67
158 99
18 169
120 141
15 63
59 104
68 188
26 113
160 42
17 110
94 64
69 93
149 103
95 31
183 192
27 127
16 77
31 173
169 160
76 165
133 152
40 66
47 27
72 178
120 53
77 189
130 109
119 144
9 45
15 12
113 99
86 161
138 29
110 123
115 191
15 28
3 87
39 170
188 145
151 184
73 83
157 99
52 92
162 122
84 109
130 135
33 89
197 167
104 47
65 39
74 50
87 168
173 53
143 141
159 132
59 87
192 160
47 116
39 42
148 34
132 94
146 176
53 171
47 126
46 78
109 88
192 183
25 1
109 172
21 189
85 7
142 177
7 75
115 31
66 149
78 161
17 146
129 25
91 33
172 166
95 137
12 171
144 122
56 152
30 145
152 119
194 177
38 106
73 106
164 86
105 175
32 106
189 34
8 98
3 158
173 159
110 10
189 161
154 140
60 159
73 64
176 100
9 157
125 74
149 11
48 168
154 33
180 78
76 29
190 88
5 157
10 127
121 79
140 6
145 78
65 23
168 27
54 35
162 75
155 49
91 180
31 153
85 164
83 59
6 10
137 24
154 99
193 15
168 9
150 100
194 71
46 8
66 31
36 105
172 100
58 164
32 35
111 112
73 111
166 20
90 165
53 25
62 156
41 152
184 143
163 75
126 72
125 79
105 12
189 97
71 64
162 117
177 139
164 99
96 27
160 105
38 11
86 81
17 39
117 177
156 187
35 87
183 90
175 193
130 126
2 164
100 54
160 110
153 183
32 161
12 13
93 163
103 52
115 54
182 62
129 126
89 188
34 23
145 171
11 122
188 55
140 111
162 85
180 197
39 151
194 175
109 99
68 130
151 23
123 104
146 90
48 180
113 194
111 131
37 184
76 4
26 172
102 143
132 169
192 169
24 134
33 167
60 179
20 84
163 133
95 138
86 167
168 175
138 157
35 109
175 66
110 8
138 75
119 26
188 72
98 99
154 100
179 128
92 175
106 145
85 155
106 123
160 30
192 118
190 57
155 64
160 74
109 177
52 168
128 61
10 135
145 63
74 107
122 111
91 30
14 80
124 20
107 97
75 44
2 158
48 126
43 4
75 149
192 101
154 85
109 76
106 176
5 59
54 179
177 75
181 13
104 21
40 142
101 89
157 97
112 133
164 52
2 46
191 143
92 104
171 67
56 88
175 127
12 97
189 64
26 168
135 58
172 36
122 156
27 169
22 152
103 33
70 16
119 135
146 122
185 33
114 86
88 98
38 133
72 107
52 115
181 140
120 57
114 56
95 64
28 114
186 105
190 128
73 109
72 181
144 55
131 13
74 165
68 143
107 36
192 57
78 55
36 56
108 124
194 3
16 152
76 174
12 80
33 142
3 193
75 52
58 5
59 195
166 9
46 76
129 125
70 179
13 192
152 17
44 14
84 93
87 170
73 188
105 123
129 61
46 83
180 144
68 104
77 37
92 101
197 92
22 94
120 157
162 59
135 42
161 130
113 193
90 12
58 59
36 11
161 67
175 55
99 132
56 80
119 93
35 178
59 70
35 85
125 126
127 28
140 118
56 194
40 13
106 143
150 50
108 97
8 69
182 104
35 125
167 166
161 1
53 152
184 38
1 81
56 81
38 112
140 113
41 142
33 34
73 30
91 154
58 80
50 43
79 24
167 99
29 151
86 107
137 56
158 88
32 196
155 43
89 69
145 177
48 115
27 38
84 84
32 94
71 6
164 43
118 161
29 158
106 103
168 10
5 22
72 155
51 15
41 29
195 33
158 180
103 32
89 126
31 105
9 137
75 66
13 11
28 81
50 106
91 94
8 175
4 191
138 172
75 171
59 110
93 94
23 130
64 96
141 83
20 173
190 156
181 43
150 145
169 37
192 171
144 193
188 143
39 106
45 126
89 58
71 102
65 143
14 6
176 110
123 45
114 137
31 149
187 191
51 171
115 165
54 152
125 87
151 188
60 81
164 96
169 159
23 129
28 172
90 98
94 139
108 16
34 112
192 193
38 180
1 63
34 67
3 70
137 92
102 14
121 112
40 46
29 38
154 177
124 178
179 61
117 14
83 25
31 124
78 160
87 43
2 192
122 179
105 133
184 35
121 30
101 113
130 191
107 57
10 172
128 63
106 179
156 140
54 96
136 29
102 181
123 5
179 15
179 63
78 194
27 172
71 129
153 140
95 143
195 101
133 121
102 186
119 43
159 130
184 33
147 88
56 165
179 129
116 150
191 145
42 131
50 194
183 152
84 52
37 191
119 170
47 78
123 178
68 84
6 151
86 56
135 52
83 179
11 192
181 107
126 103
109 36
74 123
123 141
136 24
147 54
45 142
111 108
89 138
114 25
196 156
100 9
77 136
17 41
186 182
31 81
150 9
176 99
150 25
89 104
140 117
53 16
18 178
122 162
90 170
173 138
143 177
128 135
180 75
76 14
138 22
150 71
189 128
89 188
120 52
140 57
38 172
142 184
11 11
71 69
155 156
30 50
81 94
142 84
118 163
150 74
83 140
51 27
185 24
76 122
153 52
102 65
39 118
161 172
183 23
3 56
118 190
193 118
138 24
49 64
82 97
85 96
62 92
171 65
174 6
43 53
52 172
60 105
87 60
173 98
141 137
3 180
58 8
31 160
85 128
94 43
88 167
33 98
11 137
120 42
90 83
153 131
16 26
85 57
183 196
103 166
17 86
163 118
138 95
39 1
52 8
176 152
158 50
22 192
91 73
192 68
157 77
194 93
30 8
180 139
64 95
144 40
127 161
23 53
108 181
97 125
125 72
161 130
58 89
104 20
59 56
171 39
88 81
10 156
191 13
86 194
102 19
107 98
130 91
129 59
62 92
78 146
171 164
60 165
176 68
33 51
44 46
11 155
98 124
193 100
65 186
119 171
141 84
188 34
7 69
148 137
10 121
163 64
166 72
168 56
64 106
84 126
127 62
191 26
45 142
27 117
193 121
39 121
130 62
182 57
181 153
14 139
163 67
102 148
50 70
12 23
166 151
149 88
129 195
182 38
76 185
167 87
73 55
35 179
145 145
46 124
167 111
168 111
137 84
76 136
55 110
35 88
39 105
80 121
19 24
131 71
10 140
57 123
100 55
44 41
162 44
121 122
8 88
27 181
26 32
153 158
69 130
118 176
35 182
82 87
84 60
194 90
194 144
182 103
43 155
83 139
86 81
19 34
56 69
132 104
31 39
12 27
136 84
30 33
138 170
18 179
164 4
188 131
123 177
49 153
77 81
36 160
146 194
18 50
4 82
168 65
171 150
128 13
118 192
89 124
125 54
72 83
56 85
100 5
174 104
84 11
194 181
48 103
80 28
104 120
146 169
59 191
53 95
106 142
9 11
83 180
59 86
197 143
17 35
21 134
119 126
142 86
54 32
18 53
172 99
3 63
151 100
194 97
160 31
87 32
8 31
93 72
93 141
113 10
48 191
49 103
40 91
31 65
154 12
139 27
126 193
24 130
26 123
89 74
58 131
98 139
141 51
101 9
151 19
155 185
181 169
123 103
9 117
164 104
133 14
6 70
196 145
47 115
195 161
85 60
71 8
96 74
84 23
113 135
99 74
173 51
180 65
104 183
27 50
118 193
3 53
120 89
186 193
61 106
11 136
60 102
4 66
77 185
181 181
44 49
52 141
47 169
130 6
118 92
42 38
122 93
138 173
36 42
32 85
111 86
82 45
178 63
74 28
1 155
145 121
16 68
43 3
135 18
5 99
170 126
60 168
60 160
103 5
15 25
117 26
85 56
189 94
90 150
173 100
4 166
60 107
164 151
160 42
180 194
111 100
86 53
113 132
98 29
78 122
66 75
48 6
120 171
14 52
62 46
20 66
93 84
121 28
98 8
176 13
89 139
58 57
93 1
76 121
13 124
147 21
168 88
167 189
163 175
52 28
134 104
98 28
117 147
34 76
92 187
67 95
6 53
5 64
131 175
42 161
187 121
59 108
26 13
192 64
119 24
53 17
106 48
80 26
151 77
35 87
50 183
5 56
85 114
187 193
183 195
51 170
158 87
123 146
114 68
52 142
104 48
134 75
64 144
5 29
181 192
195 26
184 142
46 168
97 195
139 22
119 146
11 113
89 58
72 71
179 113
171 175
182 197
97 103
165 25
162 1
172 102
100 111
169 25
187 57
191 24
47 52
2 130
59 81
184 5
123 88
5 155
139 5
93 86
184 141
18 172
139 92
116 190
189 71
103 133
40 172
157 91
90 194
118 182
57 164
79 15
1 65
175 104
152 22
110 104
111 133
142 195
12 125
179 56
18 87
146 76
88 53
43 121
16 136
178 172
135 70
41 118
25 24
82 141
192 86
166 41
157 178
15 156
176 193
31 123
9 160
2 179
127 79
27 10
186 3
173 37
15 8
165 187
190 180
62 59
152 100
145 88
14 64
15 23
163 70
34 21
5 61
3 155
124 158
145 145
102 168
123 127
32 108
127 78
106 15
192 173
44 82
33 104
132 126
24 54
133 12
121 4
123 24
29 161
90 82
160 29
180 90
58 62
69 88
2 126
12 189
170 30
88 191
44 38
72 70
28 24
123 93
140 53
141 28
188 132
136 79
68 24
74 139
107 16
129 28
191 100
80 28
147 89
57 72
176 52
11 127
173 91
104 71
21 161
109 54
20 187
106 104
79 11
2 47
167 17
29 149
72 102
104 49
43 90
150 77
146 34
122 182
133 160
179 106
39 107
58 58
176 101
147 73
110 36
38 38
6 66
193 30
188 57
119 27
74 30
35 192
90 193
52 194
189 110
163 103
194 160
73 13
102 183
196 86
188 49
51 90
94 177
169 48
188 128
156 18
13 158
30 6
134 45
176 92
138 37
132 136
53 13
136 71
168 11
108 14
5 99
37 126
16 141
61 173
53 92
10 11
82 42
13 160
10 171
15 161
144 118
147 113
76 28
103 30
60 157
56 123
11 65
91 141
14 61
134 112
20 193
167 20
55 152
68 38
139 11
47 129
123 28
161 132
105 29
174 5
56 168
100 169
69 40
154 164
121 91
159 62
146 148
83 58
25 103
131 4
2 155
7 48
181 183
62 57
103 142
109 125
120 188
136 52
12 162
104 159
147 125
112 39
6 9
137 17
160 174
108 86
154 7
197 94
55 108
9 113
31 194
52 125
133 124
104 179
146 133
129 126
100 53
15 49
171 134
36 52
7 171
193 41
127 27
27 184
187 51
140 133
130 175
135 167
27 84
75 55
66 143
171 69
197 165
138 71
127 193
108 99
40 25
57 89
171 32
107 160
50 169
145 89
65 38
70 119
126 38
119 194
36 188
24 57
151 56
110 91
38 117
32 110
147 112
57 152
167 186
145 120
157 76
44 42
18 152
189 101
193 86
63 101
84 56
148 4
61 60
119 138
47 53
164 48
104 157
134 58
175 112
108 15
130 133
5 69
156 192
71 124
72 16
107 34
93 154
125 18
40 28
64 103
67 147
127 105
161 77
36 57
64 32
160 140
195 161
13 137
105 159
58 176
72 103
141 82
134 148
119 142
168 86
100 109
98 27
35 86
91 37
178 16
10 126
97 88
146 193
62 91
71 126
19 41
161 103
13 123
164 133
45 83
176 102
160 148
141 52
10 155
27 183
174 28
55 14
176 154
119 14
143 154
135 154
4 155
39 71
126 120
119 137
192 173
103 31
192 167
197 174
13 109
106 148
123 183
98 30
181 26
62 7
100 74
158 90
84 50
86 41
65 93
50 82
6 23
152 188
155 176
154 188
118 53
27 130
161 150
32 169
129 91
187 56
60 74
89 32
79 94
37 142
61 104
77 43
155 180
111 122
85 93
125 25
113 97
131 109
182 151
109 126
180 53
15 42
187 72
99 87
104 65
184 3
30 9
104 189
29 5
32 67
124 161
46 126
147 63
167 97
187 49
131 67
95 178
150 28
90 182
173 36
11 162
6 62
140 133
180 128
109 77
82 194
142 106
192 93
109 181
86 122
86 42
161 85
65 172
41 28
42 4
148 125
180 107
150 143
186 112
169 26
88 49
59 89
110 158
121 93
26 6
90 181
121 86
10 13
81 85
6 56
69 92
187 53
188 13
123 42
147 90
124 106
94 31
175 36
55 131
48 7
197 176
94 159
19 87
164 41
27 88
31 112
93 2
103 183
151 54
68 143
10 6
137 95
21 2
76 79
104 119
97 194
16 97
63 96
170 28
4 74
126 189
177 16
56 132
150 12
74 51
169 56
148 146
143 81
159 187
36 104
20 176
129 81
27 81
179 195
60 5
3 91
180 103
70 138
48 14
113 86
176 137
156 131
101 110
156 48
80 176
123 4
57 197
97 74
27 52
93 114
41 138
185 32
9 150
155 44
49 76
91 123
181 38
110 124
38 12
61 179
134 99
10 49
44 13
102 187
73 84
125 79
38 172
54 47
19 65
115 195
171 192
48 76
115 164
158 121
155 85
13 13
170 138
163 109
160 168
194 193
89 15
86 84
31 128
65 93
50 119
65 42
181 44
41 120
139 173
49 65
105 67
58 177
53 174
148 109
177 62
174 75
168 8
174 141
27 21
28 51
12 188
113 126
185 6
56 78
69 97
75 148
103 159
132 6
176 169
180 142
192 87
134 175
111 110
109 104
155 183
27 41
106 29
92 154
162 106
189 73
73 110
39 120
105 45
57 70
24 6
82 155
93 147
179 54
49 183
13 77
122 120
47 104
171 159
147 100
79 95
91 93
162 123
77 174
42 133
49 69
59 88
181 168
62 38
40 71
194 40
109 75
161 59
179 183
50 160
84 27
149 98
152 4
191 2
98 78
128 133
14 65
30 180
16 70
6 114
59 141
159 79
155 186
3 62
50 126
162 149
134 102
19 107
29 33
73 16
58 87
115 15
195 145
32 98
130 147
187 20
91 136
26 119
36 142
130 2
162 1
114 148
173 135
107 163
41 117
88 82
121 123
91 125
192 191
88 100
75 42
181 61
48 182
21 146
175 75
58 191
5 76
139 35
86 109
170 136
140 22
45 68
112 92
190 111
32 192
160 67
138 51
157 74
85 49
147 51
84 107
177 183
29 161
185 150
191 23
8 32
74 160
195 54
39 76
164 87
181 37
2 12
43 1
6 164
111 97
130 177
58 119
123 6
156 174
42 155
191 134
54 77
136 184
11 66
41 139
93 194
20 135
195 141
73 56
55 50
22 193
47 55
40 29
172 164
193 189
79 97
115 145
26 8
187 33
176 135
19 109
70 181
91 138
152 32
9 155
137 187
161 76
139 113
45 81
16 22
194 191
12 140
67 188
133 100
90 191
42 27
158 110
140 95
183 6
23 55
49 155
92 114
87 42
170 148
74 18
27 103
168 69
5 164
40 143
140 81
146 10
162 147
114 147
28 184
127 80
175 39
13 100
32 80
74 159
62 106
61 158
133 43
20 68
91 3
162 63
126 70
101 178
16 49
77 15
92 188
189 98
64 95
182 61
50 63
121 68
62 97
123 90
120 31
75 121
74 190
26 5
189 112
55 33
91 118
30 151
46 25
98 138
134 154
110 112
169 18
88 150
83 83
31 143
5 156
68 186
152 103
54 80
156 43
175 12
88 60
143 119
116 161
75 65
192 32
27 101
175 37
2 11
40 27
168 132
20 145
131 13
89 49
3 54
74 168
32 178
142 172
30 74
10 11
105 118
158 60
169 109
55 38
49 44
75 125
149 31
13 107
26 4
49 78
51 26
88 84
49 32
120 159
57 87
36 125
171 6
38 147
32 20
36 53
50 158
14 96
192 172
25 182
118 29
181 167
192 53
83 76
180 141
120 127
75 54
145 34
118 54
80 51
126 192
194 51
192 133
14 10
18 145
19 150
47 48
94 175
31 79
189 15
71 16
90 127
38 158
46 82
56 73
195 24
158 43
108 102
179 57
39 188
152 21
152 16
123 181
179 153
94 161
151 187
84 125
99 113
150 146
57 159
17 22
143 157
87 31
77 55
120 157
70 130
132 133
4 127
29 167
182 144
53 14
100 135
177 135
49 106
12 172
57 74
106 144
191 94
15 39
120 168
182 138
177 11
99 104
144 194
68 157
193 191
81 143
142 121
194 87
99 128
163 33
182 105
80 124
182 57
148 90
153 128
38 71
117 193
69 94
197 88
172 191
194 169
171 54
77 110
175 102
4 128
102 139
53 169
167 159
37 158
190 72
94 88
133 112
108 31
74 4
36 145
60 72
19 134
51 170
110 172
146 29
113 56
188 145
113 112
187 108
163 30
112 38
80 116
24 99
182 65
156 91
49 81
186 33
72 141
77 83
192 61
73 190
174 40
37 178
46 65
106 160
109 34
165 152
62 95
86 154
68 86
14 141
72 67
20 51
40 69
120 125
88 102
33 160
49 27
103 12
11 138
88 9
135 67
70 102
76 189
18 145
176 63
123 26
5 20
170 177
138 53
143 86
87 57
46 190
120 135
44 46
68 88
166 17
50 183
36 44
91 170
176 123
186 183
106 69
120 144
120 68
137 161
95 63
5 41
139 74
38 162
194 57
169 86
16 66
20 158
177 170
167 115
125 80
19 32
8 174
65 145
84 153
153 105
119 31
115 14
51 160
38 46
77 65
74 141
78 193
26 21
174 18
1 64
146 30
95 196
28 103
30 5
181 150
67 98
55 105
140 121
137 45
191 171
28 28
105 144
69 52
197 86
42 143
167 100
37 78
195 53
135 160
133 123
43 51
144 136
188 144
94 30
1 76
87 74
35 67
38 14
119 7
119 141
132 168
4 127
17 67
70 39
175 53
73 66
24 13
137 27
95 4
106 49
190 20
108 177
57 195
95 159
163 129
13 28
195 94
45 13
59 85
179 44
75 5
143 39
51 38
84 127
24 15
142 195
43 1
110 55
146 78
49 67
192 189
166 56
10 120
105 156
35 53
183 183
171 137
172 67
178 169
186 32
101 86
73 4
13 159
120 178
91 175
76 13
143 148
115 50
27 105
110 45
62 19
109 90
18 110
121 47
139 169
74 108
49 160
152 137
104 134
74 124
36 71
156 130
190 173
150 141
100 132
153 12
177 68
165 188
59 58
17 36
129 124
77 106
14 190
109 29
31 64
155 166
118 164
84 154
13 80
15 77
26 28
145 55
177 137
110 170
50 193
20 35
192 130
194 70
121 124
10 192
154 9
31 66
156 156
39 4
49 194
50 191
34 108
14 54
34 74
41 172
10 191
39 3
56 38
20 147
85 127
122 91
63 106
195 119
87 107
167 7
35 180
87 22
2 66
125 33
104 8
7 175
42 161
172 63
81 78
50 10
45 76
32 104
32 172
16 139
74 106
145 195
5 98
102 8
185 35
1 74
192 5
188 61
176 15
62 41
94 154
31 142
167 109
178 194
146 120
123 170
68 128
43 25
139 67
122 156
107 158
174 162
184 143
47 128
24 21
104 158
89 137
24 114
195 99
47 106
147 61
142 14
50 51
156 21
108 31
153 49
102 175
104 187
148 29
89 59
68 103
103 65
121 5
42 28
12 77
19 42
90 180
28 126
144 135
75 141
93 69
68 83
149 4
90 13
30 128
78 192
142 41
87 30
19 100
180 141
149 36
173 3
162 138
79 190
76 57
191 132
172 188
183 169
72 15
88 108
138 113
126 122
149 88
109 132
112 136
127 195
67 145
67 16
3 74
152 166
191 119
154 128
164 141
102 6
15 97
76 15
166 20
47 119
6 113
146 157
47 50
191 130
24 93
89 94
93 14
38 184
139 54
188 129
120 70
155 130
134 27
86 125
22 188
140 6
91 104
187 29
7 64
36 56
144 121
176 156
114 88
39 191
18 49
109 122
30 84
169 28
29 78
67 149
137 157
27 115
183 144
189 18
116 40
114 67
86 69
124 181
58 179
52 25
36 66
33 168
136 45
169 162
30 95
70 88
21 23
102 137
123 143
147 25
136 68
131 75
32 77
108 137
171 190
80 13
121 25
96 42
32 56
179 12
60 21
64 147
133 15
69 38
186 5
66 188
180 138
107 175
27 85
141 86
181 138
105 148
24 136
40 1
46 68
138 112
70 136
24 126
142 193
86 82
51 78
40 168
32 51
60 158
44 17
94 44
183 129
77 121
33 95
77 34
47 76
117 163
32 178
139 6
2 10
147 102
85 43
6 72
169 19
178 3
74 55
77 137
88 152
2 49
31 170
92 138
105 136
3 167
76 178
178 189
145 36
184 90
33 81
4 71
28 152
145 87
170 192
58 148
108 124
80 16
21 4
83 78
168 134
164 105
121 146
84 108
143 170
181 36
136 183
151 4
95 176
85 122
36 51
110 123
28 170
52 153
134 28
164 50
161 123
169 132
44 54
17 101
103 90
133 109
72 137
39 180
70 118
28 119
163 115
4 41
110 32
180 53
91 16
147 143
142 154
144 52
38 192
29 193
80 75
92 100
10 88
105 179
175 100
12 25
3 69
19 84
91 165
26 129
187 112
29 142
56 133
63 72
135 22
76 12
94 182
17 32
16 39
4 193
143 80
74 136
61 160
190 15
133 45
168 28
47 24
31 150
104 148
155 34
132 110
143 188
139 51
95 177
104 84
118 112
119 75
86 193
93 13
107 92
146 4
134 23
83 85
194 34
32 194
118 8
28 100
110 133
27 49
97 194
33 144
174 192
29 88
172 163
146 71
183 126
118 111
139 71
192 170
105 30
169 151
92 182
12 117
70 134
31 94
38 132
105 77
155 137
76 8
115 29
75 106
194 158
69 179
119 168
19 193
110 7
124 180
116 27
130 192
15 142
4 64
43 46
41 90
17 21
194 94
171 53
142 110
167 186
106 189
171 28
8 126
70 46
100 111
85 94
188 63
28 99
5 31
41 23
150 8
165 185
119 112
74 29
53 160
118 56
28 74
21 191
168 63
1 75
95 114
130 160
180 61
48 194
43 44
92 71
64 130
156 180
72 82
142 155
83 56
24 119
180 156
150 30
60 73
46 192
194 167
36 70
190 86
177 141
72 154
119 69
153 6
42 134
29 39
86 152
188 130
180 79
176 116
43 13
80 50
166 70
52 130
59 145
40 23
165 132
182 130
95 61
174 137
2 83
22 145
139 29
20 177
111 104
112 40
51 64
121 156
121 168
21 193
64 75
170 176
91 124
67 118
195 157
69 96
120 161
50 31
118 26
178 13
112 90
25 6
163 55
173 164
163 119
135 56
1 87
146 29
21 24
158 175
71 5
120 156
107 54
135 43
190 182
127 38
120 158
83 140
94 4
23 122
78 190
148 73
120 24
77 134
195 50
35 112
10 141
95 85
176 155
192 50
10 7
163 60
88 165
52 127
30 130
186 194
164 103
165 100
120 86
149 146
121 162
39 179
135 37
17 150
122 138
89 102
29 41
27 30
95 33
135 168
129 94
179 170
14 106
71 179
58 169
78 52
30 192
174 126
75 64
129 78
60 178
12 6
40 121
16 137
44 51
182 124
55 36
176 126
8 19
105 88
172 192
141 29
194 121
96 162
151 123
71 7
134 67
167 151
48 41
12 115
4 9
6 11
63 30
179 111
100 96
5 192
21 85
41 4
59 109
177 65
188 168
32 96
36 55
110 159
7 90
73 18
126 195
86 162
129 93
180 18
53 88
65 190
126 52
3 64
98 75
70 44
11 61
160 32
97 41
188 131
106 16
57 14
81 84
145 192
41 162
68 54
4 165
121 30
134 25
105 89
21 51
101 22
174 160
45 26
148 147
180 172
109 92
68 126
102 53
177 165
83 161
194 184
89 149
65 168
49 33
114 64
131 120
141 25
93 16
123 125
8 86
74 8
89 154
155 33
75 136
30 153
56 191
15 62
19 145
31 183
133 168
127 61
59 142
29 143
181 55
15 157
119 18
120 26
155 66
87 10
193 94
89 185
64 105
88 10
62 177
63 91
19 102
19 189
116 42
178 68
183 166
89 128
110 109
27 34
150 113
70 135
39 134
193 90
129 80
125 122
63 22
79 194
143 116
166 40
114 27
92 118
83 181
3 130
16 69
39 77
1 59
139 75
146 172
176 170
21 150
174 135
108 101
171 190
46 169
8 116
161 79
97 124
146 141
94 84
2 128
7 42
189 87
98 44
68 52
14 189
195 33
112 88
182 92
132 135
32 179
27 15
192 49
178 183
71 65
17 152
91 167
97 128
131 14
130 110
172 178
36 180
132 109
65 34
27 182
114 193
2 41
62 5
143 187
77 125
192 41
15 24
3 12
176 141
130 61
154 159
14 192
19 152
114 26
28 31
60 23
135 44
9 120
167 160
147 141
88 41
161 40
101 111
39 143
116 63
11 157
125 88
194 175
158 51
132 112
103 34
145 76
50 65
58 56
8 188
156 65
60 177
24 128
79 191
37 154
144 51
109 31
119 17
192 15
127 159
137 152
99 103
106 56
42 90
95 153
138 182
182 106
88 83
74 34
131 126
149 137
49 36
25 105
169 164
79 50
169 17
162 70
111 98
167 162
108 29
116 67
153 123
133 17
39 158
19 99
145 137
135 170
187 109
58 85
78 54
88 151
127 24
27 76
125 73
148 144
124 42
88 50
158 48
46 6
35 63
29 145
113 134
76 170
186 192
85 95
102 20
108 93
147 52
91 182
20 35
190 105
106 161
129 121
123 34
138 110
60 192
161 105
152 139
180 183
105 183
1 130
120 47
12 116
30 161
183 194
173 166
74 82
72 64
154 139
171 108
191 147
90 129
32 177
46 70
36 40
33 161
139 12
170 132
163 51
9 141
30 97
181 34
170 108
154 188
120 77
51 31
101 134
177 167
60 120
155 174
77 180
156 63
56 105
3 157
37 162
39 162
108 91
157 108
139 58
25 3
72 68
76 64
107 93
105 138
9 88
190 181
134 56
174 53
119 15
131 112
5 23
144 36
169 187
119 19
109 89
58 61
89 71
113 93
179 194
167 98
84 9
148 136
109 175
105 76
123 33
77 190
140 24
179 125
166 42
169 161
8 171
88 8
191 171
144 154
176 139
60 62
180 143
180 151
108 104
144 156
176 112
181 41
155 59
144 146
137 184
66 38
96 137
170 134
136 55
7 23
113 54
78 121
72 28
178 18
7 117
122 77
8 90
54 145
38 155
157 52
177 64
19 39
193 98
83 178
170 191
181 151
190 92
21 55
79 189
41 131
24 115
48 10
155 132
134 74
47 29
190 34
30 52
181 171
132 124
70 107
20 70
117 4
73 79
57 134
62 21
110 56
49 28
175 38
62 45
92 103
31 168
174 161
28 84
139 57
162 172
119 52
166 49
100 124
171 48
32 158
148 98
189 130
11 13
182 56
37 66
52 146
52 180
180 154
180 192
130 112
98 132
55 52
190 94
189 72
24 91
164 129
114 188
27 6
17 70
141 110
192 33
147 87
92 179
127 31
176 1
158 187
99 88
155 35
166 191
1 62
94 180
158 176
56 74
80 143
130 162
29 130
131 91
25 122
43 94
26 15
76 169
121 20
129 14
41 151
100 188
191 128
154 138
190 73
18 52
96 139
23 125
101 154
166 23
84 128
194 23
106 163
15 140
145 124
97 27
127 60
186 195
162 41
171 63
51 6
67 14
119 46
141 133
95 118
70 83
25 117
78 162
110 30
153 119
102 143
40 162
104 121
158 174
28 49
171 5
164 139
56 124
167 23
32 79
59 169
131 104
46 44
178 66
178 168
44 43
164 150
88 71
103 69
92 94
105 69
17 106
143 103
158 87
84 86
139 36
48 183
146 87
26 105
40 13
5 182
96 84
83 74
169 165
45 63
140 135
51 37
120 55
16 80
20 54
118 18
97 196
49 169
3 60
142 104
69 96
50 129
113 42
155 61
74 57
16 23
96 140
46 41
95 117
54 49
50 191
181 35
35 192
16 7
163 87
163 85
22 134
156 137
160 33
21 84
125 17
161 147
16 67
75 150
165 75
161 84
189 130
100 99
65 74
132 134
4 49
93 159
50 41
19 162
67 94
194 159
44 50
27 16
33 96
91 100
119 194
18 187
180 68
173 5
129 120
123 135
96 44
32 57
116 66
20 160
179 181
117 68
161 175
103 29
19 176
50 179
13 122
71 141
57 147
115 69
106 169
149 121
193 89
56 77
149 12
103 137
114 9
119 55
15 158
12 157
78 11
136 53
115 189
153 130
81 27
8 158
29 75
67 190
145 154
82 179
158 176
48 129
10 86
9 127
165 56
103 186
157 174
197 177
93 153
36 65
68 189
101 112
4 129
105 75
62 8
88 166
80 125
194 53
120 146
103 84
177 180
138 134
135 169
130 132
28 38
78 25
29 81
75 147
143 195
101 85
51 103
33 29
40 141
98 99
71 7
148 28
21 160
127 136
58 105
9 17
51 33
55 143
21 170
175 188
179 130
121 24
74 84
134 157
153 129
116 39
190 3
63 73
40 147
25 5
48 70
167 96
78 57
142 112
73 7
162 40
195 141
49 47
155 178
185 36
88 148
27 5
84 85
102 177
172 190
111 10
102 67
78 26
162 175
39 142
124 157
40 94
182 167
106 45
113 108
87 191
19 169
20 52
180 55
54 95
179 17
2 165
4 11
37 128
41 152
35 51
188 171
17 145
104 6
36 143
97 95
154 186
96 163
136 151
50 33
108 120
124 125
40 50
49 157
184 144
66 43
35 65
145 122
176 124
41 192
176 76
47 81
146 6
179 165
123 7
48 83
54 78
148 12
86 52
27 174
115 194
41 23
56 146
27 113
180 68
113 51
136 25
47 54
22 147
19 158
145 125
154 31
61 62
143 63
90 81
75 135
187 120
53 116
194 155
192 94
33 55
71 128
92 149
50 98
62 6
42 16
104 71
79 96
136 13
96 196
195 118
52 131
172 186
6 172
124 183
158 74
49 26
91 128
7 88
150 135
31 167
102 78
65 24
31 192
91 102
36 108
52 95
30 158
154 130
187 77
174 166
53 27
159 96
152 17
88 193
180 77
140 120
166 149
65 169
73 37
112 89
10 117
190 13
191 52
138 93
46 167
112 9
81 118
26 31
167 117
116 29
103 135
125 81
8 71
100 77
65 25
62 173
71 157
156 97
106 71
165 24
195 190
120 88
91 1
102 68
191 184
73 36
119 87
194 41
88 76
57 143
133 6
89 84
87 166
132 146
129 132
169 40
170 40
76 70
191 146
82 163
149 89
33 142
44 138
86 76
43 92
106 171
137 160
51 126
93 87
11 63
116 163
174 76
41 144
127 160
37 38
9 22
171 56
9 175
170 127
121 42
55 13
153 19
123 106
132 12
173 7
28 30
59 148
22 191
184 152
51 92
154 21
73 136
137 84
110 29
32 76
85 12
171 27
60 167
136 161
88 127
138 135
188 16
87 56
102 190
104 123
171 65
122 180
131 178
191 49
154 52
59 68
124 17
90 153
179 41
192 155
154 180
56 35
189 192
176 4
32 55
141 187
7 100
12 173
89 76
75 4
149 5
12 24
115 63
6 71
26 7
77 179
183 140
171 111
167 118
114 66
171 7
31 74
72 13
85 165
91 31
147 38
8 64
127 158
5 53
86 23
6 33
53 98
11 188
184 119
8 70
6 65
67 54
97 193
91 176
45 139
176 2
65 46
92 1
40 131
103 71
15 121
104 132
167 136
104 90
152 138
49 37
170 54
103 19
85 107
156 129
124 122
37 151
151 78
21 162
6 115
137 188
188 169
75 70
133 75
180 180
47 41
86 45
161 86
155 165
47 173
70 44
3 65
24 23
151 11
153 4
59 144
64 91
160 108
171 153
5 32
89 116
80 11
172 175
111 91
102 71
141 14
21 20
78 24
167 56
20 169
123 18
147 22
102 145
86 155
162 121
63 32
31 144
159 168
62 93
88 103
116 195
62 43
177 192
150 144
128 74
33 31
72 179
189 169
93 182
114 131
11 139
137 44
174 7
57 125
105 90
28 29
71 139
153 33
123 32
121 178
19 191
117 181
24 104
143 143
24 56
143 106
8 63
168 7
41 2
18 160
28 177
81 97
12 155
61 156
65 149
165 191
36 80
77 41
141 113
80 97
54 147
13 188
181 165
34 75
110 34
46 172
45 27
181 53
123 136
108 54
147 41
197 91
38 159
162 140
106 34
158 66
90 154
134 68
169 178
65 170
77 40
163 1
65 173
166 43
194 189
46 129
70 117
22 1
183 125
192 121
120 189
128 70
108 55
140 116
188 105
155 158
146 36
192 38
147 31
173 127
60 194
153 159
150 136
153 21
12 113
44 44
7 151
57 197
65 72
151 5
180 124
18 193
56 134
177 181
97 104
80 194
111 99
94 142
84 161
110 160
50 69
157 176
129 63
115 193
71 105
9 19
51 47
118 145
88 149
163 52
73 108
124 159
105 180
93 175
41 94
38 108
103 36
174 98
50 47
77 66
46 79
7 17
109 86
138 111
67 75
122 86
97 176
23 1
2 195
27 130
39 168
115 40
132 71
5 21
64 145
86 83
147 104
54 97
7 55
30 196
28 99
142 10
9 135
41 121
105 85
162 174
156 98
141 23
138 27
105 134
122 178
58 60
152 163
15 109
135 35
167 187
160 150
6 21
162 129
70 56
57 77
189 193
46 69
77 107
38 142
71 4
147 110
121 122
13 110
23 51
171 55
50 127
181 148
147 133
150 112
168 161
164 114
62 178
104 16
120 181
45 28
196 181
149 113
74 37
13 120
56 31
60 196
7 33
71 130
159 109
2 9
149 111
14 110
180 140
45 143
121 170
74 64
173 55
114 8
169 36
18 24
37 71
119 195
47 118
139 72
102 147
188 18
114 24
26 17
122 88
11 140
180 64
187 107
33 112
145 148
146 12
121 77
33 171
182 152
135 45
13 140
8 159
91 76
106 182
101 52
141 3
164 100
148 20
24 16
102 179
179 107
177 61
29 179
67 125
86 114
4 83
43 119
92 176
7 45
130 14
182 192
47 47
76 175
142 39
135 166
170 147
45 70
185 72
31 38
175 68
158 147
54 34
17 49
10 44
102 75
181 182
96 159
84 110
118 4
27 6
162 67
188 17
125 70
89 191
101 90
192 131
95 27
31 40
116 28
55 108
192 105
3 47
31 109
192 107
103 16
85 124
50 182
100 139
190 31
23 146
173 52
22 51
31 158
102 70
26 30
44 70
170 56
18 158
61 105
151 25
2 130
117 150
116 193
164 83
169 150
60 7
109 121
33 104
54 159
49 41
138 73
62 58
48 63
160 150
91 188
77 165
148 133
173 123
34 89
186 180
114 146
195 23
42 49
190 155
147 12
67 124
84 97
146 173
191 73
54 51
41 170
172 187
143 85
84 124
134 24
126 134
161 83
162 87
39 108
105 31
143 145
118 165
121 138
145 90
161 120
51 98
116 41
131 9
41 25
46 67
66 33
89 12
106 70
16 55
185 75
138 171
3 49
51 51
63 74
180 167
122 17
74 42
51 179
142 183
127 50
92 147
75 35
123 142
74 14
56 120
14 53
191 71
144 137
93 193
144 116
91 166
184 140
16 176
102 9
25 91
137 3
47 49
155 55
141 12
158 79
188 57
146 51
71 71
136 54
171 138
130 101
96 64
18 136
110 131
139 55
175 141
10 174
121 135
141 169
191 155
54 134
190 183
63 159
2 166
139 95
60 193
20 178
167 114
101 169
33 97
159 62
1 66
103 169
86 73
43 143
13 127
85 27
81 24
54 144
2 81
99 109
142 40
93 162
153 162
38 171
86 115
32 167
13 156
179 110
104 12
103 138
10 125
147 55
6 49
196 40
28 86
154 16
32 74
110 161
64 93
194 68
147 28
40 26
73 189
101 182
67 127
188 172
148 36
31 62
171 51
60 56
120 65
76 188
176 11
123 25
189 74
156 159
141 189
4 88
62 168
48 119
145 142
109 36
8 157
104 22
88 99
53 117
109 131
188 77
66 186
93 149
86 46
56 17
56 87
41 45
144 169
115 133
33 87
147 34
67 21
98 32
173 40
43 118
49 66
89 136
196 173
168 151
166 11
140 119
17 24
3 81
100 128
128 38
2 182
77 150
76 139
183 42
188 29
171 166
79 125
97 31
133 2
26 22
110 31
124 51
131 69
191 5
197 169
189 90
185 179
71 85
18 170
57 119
26 29
81 141
36 45
78 159
173 139
17 102
117 165
4 130
49 158
76 176
89 37
37 142
57 156
157 85
140 58
138 186
12 157
130 176
31 33
26 129
140 169
129 160
180 76
186 77
143 84
13 121
124 156
188 191
172 189
102 169
110 137
197 173
112 131
23 95
88 56
59 72
60 21
32 112
145 146
36 41
18 190
90 151
27 53
106 188
119 169
143 176
49 25
42 121
120 162
124 120
184 4
23 134
158 52
173 104
121 29
51 52
118 93
27 87
170 31
89 129
91 74
81 28
157 189
77 35
62 176
95 152
76 177
194 86
84 155
154 166
28 174
167 161
125 32
63 20
37 76
55 48
37 44
70 41
160 75
32 52
26 9
156 59
191 86
141 176
68 21
36 23
88 186
153 10
18 173
84 118
153 99
17 179
146 137
79 28
139 68
162 43
130 158
179 16
179 105
64 149
163 4
151 8
107 45
5 100
70 177
181 57
192 106
82 85
2 181
119 136
136 187
31 41
82 83
192 13
171 37
185 38
41 171
2 193
165 10
166 147
97 126
86 44
31 130
173 27
35 183
35 66
143 183
130 132
177 136
78 163
95 84
42 142
119 68
46 130
33 158
186 18
96 181
10 90
187 55
168 23
149 133
194 166
157 188
166 44
117 161
177 92
193 120
110 88
179 1
108 121
76 159
104 9
170 188
125 86
25 93
162 138
77 135
11 9
79 94
120 56
86 60
109 78
195 49
4 89
39 126
161 110
53 174
109 49
137 43
68 25
105 33
154 51
57 68
124 53
115 68
170 111
68 116
109 136
21 159
95 181
176 127
144 64
5 30
88 147
143 144
107 183
77 140
14 7
23 123
150 49
156 19
41 3
196 39
163 49
144 61
195 184
63 75
33 67
78 177
154 156
70 157
127 72
133 104
192 73
14 95
1 126
122 127
95 194
193 73
42 159
41 42
3 71
86 25
56 89
194 49
157 79
92 16
30 174
6 149
172 161
47 124
185 73
32 145
93 117
81 179
66 30
48 16
148 147
51 169
101 190
113 88
73 12
49 115
49 68
195 193
187 105
127 105
145 64
140 84
113 125
171 147
91 38
59 60
165 151
102 12
121 88
90 51
115 163
38 125
138 93
61 176
194 38
115 19
194 69
167 185
27 17
10 48
81 84
68 105
96 161
12 99
136 186
52 17
152 20
20 134
123 44
181 182
168 159
20 171
31 126
70 137
56 86
61 176
189 76
39 110
115 44
142 80
179 66
102 86
94 147
83 118
147 35
27 51
14 160
113 98
118 20
34 81
162 105
63 168
141 81
144 120
62 44
90 152
45 140
95 151
144 104
139 73
132 132
151 24
29 30
171 123
32 192
185 34
74 12
113 123
108 119
5 12
16 178
170 86
168 48
27 80
182 3
176 61
59 106
184 92
77 11
95 161
159 147
18 191
60 6
81 86
147 8
123 109
11 6
188 147
70 126
166 190
9 86
177 156
140 187
78 124
53 115
128 132
72 170
29 86
166 114
14 77
67 130
98 110
121 120
138 176
139 4
30 51
8 17
121 70
96 41
157 110
36 69
168 26
160 63
25 183
133 44
138 161
98 5
175 65
19 179
23 91
133 178
89 170
30 169
88 194
47 125
160 188
47 27
56 70
62 60
131 2
120 51
197 142
87 167
73 8
77 146
18 176
167 19
115 150
15 120
90 148
121 75
155 67
79 57
168 148
8 161
160 187
90 16
139 187
76 180
36 159
83 57
18 54
157 56
129 79
90 149
158 179
46 43
190 62
86 126
49 129
12 8
176 98
46 68
108 122
193 23
22 6
71 181
18 146
104 186
13 95
28 76
49 80
155 87
105 84
6 117
49 154
122 112
74 43
176 66
111 7
6 19
157 41
157 67
155 21
176 135
35 190
78 17
100 97
131 93
172 65
125 108
110 122
82 93
154 86
178 75
38 128
179 42
163 172
153 157
118 195
80 179
154 123
101 5
39 152
63 21
127 53
72 65
95 1
28 169
102 21
56 72
182 91
72 84
38 134
169 63
90 187
57 110
98 102
36 20
82 143
159 98
54 145
8 155
28 168
2 69
99 137
138 83
77 109
115 192
127 132
88 73
137 67
130 120
32 81
186 6
76 44
28 130
77 44
32 75
58 78
124 86
20 24
15 110
149 125
167 52
39 14
62 94
118 14
52 147
9 139
44 39
187 54
195 155
155 60
50 6
70 120
186 121
30 38
114 38
190 134
179 14
163 73
177 91
148 100
41 39
123 47
78 189
169 65
117 5
54 88
82 152
66 190
18 19
181 68
194 68
84 21
58 133
114 63
191 16
76 55
91 71
6 44
71 125
150 103
176 172
37 147
2 89
55 141
81 76
177 90
156 139
191 120
188 53
42 55
188 134
189 88
98 97
136 185
181 142
148 25
169 56
178 116
132 176
117 55
42 46
98 133
144 141
108 78
174 78
51 105
129 27
133 67
139 52
186 179
63 160
29 40
113 50
48 47
144 157
188 15
5 49
31 174
97 102
59 176
190 112
88 152
30 182
53 26
154 4
123 158
148 136
89 127
68 149
142 189
27 86
73 27
5 42
171 152
149 148
157 109
166 74
146 146
171 186
71 83
178 166
67 129
47 63
167 110
164 40
183 167
75 134
68 22
76 125
62 131
60 122
121 65
104 123
11 171
28 151
116 44
77 6
43 152
196 169
47 44
62 39
67 117
158 122
130 193
14 100
170 88
10 124
189 171
88 13
68 107
4 81
102 166
131 136
116 64
177 191
137 51
101 55
89 165
105 186
193 32
171 52
11 7
59 62
17 42
109 87
125 41
100 167
194 72
89 56
17 176
119 16
108 32
179 68
46 81
115 65
36 80
13 161
15 122
81 96
33 76
88 11
155 163
160 175
28 22
71 107
45 25
49 116
16 100
129 25
190 64
90 118
189 147
184 3
27 77
109 77
137 29
37 118
156 190
47 17
27 74
154 90
90 114
62 160
156 96
128 59
191 160
36 40
84 10
179 124
7 41
7 86
97 127
129 123
105 16
77 80
154 162
159 103
91 188
83 166
129 191
97 29
141 103
142 81
91 72
197 165
158 59
132 9
51 125
90 123
134 22
57 131
130 3
181 144
98 135
189 92
77 138
156 61
161 4
194 26
58 6
141 184
192 56
59 121
14 122
102 52
69 46
15 64
42 138
60 8
35 53
14 126
187 52
101 159
53 90
102 65
179 55
40 51
101 137
159 166
39 80
31 35
75 84
99 139
181 42
169 88
25 99
74 17
140 177
40 117
123 89
63 97
162 71
12 160
107 123
46 7
54 90
4 158
99 9
46 24
109 179
50 103
49 83
188 112
139 135
79 97
87 10
121 158
188 173
42 23
15 13
188 20
183 171
61 19
190 29
84 114
55 47
91 147
88 7
186 19
110 97
15 160
14 66
180 193
141 6
70 52
152 33
149 87
75 136
9 47
170 69
10 158
54 131
112 8
84 51
25 119
56 36
119 20
115 51
56 122
27 178
93 70
90 141
175 135
101 139
45 64
76 66
4 91
60 71
138 177
73 16
150 147
86 21
172 68
187 50
99 137
160 123
28 116
35 104
118 31
162 75
160 76
179 114
106 162
192 128
138 137
67 23
194 173
6 73
8 156
3 128
195 51
191 156
135 75
160 59
149 71
70 69
59 125
16 8
143 61
26 34
91 129
28 149
124 121
1 89
74 13
82 175
4 178
41 158
117 195
17 66
41 190
77 42
12 96
159 95
53 31
146 170
195 180
100 21
40 188
81 180
146 143
155 164
158 120
40 24
78 191
130 124
55 81
92 76
62 56
91 39
71 84
30 10
119 78
63 23
38 169
87 40
144 105
180 41
33 23
196 141
16 150
171 151
39 38
14 157
72 157
63 34
134 176
98 74
155 52
1 60
30 172
121 137
97 96
154 91
133 157
122 110
10 42
81 176
145 141
173 137
122 75
154 10
172 5
95 148
177 63
63 40
50 9
120 144
124 52
10 188
5 66
46 16
22 137
193 38
141 186
60 80
172 64
192 184
190 50
158 192
121 108
89 140
87 53
125 31
130 111
93 138
108 45
90 186
126 43
158 166
35 89
46 194
87 194
6 150
72 139
51 129
54 143
121 181
14 78
191 169
187 111
136 28
31 152
147 4
115 18
120 87
20 36
5 178
22 57
174 159
150 22
83 93
73 82
131 148
53 155
98 6
126 121
170 26
190 184
12 137
159 192
72 69
168 55
176 188
147 103
73 71
140 137
67 143
28 168
178 193
137 53
16 179
137 4
24 95
74 164
154 53
104 45
172 177
120 4
52 182
163 32
139 22
134 147
154 8
132 10
64 92
147 10
130 195
56 77
24 1
147 6
36 21
49 6
144 39
113 55
61 167
62 62
109 93
193 193
40 151
139 3
131 74
18 102
57 158
98 41
27 177
128 71
138 34
77 36
156 16
50 172
143 192
32 54
152 162
159 131
166 191
139 26
39 112
142 11
96 177
42 94
107 78
10 116
142 12
109 127
13 6
136 74
11 157
141 24
108 35
173 141
162 173
88 37
67 120
193 91
94 29
67 96
62 101
87 37
137 22
11 175
118 91
31 111
44 81
81 74
66 42
158 165
184 91
78 175
75 137
152 56
154 11
66 46
163 141
171 135
116 14
190 53
100 53
40 14
58 125
180 67
170 175
133 124
60 124
49 103
1 157
9 138
147 109
40 38
87 21
46 13
14 12
14 23
48 78
95 175
92 141
83 46
175 113
103 139
105 158
68 16
9 140
41 140
35 68
91 127
78 178
49 79
183 170
134 151
146 41
106 57
65 131
132 13
149 25
144 192
56 141
68 46
181 93
59 77
162 141
113 111
195 30
24 52
20 87
89 11
86 40
116 18
96 140
70 40
196 183
156 41
185 76
59 107
3 59
114 29
120 120
170 27
90 152
78 149
46 28
106 159
96 193
33 170
116 193
33 145
57 155
37 153
124 28
195 55
38 13
65 73
11 10
45 127
161 29
169 175
85 46
100 8
194 118
69 124
185 36
63 19
116 31
75 30
175 16
39 104
158 56
168 68
98 105
108 75
21 187
27 117
76 84
150 72
192 107
104 122
51 17
77 79
178 165
148 120
163 109
163 110
67 145
45 124
32 22
9 147
93 63
113 124
32 53
95 154
42 117
23 128
152 18
137 37
65 189
15 107
155 16
138 6
163 56
118 57
84 46
195 25
187 119
128 9
19 173
19 106
64 75
165 131
24 104
128 39
112 122
133 91
108 119
142 14
166 100
54 81
72 17
11 160
130 146
6 167
113 7
108 179
113 137
4 10
88 107
8 65
52 31
168 166
80 78
135 157
119 107
28 102
130 122
195 32
26 170
72 66
136 154
180 17
55 55
149 8
52 98
154 187
128 195
51 50
27 13
125 34
179 126
164 174
115 53
166 187
137 6
134 18
72 177
150 51
5 18
193 49
30 178
194 2
35 62
21 57
178 151
19 108
61 101
41 51
24 117
107 104
70 43
91 92
180 91
190 5
1 83
75 161
118 194
80 117
99 85
136 83
170 161
184 139
30 167
57 141
183 24
9 148
28 101
195 162
87 76
139 159
43 28
168 187
96 138
161 73
9 121
6 75
122 135
164 150
30 149
10 140
180 91
100 95
31 151
34 51
125 87
75 125
133 148
162 74
144 141
11 125
190 160
144 35
31 98
136 34
53 148
51 32
6 165
32 23
168 52
32 75
26 171
165 26
152 72
93 74
58 197
83 60
1 83
30 94
189 49
27 119
23 126
108 136
152 12
135 71
40 94
80 93
84 49
83 96
30 181
47 68
92 98
47 13
178 190
106 183
182 67
165 23
162 110
54 153
168 49
163 29
158 89
114 133
91 98
82 154
32 21
45 130
29 84
52 90
67 74
117 177
139 184
77 148
119 5
54 13
94 32
179 172
181 66
72 140
139 110
60 166
2 91
49 82
42 24
37 152
90 192
46 173
49 104
182 197
36 22
67 46
106 65
82 74
178 180
52 54
130 63
105 87
109 182
52 10
57 144
155 89
36 13
51 77
48 43
162 83
151 119
78 50
104 154
76 106
22 189
9 151
110 108
127 52
164 85
42 133
136 67
17 33
92 11
89 114
69 95
37 120
95 3
89 10
20 150
155 63
153 8
168 17
142 169
102 84
119 79
43 42
56 71
196 155
119 29
177 138
50 48
112 138
19 147
48 193
58 7
101 155
196 39
72 168
93 196
31 63
83 87
25 130
18 161
20 67
136 51
180 156
40 49
195 52
73 69
43 49
60 70
154 105
146 134
191 101
184 6
171 148
41 55
13 155
80 114
71 154
146 171
170 89
117 52
90 76
180 155
101 74
145 119
4 59
174 77
140 121
143 64
143 146
33 30
23 124
98 33
170 159
118 149
147 110
143 62
14 155
112 10
184 93
165 19
171 109
104 55
98 137
88 52
143 34
124 40
85 161
164 149
113 92
100 98
130 4
183 38
130 9
29 77
30 194
50 130
70 139
163 116
39 128
48 106
193 57
42 14
28 179
48 179
44 25
120 121
144 155
140 3
50 44
175 115
40 133
124 126
40 70
5 45
118 65
63 128
146 8
159 67
71 136
126 54
121 109
52 9
92 103
163 62
139 158
53 33
137 154
172 98
119 143
40 67
67 39
86 118
85 166
157 77
158 86
66 34
169 90
51 34
6 63
181 105
183 41
41 92
140 14
139 137
46 77
100 78
191 157
144 148
160 191
14 142
173 90
51 35
123 8
153 56
56 33
84 83
68 56
132 4
120 92
191 68
141 85
86 124
193 119
68 187
29 193
32 87
94 149
83 23
124 107
191 13
13 66
166 55
10 114
145 173
172 27
164 56
191 14
145 157
146 61
98 84
184 147
24 51
52 7
74 27
174 92
86 75
90 142
89 147
77 191
147 146
107 91
152 121
120 160
31 159
35 55
195 167
121 107
49 172
100 125
82 162
75 185
139 25
104 154
170 124
94 163
19 19
119 42
37 68
122 79
22 138
26 10
61 158
24 135
77 37
106 146
7 66
18 34
45 127
171 136
6 45
192 23
113 44
165 48
139 53
12 28
138 169
29 172
110 133
162 4
180 63
161 150
79 176
189 105
116 145
160 141
105 139
138 82
35 189
193 157
106 102
86 127
93 85
158 42
77 4
119 127
89 125
179 104
133 175
180 153
55 77
108 172
194 30
87 124
170 187
183 142
59 164
65 169
133 42
67 17
72 171
82 193
168 190
36 158
135 72
26 28
36 54
31 161
167 108
194 73
140 51
18 159
118 162
193 14
137 51
147 71
100 127
70 141
103 144
51 63
141 5
97 62
143 185
138 79
79 26
134 161
79 121
63 158
40 121
40 92
13 106
104 142
144 51
121 64
91 11
53 173
164 175
18 36
165 18
36 12
163 3
106 172
182 90
82 165
154 35
105 35
170 32
168 178
118 147
39 155
50 96
194 55
104 166
115 38
13 126
165 132
46 193
14 51
160 75
56 72
165 70
91 94
35 23
72 8
121 67
59 197
155 91
81 83
62 130
4 167
170 178
133 154
131 132
180 150
180 172
90 188
153 166
103 175
124 122
197 141
161 167
1 79
77 52
17 34
138 185
191 19
128 42
6 70
4 165
120 190
110 35
155 42
119 190
156 17
131 71
45 128
154 175
28 122
39 127
109 178
43 38
90 94
57 145
169 163
88 56
36 147
106 66
117 178
68 145
75 7
54 160
15 137
100 95
158 49
27 24
186 34
81 177
117 176
69 12
159 105
21 3
9 23
80 118
28 150
178 114
110 99
15 162
170 125
52 97
55 16
2 87
100 96
91 126
78 53
137 67
175 123
172 123
178 191
120 26
8 21
44 53
50 36
2 79
93 64
122 146
75 27
6 173
159 97
119 44
81 139
54 53
87 165
78 51
162 107
68 148
193 13
101 158
194 176
44 17
190 107
83 114
188 62
46 171
16 138
12 192
141 26
51 25
179 18
149 124
46 80
66 25
101 9
23 127
139 160
41 46
99 102
132 122
88 33
32 30
83 93
84 7
56 37
3 55
64 46
124 162
110 138
104 139
2 194
112 112
114 10
178 167
152 183
99 126
93 177
123 171
146 136
59 179
72 87
151 21
10 89
82 139
138 187
180 105
72 135
120 112
5 101
136 56
18 177
7 89
52 159
73 185
49 105
107 12
27 167
91 185
8 60
124 103
40 52
3 12
182 68
171 132
125 50
171 50
24 55
52 51
69 178
177 151
181 12
154 183
163 59
18 100
16 28
76 111
187 34
144 38
49 190
84 87
3 126
97 97
125 28
7 98
183 3
93 161
152 102
109 183
188 193
152 104
186 117
26 167
123 168
103 9
155 41
157 159
137 75
7 59
31 108
194 141
9 21
72 136
72 14
184 120
79 179
109 138
3 193
174 165
175 111
187 195
3 195
169 138
99 134
83 97
32 88
159 64
47 26
155 63
69 118
101 88
47 105
180 130
157 75
92 102
105 154
115 162
52 174
87 49
164 104
130 145
170 123
69 16
102 69
40 192
19 160
141 53
196 38
25 119
190 143
75 50
32 29
154 89
165 189
40 54
144 117
164 48
194 97
104 175
195 143
150 21
109 57
188 168
37 71
60 79
76 134
142 187
40 43
72 156
151 52
4 69
143 184
12 101
55 17
10 157
56 195
56 154
116 16
154 178
25 2
5 181
100 186
87 26
195 173
36 162
161 166
128 10
54 180
132 147
174 36
54 79
165 48
92 178
132 120
42 158
60 69
125 28
131 102
137 85
112 104
33 143
69 107
175 111
39 2
66 72
7 53
67 128
44 52
132 2
106 55
67 25
86 126
75 111
174 139
83 26
121 19
8 99
146 28
108 123
101 181
174 31
95 1
165 96
145 41
141 25
170 151
183 193
70 138
74 121
189 77
173 140
21 151
93 11
4 195
187 20
122 125
21 148
157 50
76 141
153 103
8 127
104 86
182 147
74 122
31 76
36 68
176 165
96 33
50 51
40 11
47 48
31 129
45 138
34 111
24 102
30 7
51 95
183 93
93 71
54 55
158 178
6 59
3 75
74 125
196 88
172 66
49 77
158 91
62 40
54 37
132 15
119 188
192 157
123 108
192 134
141 177
168 67
14 120
94 61
76 146
114 55
33 53
74 79
88 72
171 187
96 143
6 31
87 59
159 164
161 44
27 79
102 54
8 49
68 124
177 110
41 191
123 41
67 73
108 46
69 12
183 182
175 62
107 121
142 156
185 26
86 44
78 164
90 53
11 120
110 111
61 58
196 177
67 116
69 181
149 34
90 37
189 173
172 126
51 152
54 148
121 169
76 12
150 133
163 44
190 4
162 148
121 160
68 156
30 85
189 167
98 9
14 49
154 176
86 49
2 64
70 155
154 6
65 130
125 52
152 140
139 14
42 25
163 52
192 90
56 13
191 57
106 46
118 191
20 34
49 35
57 191
52 143
136 93
149 99
68 118
62 169
126 135
114 145
40 4
36 79
20 67
176 12
164 138
79 93
93 3
169 149
106 31
143 121
196 92
192 34
138 174
132 69
99 84
122 168
121 125
43 154
37 119
49 156
71 134
32 108
172 104
104 29
108 48
124 34
133 170
163 74
13 8
138 58
44 68
38 131
172 176
30 183
173 102
133 3
39 45
119 4
29 160
111 127
39 46
133 126
197 90
117 24
142 13
189 91
156 188
31 106
94 27
73 105
70 154
8 151
19 85
101 105
77 64
24 14
137 158
50 128
140 10
116 165
126 74
18 171
99 95
139 137
144 34
77 13
74 83
109 176
74 44
14 140
192 63
98 112
16 78
140 106
101 84
112 93
189 29
132 111
78 56
136 27
60 78
67 72
85 118
77 161
56 34
162 104
179 79
146 174
86 123
162 76
76 11
152 105
166 52
117 180
47 10
154 5
80 52
188 147
129 193
160 189
161 138
129 158
74 40
179 53
154 179
35 57
106 170
147 98
99 99
197 144
107 102
101 87
193 101
140 93
165 98
4 126
26 173
166 73
142 192
174 191
50 42
7 31
129 122
12 116
64 148
97 87
52 128
190 90
190 109
105 86
139 177
175 114
190 97
101 19
11 117
162 119
128 73
172 40
193 5
122 78
15 66
108 30
104 34
147 62
19 171
73 85
25 7
154 48
60 123
158 167
168 66
107 31
29 80
148 30
145 62
143 173
83 177
174 55
168 177
30 179
35 126
77 8
197 168
75 56
116 68
162 103
179 3
142 103
76 37
181 33
147 120
17 23
167 188
104 190
12 79
48 81
174 4
64 72
59 193
127 70
84 8
67 45
91 41
29 53
153 35
156 186
118 108
80 77
158 150
125 19
105 157
94 138
2 45
87 38
29 182
21 86
150 76
65 45
56 158
26 122
133 159
119 93
37 67
177 13
75 140
153 8
60 195
3 89
155 32
119 47
82 46
20 137
110 48
86 153
5 158
184 117
120 91
128 81
97 175
48 42
146 121
16 65
67 56
68 87
157 45
158 164
160 164
86 74
109 163
188 19
39 117
100 134
126 132
98 128
147 99
53 168
131 145
130 159
38 78
49 105
180 66
192 4
54 33
100 138
80 74
139 157
164 84
93 73
106 190
167 88
191 155
190 183
35 127
6 175
126 133
140 112
191 162
1 129
190 162
186 181
50 54
165 133
128 189
75 79
68 23
42 16
58 178
123 107
107 172
126 108
37 125
17 99
63 132
194 142
176 103
187 106
30 41
18 39
79 56
38 121
161 164
60 170
76 168
63 38
162 73
84 41
195 86
185 183
169 110
144 37
66 96
1 90
186 30
64 34
184 179
44 16
167 90
4 87
78 148
29 79
41 53
101 166
195 41
12 66
174 51
54 77
177 67
7 175
122 109
174 17
31 179
98 88
123 31
58 81
119 179
185 23
167 48
11 12
178 171
39 172
25 13
174 190
70 70
163 114
166 146
76 27
166 48
7 102
47 30
119 125
19 96
42 26
106 54
10 160
29 169
85 110
85 59
27 179
89 14
73 134
163 53
172 165
190 110
53 183
89 16
52 55
18 22
1 61
52 97
46 191
123 144
196 165
84 53
112 91
155 159
93 148
110 169
112 7
37 42
145 169
118 150
21 173
71 127
188 167
67 186
42 15
69 102
21 171
196 184
89 91
153 20
96 76
59 74
68 190
186 20
7 56
153 31
28 79
30 53
103 35
122 141
15 106
41 143
68 11
17 84
107 29
72 13
29 174
149 100
38 182
145 77
180 165
93 61
167 51
182 170
110 172
124 24
157 187
136 81
103 148
52 33
182 63
181 197
53 179
80 17
192 132
41 46
161 78
108 163
8 23
81 27
48 170
69 120
144 133
72 138
76 17
188 14
127 108
163 75
148 36
91 117
104 53
88 188
57 148
119 77
9 192
182 23
115 132
133 120
68 98
123 136
12 171
195 189
10 123
189 61
69 14
50 152
101 104
83 22
102 144
197 93
139 24
73 34
56 148
14 28
3 79
180 165
98 113
118 146
51 91
121 66
135 158
43 120
15 40
74 185
124 127
123 27
165 44
40 145
39 189
60 22
86 40
133 92
45 141
91 168
6 102
174 16
189 143
123 162
144 143
186 191
158 104
4 79
173 39
170 48
158 63
170 153
150 53
186 29
164 98
10 122
129 24
8 149
106 186
150 52
158 54
162 118
34 22
194 157
127 162
173 89
87 127
70 140
123 46
165 100
175 64
91 140
155 184
190 30
63 33
57 157
35 20
121 126
195 120
110 54
188 110
127 32
82 87
3 71
107 159
63 156
183 138
155 31
146 39
5 19
74 170
168 176
76 40
99 111
154 121
184 26
52 160
177 66
157 87
147 78
161 3
100 189
28 21
63 42
78 188
183 130
34 85
147 72
73 80
83 77
106 75
187 32
75 8
99 78
57 15
86 164
50 97
36 180
120 29
11 135
40 42
191 25
95 41
87 71
10 41
47 190
194 32
67 93
164 147
67 12
122 171
176 168
128 28
5 193
162 141
114 50
54 36
18 192
178 110
197 175
93 151
64 94
21 53
89 117
107 97
30 142
180 44
27 14
41 51
8 113
41 168
180 62
72 108
27 7
195 100
164 85
151 12
108 12
5 180
39 178
44 45
14 106
195 34
19 70
63 130
79 52
82 153
43 17
149 101
51 118
134 100
99 124
36 112
70 55
135 152
16 79
33 85
122 20
147 63
89 57
179 191
180 11
33 159
154 88
158 148
34 77
184 181
146 154
164 148
157 79
69 11
143 189
107 76
73 186
139 56
192 129
154 101
62 158
28 173
165 4
10 159
26 174
29 153
176 89
192 31
110 132
5 195
182 5
95 163
47 103
178 11
117 188
126 78
151 122
89 93
74 71
18 149
143 120
104 137
118 181
83 41
8 102
177 18
36 78
53 47
39 182
106 36
150 78
100 102
5 33
102 13
124 124
146 72
25 15
165 148
18 106
14 137
190 101
80 122
4 166
134 168
56 68
58 110
127 51
29 74
132 177
183 124
86 70
190 167
90 83
124 31
147 74
133 13
183 128
10 47
52 119
130 60
133 151
77 187
54 133
88 154
49 63
90 136
110 135
129 189
43 2
125 71
6 100
67 15
110 49
131 12
88 42
97 99
105 137
120 138
6 76
50 7
102 5
130 136
109 97
5 167
98 95
43 117
109 169
130 104
102 77
120 145
64 104
34 66
20 57
8 172
67 119
32 89
88 70
72 29
40 93
122 47
90 138
118 107
28 33
46 42
93 15
50 83
44 55
18 137
130 102
54 156
15 67
8 29
69 154
69 177
15 41
2 42
40 132
131 73
123 169
104 52
54 17
41 49
130 194
39 78
32 86
109 45
52 152
60 104
3 45
59 119
110 163
93 76
17 97
125 78
87 110
128 41
62 96
18 42
70 71
27 75
128 72
15 80
124 54
114 149
10 175
94 42
34 65
89 100
117 179
104 31
50 78
134 178
78 28
59 167
47 127
100 190
42 17
112 127
36 178
69 42
108 183
101 176
93 118
5 74
21 1
77 139
46 170
130 148
116 25
60 20
90 11
91 2
86 50
43 138
36 192
120 90
6 46
23 57
87 69
50 156
75 139
42 92
54 141
122 43
49 119
29 195
100 19
113 110
110 33
26 182
26 184
19 36
95 195
105 132
61 170
94 141
100 75
112 99
64 38
46 14
33 32
98 136
91 40
125 43
126 136
68 13
36 67
59 168
18 97
33 79
40 90
53 28
48 49
130 94
39 111
110 9
65 30
116 188
90 49
40 134
42 13
4 80
39 147
118 24
37 121
97 61
87 84
63 173
113 138
3 61
9 41
28 129
114 44
18 65
48 51
27 122
77 188
5 71
21 19
94 1
10 43
31 145
8 100
85 152
13 162
88 74
9 43
125 127
125 24
84 12
106 12
21 149
65 32
51 131
86 71
24 4
37 155
124 88
82 41
83 27
14 8
20 33
3 41
115 161
9 49
61 5
114 30
72 27
33 33
37 189
7 76
39 11
108 34
126 28
128 136
40 144
116 30
73 171
11 62
113 131
101 132
76 124
32 142
8 30
24 137
69 56
86 108
122 8
114 87
131 98
17 19
48 181
118 189
77 111
53 119
51 104
108 36
52 96
72 85
31 196
64 101
24 17
72 88
18 134
124 160
93 93
56 156
86 7
7 149
40 68
127 189
56 167
94 193
40 170
93 150
82 190
30 126
57 193
122 42
56 119
92 74
21 21
71 106
6 98
106 68
37 14
61 169
94 140
93 91
58 77
55 53
35 181
86 163
132 75
2 70
134 13
24 22
29 196
10 87
28 118
114 7
69 83
87 41
31 30
92 4
124 92
60 164
128 12
2 44
102 90
126 190
36 184
90 91
90 50
122 44
64 102
126 24
95 2
102 74
119 25
3 73
41 134
12 175
5 9
101 180
113 40
122 181
130 103
104 168
47 83
12 191
90 124
119 66
115 42
133 102
93 195
89 30
5 194
9 149
16 64
106 67
67 97
36 161
86 43
108 171
6 17
68 17
116 26
75 53
60 156
112 44
107 122
17 100
119 8
123 160
89 115
96 141
82 166
34 62
81 26
14 50
18 32
19 110
80 115
61 8
95 179
21 22
102 55
52 38
118 55
44 69
62 128
77 5
67 13
8 147
104 19
108 13
31 96
82 115
19 187
28 32
6 61
91 91
61 172
64 146
106 118
48 55
46 63
3 76
25 92
56 143
60 121
49 179
50 55
105 160
113 136
10 189
31 125
26 33
51 174
119 178
6 74
65 22
27 39
73 81
21 169
81 114
1 156
35 108
13 108
64 173
11 8
28 41
117 20
54 146
72 18
14 13
109 158
131 72
16 142
38 170
18 189
24 5
63 31
6 174
121 27
8 59
104 169
107 118
91 137
126 34
127 81
127 34
100 6
29 76
40 155
124 123
121 136
132 166
31 171
93 88
20 162
82 76
94 118
50 76
54 183
37 127
134 146
9 136
9 162
37 112
108 118
94 114
37 80
94 143
70 128
128 158
100 187
41 189
34 20
15 155
122 4
133 166
9 188
22 95
117 182
80 139
28 182
25 184
6 60
68 147
88 101
90 104
3 178
33 169
39 144
119 70
122 76
119 45
39 66
68 106
29 49
124 177
132 178
51 14
48 190
51 76
99 86
96 77
24 24
80 24
56 121
132 11
61 21
8 162
21 172
104 54
25 94
14 162
92 69
126 31
52 129
45 30
67 53
130 178
65 147
129 9
109 91
63 157
82 191
128 160
55 49
131 70
130 98
25 17
56 196
49 118
14 11
129 92
78 176
111 102
108 33
28 53
73 168
108 103
1 82
56 192
46 17
122 122
86 27
97 84
104 176
115 20
120 64
56 197
3 9
15 159
21 6
110 46
19 40
97 64
96 160
55 107
62 170
101 175
3 164
90 30
86 117
40 12
130 161
75 165
105 178
11 64
69 116
59 146
127 104
4 90
102 134
73 5
2 43
102 16
110 136
2 167
61 56
90 33
95 88
110 162
22 92
72 30
8 41
8 192
4 180
22 190
123 20
88 185
86 166
65 21
108 170
66 23
60 119
25 115
24 116
5 191
21 87
78 147
119 145
112 108
76 148
102 22
10 137
82 117
88 153
103 67
58 74
105 135
44 83
132 91
81 25
14 55
111 93
12 95
103 134
75 51
69 13
90 42
35 191
28 123
3 156
95 180
52 179
65 96
105 155
47 117
57 121
51 106
101 183
71 177
73 107
132 145
112 86
89 152
120 54
78 165
3 191
46 64
55 109
93 180
86 110
30 88
111 136
107 49
60 176
23 138
72 169
90 185
97 85
100 20
86 12
80 15
25 4
83 175
123 137
114 195
28 115
131 68
75 146
126 194
38 76
20 55
13 97
124 41
44 40
113 38
56 131
28 117
26 126
38 110
79 13
130 190
1 158
103 22
113 122
75 34
98 126
128 24
113 52
103 146
123 105
24 138
85 41
95 116
18 84
20 53
48 53
47 70
34 104
64 30
57 16
87 12
40 161
34 57
53 118
30 184
65 171
93 115
6 64
32 78
93 152
89 98
76 71
28 23
110 127
19 86
58 134
79 17
56 169
50 115
16 106
48 9
41 1
65 188
33 174
49 70
93 75
41 155
127 59
21 145
84 115
18 162
134 42
2 61
86 116
75 68
7 61
50 95
134 14
15 6
78 150
59 105
53 36
117 6
92 99
135 24
94 33
123 138
26 130
95 29
34 79
67 126
72 106
52 156
4 56
5 102
75 37
38 151
68 93
80 123
42 132
36 111
13 125
52 190
132 14
23 147
123 43
12 174
51 55
133 93
35 184
132 98
123 92
132 170
119 28
77 141
121 26
63 93
115 17
54 91
122 183
83 152
133 145
104 13
51 173
33 62
57 146
17 53
88 124
134 101
12 61
28 104
71 88
8 61
105 71
31 67
52 126
70 38
68 120
92 177
87 25
110 171
52 144
34 78
108 57
96 175
103 190
118 16
9 18
14 127
78 125
69 98
45 17
133 98
102 146
50 25
96 75
108 87
47 65
74 15
103 55
68 154
86 72
17 87
38 80
110 86
9 90
101 102
108 49
101 78
68 92
105 65
36 77
8 190
90 147
134 109
75 40
28 105
99 5
54 38
8 125
126 50
25 21
123 91
77 163
76 30
89 53
12 11
94 196
25 101
21 138
55 146
76 42
36 76
78 179
51 89
114 65
48 44
134 57
12 120
120 93
41 154
105 190
53 156
65 132
132 175
119 147
51 194
91 149
40 158
100 168
59 147
47 25
26 24
12 127
46 66
57 153
109 123
91 42
128 162
110 102
52 183
27 33
135 27
110 93
106 187
81 194
29 184
127 74
110 110
96 61
114 150
99 97
54 181
29 10
17 109
80 142
14 99
121 31
29 159
123 87
69 44
42 1
18 96
116 52
39 184
53 170
101 186
16 110
100 105
6 12
94 152
51 119
89 42
58 141
127 107
77 84
77 82
84 152
102 167
134 110
58 132
21 5
73 35
121 171
88 170
16 42
104 5
104 15
82 114
24 105
81 181
106 175
42 141
48 167
46 30
82 161
27 99
89 31
100 137
133 158
134 15
87 33
48 13
37 192
88 110
66 32
134 26
75 57
107 75
87 169
2 178
20 19
124 50
65 128
15 136
27 180
119 177
8 33
82 78
1 80
43 93
87 11
74 16
31 177
96 182
118 52
88 12
91 69
58 68
45 125
113 133
117 31
29 194
33 35
83 141
117 190
18 150
3 72
104 167
97 98
84 166
89 142
132 167
122 107
88 75
64 168
114 31
88 69
36 43
48 68
77 186
30 86
38 178
82 189
114 138
112 87
16 24
69 180
111 88
114 189
101 156
134 29
73 141
51 36
57 81
89 33
102 159
62 23
134 103
68 146
34 80
74 161
109 180
119 30
119 67
100 52
18 147
42 160
73 187
66 93
33 94
62 129
2 76
121 127
121 8
15 51
97 177
60 77
20 65
119 91
118 178
124 93
83 94
10 161
123 86
75 67
77 159
87 164
14 138
14 97
98 42
129 26
9 12
76 190
125 38
106 13
37 188
92 186
16 6
41 169
121 7
30 122
21 147
114 69
41 38
53 141
97 78
16 25
6 147
23 145
73 139
128 78
72 105
124 179
39 181
96 142
8 66
64 128
90 74
30 30
48 17
66 21
54 182
16 177
127 54
8 101
25 113
91 169
98 31
24 124
43 55
115 55
63 46
39 109
78 174
112 42
109 102
80 76
51 65
116 55
106 158
56 193
47 167
31 184
87 81
14 79
125 120
115 188
102 15
58 146
101 109
100 22
81 93
62 132
14 9
17 98
36 14
51 28
49 55
57 169
119 76
127 191
52 36
48 172
76 16
100 136
54 132
97 63
26 169
102 189
97 44
13 101
116 38
130 100
38 188
9 13
1 127
30 124
108 100
85 97
60 197
47 6
1 88
88 104
89 60
52 88
102 132
9 125
28 113
7 71
39 154
117 29
131 94
116 65
29 177
42 151
56 125
64 132
31 34
52 193
7 54
118 68
124 39
31 31
122 106
70 156
59 123
85 42
52 47
63 44
80 141
97 33
32 33
96 88
1 128
77 176
28 5
36 144
127 63
118 148
62 61
90 69
119 176
14 191
115 16
83 155
30 76
26 178
20 179
5 179
32 62
17 40
119 65
31 127
95 193
110 57
89 118
37 117
134 177
20 69
96 43
71 13
43 40
85 21
84 123
84 117
16 27
20 32
43 153
88 40
74 111
100 133
133 16
108 169
68 144
76 50
101 103
12 78
131 92
108 158
117 145
95 182
69 54
100 166
132 73
13 157
2 59
93 62
70 116
31 169
8 114
50 154
120 79
92 185
17 25
84 122
17 85
55 134
129 162
56 110
94 41
88 192
17 65
49 10
123 145
58 106
120 75
24 122
81 189
104 118
52 169
10 45
125 20
75 159
70 45
51 88
101 179
95 149
6 171
117 8
87 23
82 181
28 88
17 51
12 98
10 46
10 162
66 41
82 118
116 43
38 66
36 182
105 49
119 181
101 177
30 177
115 26
105 32
90 84
91 75
106 147
24 101
7 113
74 171
40 53
6 116
96 78
88 30
133 153
2 74
93 12
15 65