107 57
135 18
38 161
59 88
85 53
104 189
51 129
119 87
176 102
105 156
194 51
36 146
182 56
54 35
8 31
83 143
180 130
56 35
161 74
193 15
113 55
47 17
72 86
103 35
21 170
94 182
82 74
192 105
69 178
121 86
54 144
106 182
110 56
187 29
141 184
109 183
133 120
130 59
154 53
193 94
194 86
118 147
194 72
139 29
89 127
134 68
86 76
40 121
162 75
29 81
196 38
45 83
189 76
59 104
171 55
89 69
160 33
24 53
175 141
69 130
54 55
119 24
60 5
4 164
26 99
175 114
103 154
58 178
156 59
156 139
104 21
21 158
56 32
173 55
195 119
98 44
133 5
77 13
40 133
68 157
32 179
194 38
131 9
72 107
191 171
27 5
76 141
67 120
53 88
76 170
83 23
87 76
26 10
137 56
139 27
116 44
89 139
105 16
2 9
159 168
71 4
46 192
81 178
5 64
133 121
11 162
130 14
174 162
127 51
193 118
144 155
29 153
144 146
2 81
8 174
172 166
148 12
6 45
47 68
108 86
67 145
21 191
190 88
184 35
193 189
144 104
165 146
164 54
7 55
123 106
135 45
71 128
153 31
88 71
95 4
106 188
114 145
160 173
162 123
89 116
125 74
72 177
2 155
40 23
172 161
86 73
6 75
118 165
113 127
63 21
98 9
84 46
90 141
172 99
26 9
65 170
57 14
175 39
95 178
188 72
11 13
5 56
163 132
71 105
134 166
70 139
168 52
183 41
167 109
120 121
179 165
4 130
78 121
110 88
38 78
76 37
49 38
52 143
188 145
31 144
63 23
118 192
24 13
117 181
103 32
152 34
18 170
128 28
29 75
19 176
121 4
67 116
44 44
82 154
118 53
14 10
16 152
1 81
63 128
158 187
155 63
67 46
64 75
84 41
149 28
90 188
122 135
173 91
17 20
55 106
193 89
43 49
176 92
2 192
186 105
88 148
62 178
93 138
174 135
106 102
179 126
88 187
189 88
55 52
151 11
35 112
142 104
194 41
190 143
194 94
60 102
90 53
29 172
182 23
176 53
76 64
83 83
88 151
174 77
171 132
133 157
72 168
22 145
26 4
181 33
132 133
161 175
98 99
10 156
171 147
43 42
124 20
145 77
59 60
79 11
176 63
177 62
50 158
111 10
174 192
103 19
126 121
153 183
32 178
82 43
79 15
150 53
134 58
92 187
81 176
151 100
106 69
91 30
136 54
28 172
179 156
103 175
190 183
48 168
105 118
76 13
15 121
76 174
131 2
162 40
147 73
164 103
41 158
163 59
98 105
48 183
119 68
170 89
176 51
125 103
55 77
65 38
133 42
107 45
43 119
117 161
95 148
170 164
72 71
169 159
87 167
155 85
52 6
155 67
174 126
29 51
151 12
71 16
68 143
104 120
39 143
49 36
108 120
37 38
163 4
40 92
124 38
164 133
68 188
82 193
194 169
135 42
21 55
196 39
140 14
187 108
1 61
75 168
31 161
56 33
189 29
63 40
159 98
40 29
28 103
75 84
155 180
178 194
137 188
74 51
142 39
67 14
27 41
1 75
138 75
124 181
49 169
69 92
147 25
52 146
165 185
57 70
119 18
27 17
4 9
118 191
73 30
185 34
50 103
62 173
68 190
47 26
31 128
65 129
53 146
114 26
61 101
24 99
28 149
70 137
141 84
28 150
52 48
8 159
130 2
19 169
25 117
63 132
56 89
18 171
187 107
105 89
71 125
71 134
48 129
94 29
87 124
25 93
63 91
26 174
177 92
15 161
73 190
91 117
168 68
156 65
18 173
127 161
64 46
4 129
158 122
140 119
57 197
95 143
128 70
72 16
4 178
145 89
142 86
104 154
12 27
96 138
188 57
72 108
35 62
149 125
108 102
160 148
38 162
14 53
153 162
28 10
82 155
47 169
83 118
153 132
103 34
114 66
50 96
119 4
68 105
51 183
122 171
170 40
170 31
72 82
139 169
9 23
55 152
166 187
89 194
181 93
114 146
10 49
70 41
160 140
84 154
142 13
2 41
163 87
38 117
60 19
46 80
150 55
27 184
146 134
145 76
146 148
99 126
79 96
47 106
72 66
187 193
52 180
60 78
30 161
140 113
51 31
48 76
29 193
187 112
86 123
194 53
178 63
24 21
83 74
150 50
92 152
138 169
130 133
77 83
182 63
24 55
74 185
136 83
6 10
140 3
154 21
29 80
43 155
146 174
110 36
60 159
95 176
154 105
28 101
80 77
180 78
43 4
194 160
86 153
57 110
70 42
122 120
138 177
168 175
40 24
156 18
93 69
27 52
192 132
108 163
126 192
39 38
43 3
27 174
192 193
162 43
54 33
76 12
21 187
54 144
190 94
178 13
82 165
134 111
73 64
7 29
26 6
141 22
168 23
145 154
90 83
191 86
176 1
28 99
172 164
177 137
174 75
25 13
176 116
120 144
164 100
38 155
97 175
37 153
21 159
121 69
111 101
163 33
138 22
56 73
153 140
145 90
196 88
122 111
25 7
31 65
27 77
93 114
49 77
58 105
9 157
79 93
67 147
180 150
165 48
13 109
31 81
11 139
173 52
151 23
17 42
98 137
168 159
108 12
11 9
123 25
101 105
140 118
190 29
143 148
78 163
171 27
91 94
90 52
125 50
121 47
104 53
129 121
84 49
151 78
139 58
197 87
105 29
73 66
43 25
23 130
147 38
158 99
42 55
107 93
6 166
32 57
6 9
88 108
153 119
16 78
62 156
197 144
18 159
149 100
193 14
163 54
129 122
4 87
137 157
15 122
111 133
163 116
182 65
36 108
39 158
149 113
163 120
147 133
37 78
86 193
185 76
67 149
61 160
40 117
147 35
38 184
158 56
18 190
144 143
72 171
171 192
25 2
101 158
45 142
197 141
157 91
171 187
166 70
108 91
5 178
189 77
37 158
179 14
137 43
191 162
155 60
17 110
158 86
186 3
12 26
89 93
184 91
20 178
47 47
132 126
18 145
78 51
15 12
17 41
179 18
62 130
93 161
155 87
6 56
35 23
39 180
156 137
6 70
12 13
36 56
118 162
93 154
83 93
197 167
69 52
143 116
114 28
43 91
27 103
64 94
102 69
69 118
91 168
181 34
140 10
109 88
55 31
126 195
127 132
147 12
49 159
83 46
158 104
84 125
79 194
123 109
80 194
89 16
181 165
182 53
134 67
163 53
153 130
113 99
183 43
119 136
71 84
33 98
108 177
57 74
106 48
180 156
40 4
16 176
165 191
78 148
32 88
188 144
106 46
140 110
40 27
131 145
125 86
107 163
178 75
180 76
195 51
56 141
147 110
20 34
187 56
34 67
90 194
32 76
106 144
87 31
83 58
164 86
73 109
184 34
39 152
76 15
9 22
191 157
8 102
154 179
10 155
150 73
18 169
128 13
104 84
146 154
146 90
5 69
55 16
125 28
148 143
113 93
142 121
41 117
88 8
101 113
184 90
17 22
110 97
136 93
98 77
54 51
73 16
103 132
79 179
65 169
9 150
45 28
147 103
183 38
141 176
103 159
125 87
76 168
51 91
145 34
93 87
183 24
78 25
142 192
143 177
149 71
98 88
67 93
122 156
189 64
44 46
156 21
10 157
84 85
24 100
98 137
58 78
74 28
87 7
1 130
50 119
197 168
194 70
89 59
180 139
80 16
54 98
123 135
77 179
47 28
127 159
74 160
19 160
116 66
190 101
98 27
48 126
137 17
81 85
106 65
120 86
69 97
176 61
145 88
167 51
106 183
155 42
55 36
13 8
93 117
39 45
191 16
93 147
35 57
129 132
178 171
12 192
171 138
35 20
194 175
120 42
167 90
120 92
168 10
99 105
44 51
124 108
50 36
123 26
104 9
85 128
107 77
154 48
152 162
133 67
164 138
18 102
16 80
59 110
145 157
121 75
73 12
135 154
10 188
75 35
147 75
30 153
192 53
98 5
76 79
52 160
85 59
161 172
120 121
59 89
38 134
161 1
32 20
38 108
14 12
180 77
168 161
164 84
179 61
191 132
84 153
104 29
48 106
174 92
18 136
64 145
193 57
83 22
123 141
31 108
51 47
79 190
176 15
72 136
88 72
53 17
65 173
104 36
47 118
10 171
124 51
10 13
114 29
125 80
84 114
74 29
145 192
91 41
31 153
74 107
119 51
175 18
143 184
74 79
32 110
147 4
119 52
127 162
148 133
110 132
15 64
15 97
41 144
162 110
65 75
86 21
121 67
11 122
172 126
45 124
165 23
73 108
27 117
50 179
10 174
169 166
191 17
120 4
135 52
43 90
150 100
179 63
154 100
124 126
154 128
88 82
98 124
161 77
113 98
151 52
67 94
123 144
162 67
122 125
98 138
38 169
18 161
75 106
171 151
154 139
92 94
165 131
176 52
18 151
18 179
77 55
17 106
120 88
48 7
51 63
4 66
89 191
126 191
41 151
49 69
168 178
7 66
129 160
180 155
16 139
158 95
79 95
96 137
4 12
82 162
147 90
127 61
10 13
31 64
41 28
45 130
33 89
146 173
179 195
174 137
55 13
109 126
12 189
150 147
2 165
79 50
162 149
77 185
165 185
43 28
130 6
28 38
13 123
12 160
50 9
11 137
140 116
136 56
185 150
163 32
147 35
149 146
143 195
179 41
138 112
188 131
31 40
167 23
172 27
107 31
167 88
9 139
91 118
157 110
78 193
197 174
93 72
80 26
90 192
180 142
99 124
68 107
179 16
101 190
189 49
31 79
174 6
170 86
133 154
146 7
36 70
166 147
28 86
143 119
172 66
155 32
97 97
22 137
16 178
7 88
194 49
12 25
102 9
98 109
196 183
27 53
170 56
52 125
59 77
40 25
143 106
68 46
80 14
61 168
87 32
142 155
12 114
192 173
136 24
158 67
49 156
10 141
180 165
191 49
24 126
150 25
39 2
8 71
63 130
178 193
30 50
126 132
169 67
19 70
171 54
115 150
157 76
123 104
188 77
145 148
24 117
62 7
151 4
164 48
148 40
3 64
160 67
22 192
141 186
175 188
54 89
47 50
89 114
87 166
187 191
51 26
70 155
190 182
7 87
1 155
111 131
139 173
103 186
175 64
87 43
45 140
12 160
90 13
35 107
80 116
98 84
165 70
59 85
5 192
149 121
49 35
182 151
70 181
4 61
70 179
119 31
145 41
12 125
118 4
75 150
31 111
117 14
61 158
35 127
164 175
123 168
100 95
170 52
175 36
39 42
117 193
3 62
83 26
141 81
143 80
152 119
51 115
168 49
169 164
50 106
194 93
15 62
112 89
187 52
59 164
191 25
128 10
70 83
50 191
41 28
147 100
182 55
147 104
181 150
57 159
105 180
122 86
115 164
34 75
27 24
170 54
74 55
125 52
92 178
81 143
3 130
57 131
2 79
166 52
109 176
82 42
139 175
86 162
102 139
74 170
93 141
75 42
99 95
52 13
21 161
76 146
181 138
38 182
109 104
159 67
124 106
113 194
172 5
58 6
166 41
20 70
160 175
89 76
32 112
162 1
41 90
54 179
168 10
145 169
158 176
177 75
56 195
129 94
38 142
157 97
176 141
7 23
106 15
177 61
179 124
111 138
23 53
83 97
98 133
120 107
39 192
142 103
32 75
52 191
31 123
73 134
9 175
2 180
175 112
185 36
174 40
148 25
111 86
61 60
194 40
100 169
70 16
20 177
173 139
28 29
72 170
139 187
84 86
115 65
71 102
142 156
82 85
61 156
180 75
109 124
74 136
54 88
118 18
50 128
33 34
27 15
4 83
120 178
5 76
7 86
44 42
20 66
61 160
189 167
129 24
13 158
12 66
196 41
114 131
118 56
167 151
180 180
89 15
38 147
76 34
130 14
189 72
125 122
165 129
77 121
120 127
17 36
9 148
143 62
134 176
5 17
143 103
170 30
114 86
118 149
172 104
171 127
129 91
72 28
115 52
163 55
59 125
100 125
161 85
94 138
179 107
55 81
74 41
174 127
108 172
60 72
194 193
153 123
131 93
146 193
58 87
169 160
57 144
14 122
108 104
59 74
195 34
112 104
84 110
74 43
186 34
50 194
151 122
81 177
127 80
113 92
102 19
22 189
105 75
195 145
49 105
100 109
60 7
152 139
73 71
91 152
49 157
150 135
186 191
146 172
19 34
163 30
136 67
109 78
123 27
51 152
12 8
148 30
12 140
50 70
58 169
27 79
193 73
135 167
66 186
68 87
192 23
10 41
93 2
11 188
8 31
137 29
192 107
87 40
121 29
194 2
59 107
174 78
179 53
192 93
33 173
181 36
109 179
101 178
156 98
192 38
63 32
139 135
170 175
19 98
179 153
35 178
100 126
116 163
52 28
141 3
29 158
121 42
175 92
190 86
129 125
139 26
21 150
56 80
131 67
73 13
11 63
139 157
130 109
77 81
186 6
167 96
116 39
56 68
189 112
71 181
95 194
132 147
130 145
114 25
104 182
155 89
151 24
137 151
13 13
189 18
13 110
170 178
101 5
168 176
194 55
56 17
154 101
22 187
189 128
197 165
182 68
19 189
191 16
113 98
80 97
31 104
182 126
120 52
32 172
24 21
103 31
94 161
40 25
95 64
189 173
10 90
152 4
123 171
183 183
118 145
36 12
107 158
132 9
102 68
9 160
8 157
8 64
129 79
50 48
121 93
155 166
171 123
174 7
87 49
169 187
49 116
2 87
165 133
17 34
176 2
46 67
22 135
13 159
161 59
14 96
9 86
180 68
151 185
42 25
102 12
80 117
92 11
92 1
23 127
8 171
72 87
86 191
175 55
147 72
140 112
144 133
92 154
44 43
114 27
179 181
33 172
174 98
197 177
119 78
4 76
154 85
90 153
133 148
60 165
116 42
194 69
122 127
68 156
99 88
119 77
121 146
194 23
189 87
36 142
114 63
155 163
60 79
132 111
69 40
45 77
125 41
91 165
46 126
123 127
147 87
119 107
26 28
197 92
133 126
166 17
121 88
150 72
176 98
13 80
160 172
49 104
185 25
145 171
88 60
27 77
16 23
40 159
75 140
49 34
24 130
130 5
119 126
49 153
18 50
106 34
171 134
59 195
38 13
71 157
68 189
141 113
77 106
160 133
53 157
9 20
186 20
13 127
57 158
74 8
96 143
149 98
21 4
164 104
191 23
183 193
160 110
161 130
137 27
144 38
103 5
19 108
96 42
36 23
138 176
60 170
168 190
49 80
60 68
195 190
129 59
57 77
36 39
161 44
104 137
102 143
67 145
52 194
22 152
185 72
123 142
9 11
7 100
191 144
188 112
133 152
16 151
63 19
155 159
3 69
46 16
27 34
56 191
127 50
141 82
67 118
195 41
96 33
188 191
88 98
127 52
168 65
138 29
97 124
58 56
74 134
113 51
172 165
139 55
133 175
110 159
85 124
175 65
34 89
91 3
171 39
95 181
86 60
14 61
32 55
142 41
56 78
75 50
143 187
152 72
49 41
29 88
56 31
46 43
83 180
102 84
19 193
145 62
70 136
16 28
76 170
51 105
106 161
138 92
132 6
147 39
74 27
163 103
123 17
160 41
69 95
67 124
173 166
38 159
76 188
191 71
99 85
133 15
86 23
53 33
63 96
132 69
149 34
9 120
106 57
84 7
197 176
151 119
160 150
150 21
80 13
165 132
90 191
140 111
182 66
173 54
72 178
120 125
29 122
116 41
159 63
88 37
125 81
77 17
2 193
67 42
119 142
160 189
114 148
166 72
90 71
96 181
169 152
168 48
17 179
162 148
54 37
41 118
30 79
168 151
29 33
171 186
150 8
170 192
100 135
27 130
34 51
124 44
63 73
117 188
91 115
146 61
74 42
22 51
108 121
42 162
157 109
150 137
34 111
186 18
116 150
73 185
7 41
168 177
184 93
89 104
145 119
77 134
122 110
57 72
115 29
86 167
95 62
114 66
154 89
9 117
181 144
72 67
167 87
97 31
171 190
30 151
78 162
77 136
188 62
44 52
33 67
145 146
133 178
160 174
46 82
132 4
14 157
84 27
50 6
131 91
177 90
97 103
142 12
95 151
141 186
167 186
13 124
114 24
30 158
85 46
153 6
56 85
169 175
49 44
88 150
145 120
18 176
191 130
181 147
25 24
39 46
161 147
50 54
51 37
53 92
52 54
195 141
159 97
78 26
154 7
183 152
78 161
158 167
192 128
128 63
182 130
155 59
121 141
135 157
25 130
10 48
18 52
72 134
187 20
177 110
69 46
51 90
112 97
133 12
95 61
32 194
27 28
27 30
20 24
110 122
76 11
12 122
93 14
68 21
158 49
123 136
110 54
12 23
28 130
87 22
119 143
127 62
144 194
194 166
162 85
166 114
119 44
88 193
50 10
32 174
163 118
10 121
182 62
60 105
107 169
85 166
5 48
38 11
62 19
43 92
27 113
89 49
141 51
147 52
29 38
20 54
6 149
19 109
8 188
29 5
158 60
120 160
163 29
107 76
33 159
138 112
36 57
177 67
48 171
159 96
91 140
57 17
194 159
100 139
71 130
54 96
190 13
171 111
184 141
32 196
186 5
106 56
115 50
11 155
16 152
101 182
62 92
135 71
49 155
33 97
195 161
79 28
132 110
39 3
42 94
117 195
55 47
49 33
88 83
193 121
116 16
88 188
38 192
35 188
70 138
189 94
138 161
30 169
87 191
15 25
146 55
120 53
46 25
146 71
79 94
36 188
107 92
117 7
105 34
108 78
103 90
194 73
148 4
57 164
193 32
120 55
4 158
137 157
165 96
69 15
112 43
143 61
61 23
159 130
95 181
166 9
130 99
57 152
54 47
130 112
23 93
113 193
87 24
176 101
130 158
52 127
118 54
180 11
91 128
90 98
190 34
146 76
60 69
150 143
53 38
27 177
28 171
181 53
170 26
18 148
8 19
92 103
170 161
146 30
7 117
136 81
6 59
41 191
121 109
47 52
83 60
68 187
75 5
85 57
179 56
40 43
107 104
3 49
5 29
172 176
8 149
175 37
84 9
31 160
152 103
60 192
118 190
103 69
181 57
155 33
180 128
184 6
172 165
194 176
155 130
163 75
35 86
171 50
197 86
56 154
173 123
17 99
94 142
177 64
105 183
84 11
135 75
148 73
58 110
139 53
141 85
27 182
174 4
30 84
192 129
91 76
155 16
159 67
172 178
42 134
42 38
43 120
176 103
41 53
155 156
75 171
98 75
167 117
88 186
188 15
24 118
146 121
32 80
174 160
151 56
191 180
77 41
182 105
160 188
185 26
151 25
177 165
161 164
155 184
176 152
87 21
192 184
190 128
120 65
55 38
47 27
18 146
10 158
192 183
12 24
32 22
56 168
41 172
94 159
106 45
93 11
158 120
54 34
142 106
164 141
147 133
174 190
179 1
32 158
135 158
192 134
188 143
102 13
96 177
94 31
128 81
31 172
172 187
92 180
124 159
117 5
5 98
57 85
81 118
131 13
38 14
64 34
176 188
104 48
9 137
39 182
50 126
29 143
178 172
134 74
86 127
115 24
186 192
15 13
108 99
75 125
104 166
97 194
81 78
180 192
194 191
66 75
49 157
155 44
64 103
172 164
65 130
192 94
121 138
95 41
189 97
34 81
158 180
144 193
96 162
88 49
2 46
69 96
76 121
186 30
55 36
121 120
63 101
139 57
125 72
169 163
177 139
102 52
128 135
126 81
119 168
29 79
165 7
88 81
165 26
21 173
47 63
109 92
143 176
174 189
31 159
11 120
128 9
69 94
28 173
22 1
37 11
15 110
170 127
10 116
8 175
13 106
164 99
36 147
80 176
120 8
99 139
97 27
102 8
123 104
147 8
8 21
87 39
98 7
102 177
56 165
191 119
124 157
82 175
25 99
129 27
144 156
20 187
33 87
191 24
52 145
1 89
189 61
130 189
12 137
106 176
87 26
9 121
56 134
152 32
4 11
15 157
53 174
166 55
20 137
50 129
196 40
5 53
138 171
81 24
106 123
122 162
77 107
90 82
88 53
194 93
30 128
161 4
185 32
42 143
20 152
153 131
27 169
105 157
156 61
17 107
170 148
86 40
133 159
16 49
58 133
62 93
85 60
19 171
181 68
50 51
26 31
184 4
194 71
12 117
41 170
41 92
8 90
149 99
39 107
52 7
72 64
85 96
168 26
4 182
27 181
68 16
164 52
47 41
10 113
94 149
72 17
166 149
72 70
60 120
171 109
179 114
83 161
26 172
124 52
91 185
97 193
111 103
143 63
176 154
183 90
192 64
75 121
104 139
62 106
57 156
155 91
188 61
176 193
146 146
36 42
125 33
184 147
54 134
119 69
104 123
133 122
167 99
104 122
100 8
79 191
149 111
177 65
113 7
184 179
47 172
150 28
60 191
113 111
47 78
121 91
169 63
120 171
146 36
94 163
175 61
91 73
67 98
19 96
65 45
145 121
167 108
186 72
104 119
138 113
121 107
89 58
40 162
50 183
113 109
33 160
41 139
171 136
153 52
18 135
156 138
77 135
25 91
62 46
143 81
30 194
8 127
62 5
145 141
42 15
130 177
18 172
164 129
95 118
106 70
162 61
84 118
9 17
85 107
150 144
192 170
64 145
22 147
23 129
180 79
66 30
3 59
108 119
106 157
188 16
170 178
19 179
178 116
45 138
145 124
136 151
87 71
62 91
143 120
93 74
6 165
102 20
1 157
193 101
181 144
112 92
15 8
45 70
105 45
143 189
180 183
55 148
162 139
37 118
94 28
48 70
50 65
18 160
155 21
109 125
55 108
140 118
106 163
159 131
188 49
46 41
91 33
52 153
136 154
172 192
88 99
30 174
31 39
158 63
108 35
133 75
167 48
86 46
187 34
132 13
93 196
11 160
57 123
125 31
112 91
7 49
75 65
60 74
71 136
154 12
175 75
144 137
96 163
58 59
20 160
196 177
114 67
42 138
180 55
115 51
121 93
72 135
20 56
179 111
30 38
169 132
18 39
31 150
138 174
89 129
28 169
148 137
2 47
29 179
134 166
105 159
2 128
159 79
30 149
37 184
140 120
48 193
32 87
171 69
138 187
136 53
113 195
84 83
141 133
180 17
136 55
84 56
11 61
18 138
32 81
86 154
91 92
139 171
185 74
102 154
33 31
163 110
103 144
95 87
89 138
109 99
93 153
37 152
75 44
125 79
192 32
1 90
164 151
102 166
70 39
148 125
113 10
146 169
183 127
121 156
167 162
156 159
2 10
82 163
32 177
30 183
167 136
168 7
121 162
55 48
179 104
31 170
150 51
149 8
118 93
127 79
91 31
122 179
130 175
147 31
86 109
47 29
52 98
122 77
24 115
162 33
54 81
42 46
93 85
105 85
94 147
37 104
100 78
69 16
76 17
132 147
177 181
120 26
26 170
48 182
172 163
15 39
29 84
30 52
183 166
75 55
108 30
192 169
44 49
110 48
148 109
52 142
12 6
75 54
122 138
30 181
46 77
13 6
58 56
66 34
51 50
50 130
44 138
195 26
162 175
52 92
192 189
93 92
92 91
118 92
72 69
104 132
21 3
15 53
168 11
134 98
31 105
44 70
51 35
97 128
173 3
58 191
176 11
182 3
178 114
140 121
53 160
92 76
82 97
132 12
195 173
23 122
173 89
74 108
46 7
3 70
61 62
64 96
193 26
57 148
123 156
5 66
43 51
3 75
166 100
5 155
169 48
27 51
110 91
72 103
157 178
59 68
5 18
188 105
32 29
77 189
136 29
63 20
49 83
27 78
128 42
81 28
115 133
124 24
113 53
36 22
29 144
191 73
76 180
103 166
116 29
49 183
139 13
26 8
40 67
197 175
93 182
167 7
74 163
24 1
51 52
27 84
138 169
90 16
137 16
62 21
184 152
104 71
154 31
136 157
49 152
110 55
160 32
74 139
27 80
142 105
88 56
163 175
104 159
12 77
109 93
34 76
73 111
17 39
190 156
108 16
147 143
83 142
130 192
187 107
161 103
142 195
82 164
80 118
47 54
70 154
18 53
2 195
143 142
161 84
110 111
158 179
179 106
45 81
139 52
73 57
144 52
186 33
4 10
29 74
72 155
72 83
177 192
132 124
48 14
154 137
114 9
194 118
77 191
144 35
10 88
139 160
68 84
177 180
171 6
195 155
39 117
174 16
51 172
54 80
32 106
98 109
3 89
90 37
80 17
28 177
94 180
147 74
157 50
104 46
139 24
1 59
68 96
158 90
67 143
51 10
79 125
146 157
106 160
102 179
160 141
120 188
145 177
53 157
193 157
85 95
29 169
33 161
195 189
154 179
4 49
42 16
111 127
96 139
105 87
181 55
159 166
91 182
128 133
87 56
35 182
150 112
180 66
150 136
33 81
154 119
152 21
93 94
196 181
168 9
71 85
91 16
120 158
2 191
174 55
143 85
15 160
74 69
80 121
121 158
54 95
78 192
68 130
87 53
32 79
70 120
156 192
140 6
175 102
90 170
6 175
92 175
32 167
19 65
1 62
32 94
75 66
82 139
52 31
123 177
10 44
114 38
67 11
147 141
102 70
65 172
47 49
140 106
88 33
92 141
41 162
11 113
141 189
106 146
165 189
178 191
36 143
110 104
83 78
148 136
72 104
161 67
142 169
29 192
118 57
145 146
70 119
100 54
115 193
35 53
89 125
48 169
44 16
139 177
169 38
134 112
20 134
103 148
85 49
23 91
92 16
30 84
103 135
104 20
156 48
62 158
97 195
50 98
106 103
172 64
160 123
115 189
48 115
50 43
27 41
186 32
84 93
91 70
40 66
41 51
112 9
44 13
76 175
93 160
21 159
162 76
20 35
183 42
154 11
197 145
69 97
51 64
66 31
92 179
118 188
190 162
143 39
30 172
61 104
126 122
60 81
6 29
64 143
109 29
77 37
97 126
35 86
17 23
174 161
16 67
74 66
134 102
179 57
60 103
57 105
88 9
90 123
81 179
160 30
24 15
121 121
66 46
36 53
101 112
127 103
11 136
170 159
37 67
68 11
148 144
185 73
125 42
47 119
59 87
52 90
187 119
52 148
74 83
147 89
35 192
195 24
133 168
164 148
130 124
184 181
101 9
59 141
63 30
37 120
181 153
100 128
100 55
53 26
31 142
132 148
32 56
77 148
77 138
152 16
104 65
71 5
87 59
37 66
195 52
113 54
20 84
160 31
142 154
87 107
65 143
73 4
22 152
6 72
78 194
165 44
161 79
162 104
193 120
18 54
127 33
95 114
121 170
11 12
77 15
95 31
153 99
108 54
142 183
173 135
85 12
56 37
96 193
4 88
27 85
114 52
77 150
91 98
170 69
24 52
128 38
124 182
13 140
124 34
132 177
105 144
176 127
57 195
197 173
165 18
139 11
103 29
3 63
74 12
14 98
105 146
2 69
91 38
192 155
195 31
42 26
44 54
3 71
75 147
13 100
129 80
196 156
80 51
35 88
12 97
166 191
74 190
103 136
8 60
133 13
167 97
74 30
126 108
134 148
162 76
184 26
17 86
182 147
29 39
152 100
183 140
38 128
24 93
107 102
171 52
47 194
182 124
130 99
78 149
83 41
102 6
114 50
146 72
164 56
147 125
70 52
124 158
14 95
165 23
130 9
54 79
65 190
28 30
155 162
42 117
167 98
195 55
107 54
16 100
154 175
31 126
192 118
41 140
86 122
56 164
127 78
16 55
86 41
169 56
160 187
53 25
74 64
27 127
187 53
84 21
64 149
38 106
140 117
67 12
18 23
2 158
194 26
4 166
171 48
8 151
117 147
31 94
121 66
39 105
115 163
18 192
187 33
116 68
71 179
58 164
134 170
16 66
43 44
164 50
148 120
163 109
110 109
181 44
173 27
194 34
81 96
150 75
91 136
89 116
182 197
165 25
179 115
104 7
155 132
10 120
54 78
15 63
171 56
33 57
95 152
10 191
155 61
169 178
132 2
9 45
154 177
188 167
15 107
104 34
143 141
192 15
140 22
156 96
98 29
178 168
135 58
101 104
16 65
53 152
138 134
124 31
18 70
83 140
66 143
113 42
100 134
183 124
119 26
100 138
85 56
88 147
96 44
2 66
120 51
27 178
51 170
102 147
17 55
158 103
62 60
39 189
50 190
67 56
50 160
97 105
70 140
195 41
188 193
97 97
26 113
178 68
110 8
16 7
140 27
90 142
47 124
76 57
15 162
20 147
149 120
15 120
180 167
124 127
40 141
17 146
83 21
78 160
195 33
67 190
190 184
65 189
124 17
8 160
99 74
107 183
162 140
176 123
121 24
106 36
51 118
169 165
5 12
194 184
196 184
174 193
62 42
139 67
168 27
20 66
110 161
165 75
46 171
91 125
194 157
10 6
48 43
104 190
47 190
24 103
132 109
166 56
67 52
73 82
109 90
11 127
139 75
26 22
89 12
191 128
182 90
137 45
192 31
161 86
48 191
150 77
45 29
189 34
96 159
83 177
30 6
98 33
190 31
75 52
19 158
182 61
86 42
115 19
30 8
72 156
16 140
67 127
55 110
115 44
159 133
2 166
23 55
141 52
78 52
7 17
171 164
78 56
157 45
160 59
113 56
27 87
45 63
175 193
194 32
180 141
142 84
31 167
193 5
5 54
27 81
154 121
97 95
189 169
92 147
170 136
119 43
13 156
4 71
42 27
5 32
159 192
74 169
21 85
166 43
193 89
122 182
65 72
152 33
189 143
150 22
76 171
109 87
83 96
144 169
56 124
58 7
67 186
49 194
75 190
32 96
63 168
156 140
100 9
150 133
26 13
134 100
121 17
53 183
49 160
134 151
179 110
162 138
120 89
91 104
59 148
193 86
133 91
13 156
137 161
80 179
188 20
129 93
117 24
27 126
161 133
14 7
38 158
155 34
117 188
48 6
49 158
143 83
160 191
134 161
54 148
56 158
31 149
78 178
155 56
167 110
73 36
103 84
183 194
90 151
184 92
82 152
139 92
89 126
157 189
13 155
113 135
190 183
136 25
121 178
156 180
110 160
192 56
82 192
121 30
10 140
133 125
100 124
14 188
140 177
49 129
133 104
77 110
108 98
1 79
77 43
137 158
195 100
163 63
151 120
77 44
6 113
188 29
108 123
113 134
5 45
182 33
13 188
83 139
90 180
151 184
90 165
35 67
152 137
33 144
53 116
123 88
183 169
97 74
121 68
190 134
39 155
21 84
53 16
195 193
90 150
122 108
8 88
118 111
152 121
13 61
31 62
189 92
37 162
77 65
106 29
23 146
121 108
147 21
80 97
194 30
87 127
107 98
188 18
170 177
164 139
162 41
10 135
168 69
14 155
196 177
84 124
154 99
98 32
16 179
51 51
53 98
128 59
98 78
114 8
55 141
49 82
25 182
134 100
72 84
49 64
124 180
21 187
194 3
74 122
109 177
49 26
158 89
141 23
56 105
169 17
174 165
103 133
113 125
46 68
91 124
31 174
75 79
197 93
76 14
127 105
74 41
21 193
130 195
6 65
66 25
137 184
107 159
53 47
170 40
89 71
162 173
147 111
100 167
161 132
76 178
88 73
161 75
39 79
15 120
178 151
115 63
43 38
30 94
56 122
94 61
193 119
97 62
96 41
162 1
57 145
38 12
153 105
89 13
126 72
39 71
105 76
71 71
99 132
84 126
95 153
190 70
181 24
89 147
56 34
156 17
139 22
41 188
3 69
14 65
67 45
181 12
170 187
138 34
191 147
31 173
161 123
159 109
70 53
106 16
22 191
183 179
19 162
50 33
197 94
12 171
12 157
5 19
91 175
66 149
67 130
4 59
41 45
111 104
182 144
55 131
112 41
155 43
125 25
78 191
135 166
49 66
77 137
110 108
47 55
87 74
19 24
16 141
60 103
116 64
13 109
169 25
123 146
139 72
44 25
105 69
21 86
30 192
189 15
85 164
102 148
72 141
192 39
37 126
121 123
181 35
6 72
46 8
80 78
28 81
194 57
88 76
3 55
116 193
91 180
152 31
36 66
18 158
194 87
33 142
88 167
105 123
109 49
121 125
41 171
120 146
101 111
88 166
75 148
119 141
173 102
104 47
175 127
136 161
90 51
168 66
125 28
121 169
178 110
132 168
109 175
26 171
130 193
17 49
27 167
39 191
179 125
184 5
77 190
72 8
5 55
58 148
103 9
128 189
154 183
151 103
24 95
120 156
70 88
43 1
63 106
176 126
27 105
29 160
193 193
153 33
49 81
45 76
40 1
57 143
120 141
169 150
113 86
7 59
131 4
72 154
124 183
1 60
177 156
6 19
138 170
164 147
46 124
115 14
102 14
172 98
98 43
5 182
155 174
59 191
89 11
89 81
3 157
84 108
81 86
92 114
36 46
135 13
192 61
94 44
98 8
38 104
180 44
89 188
123 5
156 138
30 98
142 40
197 169
178 79
8 116
2 126
192 87
71 154
138 53
157 187
154 5
87 42
152 71
151 77
4 126
176 92
168 187
60 62
4 53
158 51
30 96
176 139
123 90
119 79
189 110
181 26
13 107
186 182
112 133
94 88
89 10
90 129
67 117
138 83
124 53
119 15
14 190
20 35
75 137
111 97
80 189
179 55
77 42
125 126
33 55
73 27
95 177
89 137
72 140
179 13
81 27
55 143
144 117
17 152
16 136
45 64
71 126
170 125
144 192
52 159
125 19
168 56
105 136
185 75
109 178
189 91
146 141
68 149
136 79
172 186
194 167
191 169
34 77
48 179
129 124
40 52
184 142
2 164
179 68
191 26
56 13
52 25
9 147
150 78
191 105
107 78
178 194
134 23
132 112
176 137
16 70
23 125
140 137
25 5
119 27
28 126
144 106
132 94
122 112
54 77
155 165
110 99
156 97
188 110
139 74
54 152
42 90
5 42
186 117
158 59
130 110
41 120
68 145
124 183
171 5
62 160
58 61
127 28
170 111
175 12
173 127
27 21
98 97
191 118
102 168
104 45
178 192
38 112
22 134
48 15
169 40
165 24
49 47
80 140
154 162
162 147
103 183
156 45
158 42
3 182
35 183
53 31
7 151
106 31
144 122
50 44
12 188
136 71
24 128
120 47
46 65
51 77
67 38
134 175
17 21
27 6
154 52
74 168
58 177
106 78
176 13
126 132
50 42
36 38
110 158
63 159
7 90
6 31
14 141
11 10
156 131
112 103
144 121
138 173
96 76
106 66
115 131
33 76
182 107
42 142
131 109
130 101
32 74
150 52
68 23
147 37
24 135
54 88
81 87
18 51
78 55
171 65
4 155
114 68
62 40
124 103
123 4
19 169
115 162
89 140
39 170
89 69
29 149
168 55
37 154
46 69
129 195
77 80
170 32
46 6
4 81
18 177
15 156
41 141
127 24
39 134
180 144
103 71
123 32
121 28
113 126
108 101
108 179
108 15
170 132
93 13
19 84
44 50
110 169
143 64
31 143
163 64
146 143
14 110
59 72
39 121
41 171
21 57
9 113
121 112
141 86
17 33
41 3
91 154
26 32
191 68
42 23
60 6
62 39
171 51
162 87
195 101
30 41
62 169
118 108
169 28
172 175
69 124
65 187
154 132
26 29
100 111
40 69
20 52
16 97
129 91
7 175
17 66
50 172
76 185
171 53
173 164
88 149
87 57
100 99
176 68
24 23
105 88
134 157
11 140
83 75
7 102
180 151
189 161
142 112
128 43
33 74
135 152
31 142
58 125
178 3
178 183
27 49
72 4
89 141
118 161
191 5
6 167
61 105
190 56
11 125
46 81
39 14
23 6
110 31
184 144
136 34
184 140
164 87
177 116
71 126
21 171
20 138
32 35
50 41
39 106
119 170
5 100
179 79
190 5
21 151
87 170
5 164
132 136
41 39
192 167
105 179
133 44
97 102
112 93
95 27
88 100
86 52
67 17
180 138
169 109
43 51
150 145
29 142
76 139
120 77
12 172
189 171
181 181
69 88
172 65
121 5
35 85
110 124
7 89
171 152
60 157
167 56
21 148
47 173
5 22
164 4
62 57
8 99
57 141
182 44
84 127
146 176
172 177
54 32
77 64
185 23
117 193
119 169
60 193
16 79
6 11
139 56
51 125
165 40
113 123
9 88
158 52
21 23
194 141
123 34
35 190
162 4
163 141
23 51
138 82
148 134
148 29
26 15
176 125
39 183
99 113
59 86
65 186
40 145
3 47
37 76
83 179
147 22
46 24
161 29
49 6
56 71
161 110
91 176
64 130
36 159
21 146
47 48
188 134
182 152
52 51
147 51
149 78
28 24
104 16
29 86
59 58
94 43
45 127
96 161
30 5
129 158
171 32
180 62
147 98
104 183
179 112
57 147
188 130
31 81
65 149
112 39
135 22
51 13
11 192
193 119
167 118
178 66
195 99
179 167
27 125
9 171
118 182
163 115
84 161
192 63
144 136
146 4
17 70
124 42
163 73
20 36
74 123
138 79
23 95
60 22
162 149
150 74
68 190
94 27
43 94
190 107
32 23
46 169
102 145
169 165
88 11
130 91
168 28
106 148
31 109
60 80
111 108
75 185
130 126
88 10
163 133
179 182
24 54
93 4
4 195
182 103
131 4
6 164
176 76
5 33
12 115
169 162
32 161
89 94
107 29
72 181
102 67
141 24
30 167
151 8
41 23
136 29
86 41
121 25
162 61
121 70
102 88
166 40
143 121
118 195
68 86
127 106
45 68
143 183
184 118
186 29
98 111
37 142
28 153
86 49
33 29
180 143
53 171
59 145
132 132
181 37
3 195
72 180
172 189
145 137
70 40
152 22
60 166
159 147
110 45
21 152
40 55
163 60
6 172
175 53
3 12
95 117
158 91
27 50
51 171
158 165
115 38
89 185
3 158
80 143
124 120
31 63
19 42
129 193
135 35
179 42
55 55
7 31
186 180
136 52
36 160
111 91
153 129
187 106
26 173
92 149
183 144
126 54
58 60
8 63
40 51
115 195
109 181
98 30
131 132
15 106
148 146
165 10
77 4
163 119
72 68
77 165
174 104
106 49
27 51
183 192
16 8
155 64
49 78
112 40
28 151
25 95
141 6
40 131
179 191
108 56
13 23
54 142
195 25
140 187
66 188
168 88
7 42
90 53
166 48
77 36
29 84
63 156
189 90
71 107
28 84
89 37
78 50
152 183
6 33
101 89
119 190
71 181
141 187
49 126
84 51
173 5
144 116
192 191
161 120
56 36
82 93
109 75
64 95
111 98
118 20
50 127
45 27
110 34
148 90
45 25
105 86
49 79
49 65
4 167
189 192
138 51
181 107
40 172
126 120
21 24
53 172
26 119
143 170
146 133
153 10
167 111
77 34
44 41
144 120
14 66
161 83
13 120
133 6
67 129
46 28
109 122
52 174
139 137
8 65
35 189
146 87
32 77
33 51
62 6
176 156
40 146
113 97
110 30
115 31
48 42
160 74
168 67
41 53
100 188
163 3
10 7
3 83
91 170
28 79
38 132
12 99
123 42
55 105
108 31
44 82
195 143
191 156
83 57
89 170
171 37
185 3
47 105
107 97
90 94
33 167
6 173
44 14
3 56
119 57
154 8
78 177
127 38
106 75
91 127
1 87
126 78
175 123
1 65
32 53
36 104
145 39
106 172
189 193
100 96
62 56
36 40
93 70
192 171
93 149
133 160
111 122
108 31
164 175
174 31
143 41
87 27
147 63
114 86
4 79
24 136
83 178
91 93
180 156
32 75
154 164
192 50
42 46
192 57
54 97
53 173
163 70
3 79
7 75
167 159
64 93
82 87
23 124
144 135
105 35
105 33
142 177
119 142
27 28
32 23
181 192
188 53
122 168
115 68
6 69
14 139
177 63
60 23
121 18
72 13
56 86
38 172
76 66
19 173
149 101
108 46
157 87
133 3
196 169
176 12
141 136
188 34
170 28
178 169
86 25
191 13
77 40
42 158
104 134
30 130
106 189
131 6
26 21
19 85
91 71
20 87
142 14
18 100
115 132
42 28
153 21
143 195
106 145
42 155
134 145
58 119
124 178
132 104
22 138
91 72
68 56
123 33
154 187
15 23
54 179
98 28
11 135
183 6
74 124
103 142
26 34
39 125
11 157
124 162
158 60
94 64
37 119
80 50
144 148
179 12
5 59
138 53
122 78
31 112
173 40
68 103
172 190
98 74
60 168
154 4
68 83
110 138
75 71
52 168
60 125
188 55
8 126
188 129
121 181
154 166
168 56
2 11
18 49
95 161
192 162
154 159
188 53
84 25
26 7
194 97
122 182
8 155
50 31
13 161
8 117
5 21
56 132
119 146
194 144
14 106
183 128
141 110
138 111
58 143
153 56
52 182
35 55
184 143
118 8
35 128
40 142
77 6
79 24
120 157
91 1
170 134
147 78
105 30
33 104
39 131
97 87
57 142
90 127
167 161
105 142
114 10
3 60
194 156
159 79
112 8
126 38
104 55
52 8
183 138
76 125
144 105
53 169
157 52
91 188
119 20
103 12
61 167
30 97
128 61
165 100
174 165
91 123
61 106
36 13
33 171
31 130
184 23
160 76
108 179
151 123
193 41
119 7
42 121
149 88
109 182
58 179
68 54
167 189
83 161
32 30
102 190
40 26
118 150
14 23
40 168
180 53
89 128
182 104
19 39
182 92
123 7
62 38
192 160
24 119
66 72
147 54
151 188
92 100
110 10
168 134
137 24
46 129
141 83
185 33
166 20
101 104
139 73
133 92
102 71
164 41
151 103
158 43
139 29
177 13
177 66
3 91
135 44
166 42
71 124
139 36
82 153
179 113
192 121
187 105
47 51
151 21
143 34
190 180
179 66
182 67
94 175
57 87
25 2
39 151
49 183
28 74
189 173
11 11
18 188
107 12
36 112
38 38
101 157
177 183
168 8
2 194
11 6
183 23
89 102
115 63
64 75
108 138
31 158
148 98
10 89
119 138
65 39
110 32
128 14
41 192
172 191
181 105
51 35
85 93
93 64
118 181
109 34
162 105
130 122
76 165
84 84
89 154
109 31
188 19
52 192
64 144
127 53
118 190
87 165
123 183
166 190
129 126
21 2
75 149
93 177
101 52
110 7
123 6
9 21
136 74
143 147
153 166
86 81
180 63
170 52
24 51
192 106
34 112
74 18
102 21
161 166
138 69
51 160
55 14
62 44
100 98
164 152
160 103
4 89
46 79
102 53
116 145
54 36
11 171
153 156
51 6
12 116
162 72
14 140
119 17
76 28
122 17
133 45
146 170
176 170
118 144
189 101
136 74
62 168
72 157
162 44
192 90
99 104
95 147
163 67
86 83
191 52
51 126
190 73
80 52
10 192
168 190
129 78
91 167
10 114
52 17
149 12
136 27
119 144
32 54
24 102
50 131
164 174
41 42
137 187
163 83
23 126
105 84
5 181
128 40
154 174
176 124
146 41
68 25
183 125
119 86
170 138
150 9
125 18
8 70
194 181
98 134
124 107
49 41
175 62
125 32
10 172
151 187
177 11
158 166
107 160
82 194
44 45
122 88
3 167
197 90
59 81
26 167
60 73
123 162
97 103
51 92
18 19
190 105
43 118
85 114
62 95
119 55
173 159
151 11
15 77
184 121
40 151
181 43
52 128
101 155
39 76
113 109
140 95
148 36
191 155
156 130
186 121
105 134
47 24
71 141
158 147
20 169
51 33
72 65
136 187
102 75
197 91
44 38
139 159
184 119
118 109
37 68
57 157
59 142
129 63
41 142
142 81
31 35
153 19
75 141
156 156
105 158
123 178
170 126
121 141
156 187
67 72
84 60
49 103
115 18
185 183
16 22
56 166
190 173
157 41
86 53
129 28
32 85
170 48
59 143
173 7
39 110
36 41
116 67
80 125
195 32
70 124
115 190
59 141
64 92
169 19
39 118
20 150
186 193
176 66
54 143
1 64
12 173
185 121
142 10
54 147
28 179
88 103
67 75
88 13
36 128
74 164
139 54
81 141
91 11
73 37
191 14
191 184
72 15
36 180
190 20
91 147
167 159
135 160
155 140
165 148
98 41
155 185
178 16
135 168
59 5
195 53
8 189
119 16
94 177
162 118
129 61
189 147
126 133
22 151
101 181
68 85
48 194
171 175
14 77
32 192
127 193
109 89
115 165
152 21
53 117
35 65
106 162
23 123
102 186
149 133
56 152
146 120
170 108
70 126
162 121
11 175
69 102
147 36
95 150
108 175
19 102
57 119
80 124
50 82
174 123
135 51
165 19
166 73
166 148
85 155
132 67
73 84
72 14
148 147
13 137
79 57
9 127
65 74
65 24
134 25
138 34
42 14
68 126
155 164
132 122
14 192
15 24
137 67
188 173
149 36
195 157
191 120
42 159
60 122
191 86
176 165
39 108
125 70
58 85
53 143
188 132
9 140
34 108
190 3
153 12
123 41
104 8
175 100
68 148
144 55
83 181
194 68
116 190
74 165
59 8
131 136
117 180
20 67
35 68
18 187
81 97
118 110
34 74
28 31
78 57
78 192
163 48
114 147
185 35
93 3
156 16
36 44
38 180
24 6
20 176
51 15
180 41
95 159
79 52
116 195
78 53
57 15
171 159
9 151
180 124
57 13
177 141
132 10
59 179
103 139
116 40
12 79
51 32
99 128
41 25
89 57
22 6
173 51
16 137
103 36
178 166
75 70
127 32
12 96
116 24
67 54
133 18
193 191
138 73
1 74
139 187
37 147
46 44
62 177
75 136
71 141
78 24
182 170
20 158
107 16
189 130
157 176
124 124
112 90
191 143
100 113
126 134
9 138
53 95
66 190
190 160
136 68
108 93
143 86
26 23
47 81
35 85
174 5
188 63
97 41
191 101
150 103
133 4
100 21
158 175
142 187
105 90
56 134
111 100
66 43
186 179
44 17
84 97
196 92
64 105
78 26
78 124
5 99
81 76
131 100
183 126
174 17
2 48
31 110
138 37
62 43
85 7
67 16
152 163
126 74
149 137
133 13
52 172
21 162
150 142
137 84
66 190
47 53
181 142
101 159
28 116
33 95
39 168
138 24
115 192
55 33
190 167
161 33
147 34
95 63
93 1
46 194
1 76
34 85
51 10
106 179
114 188
163 56
182 5
193 91
103 30
8 23
48 180
122 146
106 71
111 112
119 171
130 160
62 41
49 25
69 14
177 135
39 104
44 143
49 27
18 22
30 87
68 52
3 87
89 56
41 131
196 155
159 129
80 93
73 110
29 77
77 161
26 123
58 131
120 91
106 171
102 76
7 98
6 62
193 30
41 94
49 28
74 82
5 193
188 128
89 13
192 41
25 3
186 112
17 145
44 28
109 36
130 146
70 117
10 122
5 31
153 128
5 156
54 180
52 33
69 11
29 145
144 154
156 188
39 80
79 176
116 163
179 105
169 149
28 167
4 91
30 51
76 169
54 145
97 125
140 53
50 69
43 53
191 134
73 188
139 51
149 25
188 73
106 104
30 180
166 49
36 20
13 121
110 35
183 167
124 40
27 86
125 17
91 39
157 159
123 143
103 52
5 195
20 193
46 13
176 169
70 130
121 124
73 56
153 35
50 28
117 55
67 23
77 66
128 71
158 150
191 19
155 158
26 122
92 104
31 38
109 172
39 188
33 96
22 188
187 109
149 87
185 38
27 130
124 28
118 14
18 191
15 49
62 106
190 92
130 176
136 13
188 49
129 123
74 79
15 61
26 30
49 172
83 56
76 52
13 77
9 141
76 179
194 173
139 6
92 98
83 114
83 59
99 84
99 78
146 122
137 37
121 19
136 51
138 71
159 62
17 150
174 191
189 98
144 141
116 161
52 115
141 173
28 122
167 19
147 71
2 49
114 67
64 32
194 90
151 50
172 102
79 176
69 107
105 12
31 152
76 55
8 49
187 111
33 143
100 53
191 94
95 44
61 19
30 95
157 188
40 71
41 143
72 4
139 158
109 57
59 176
119 14
128 11
36 65
104 22
46 191
67 96
102 86
119 180
152 188
141 177
75 36
160 168
86 107
18 55
112 43
100 74
138 27
174 53
104 121
39 77
108 181
2 181
177 68
73 55
142 173
113 44
69 38
74 13
150 49
126 43
193 49
178 18
186 77
76 176
53 13
15 137
43 120
95 196
50 63
130 147
90 149
28 170
136 186
7 48
60 21
53 14
91 139
153 31
156 174
6 151
104 187
86 165
102 169
38 125
42 4
119 179
52 141
92 176
108 48
169 88
32 108
79 189
115 191
177 91
7 56
57 160
46 78
31 41
37 191
85 124
194 162
167 52
69 94
95 4
41 2
3 81
23 1
31 194
18 193
167 166
154 90
70 55
182 138
3 74
175 66
157 174
52 147
69 157
133 161
60 195
146 12
7 53
190 147
90 118
127 70
97 29
176 89
85 94
162 103
104 175
99 87
73 18
50 180
49 106
126 52
193 100
20 68
58 107
70 46
55 160
44 81
29 182
57 134
57 89
124 122
59 62
131 120
179 172
165 188
148 133
98 102
6 49
50 193
113 108
22 93
120 135
58 176
45 139
9 19
28 22
36 54
15 28
162 174
176 100
62 97
168 86
8 69
78 146
184 38
2 89
156 132
26 168
183 130
54 153
36 71
54 90
115 145
88 84
157 108
130 120
51 34
12 101
93 84
105 133
181 182
79 97
38 121
90 12
143 188
90 114
157 85
171 27
175 113
164 40
132 134
8 191
73 83
85 165
154 6
93 61
67 74
125 54
4 74
83 24
40 188
31 74
159 74
136 28
11 7
66 33
123 46
31 126
147 62
95 84
172 63
139 12
78 17
120 168
101 85
149 11
135 170
134 24
69 179
2 12
56 123
18 110
120 87
149 103
157 77
171 67
129 25
115 53
36 80
93 71
41 168
85 110
49 32
32 195
182 38
14 142
140 24
109 163
19 87
169 86
29 41
145 173
88 152
152 35
31 192
55 54
134 28
124 125
56 74
131 148
190 62
3 65
5 180
65 25
152 166
86 192
29 53
51 179
113 88
70 56
153 4
155 41
77 50
28 49
24 57
168 164
14 51
15 66
145 87
170 188
110 172
10 127
91 123
109 90
101 86
25 122
123 170
30 85
8 158
101 169
42 49
84 50
29 151
131 69
82 176
119 46
77 57
63 158
83 85
68 102
10 86
89 117
7 88
87 37
196 165
138 93
159 187
19 150
172 63
106 186
194 177
110 134
101 55
18 36
110 112
93 175
13 95
70 141
154 186
53 90
145 64
150 146
136 185
145 143
127 72
88 149
47 13
143 145
90 76
48 78
196 173
181 13
147 99
178 165
48 83
31 122
102 181
70 135
51 27
76 189
146 172
158 48
35 125
14 80
56 148
104 157
33 170
180 194
98 135
102 144
193 155
15 55
134 104
137 92
133 43
151 19
185 24
147 112
138 157
144 177
41 29
121 64
186 194
75 147
152 20
183 41
88 191
176 3
40 28
136 184
3 128
91 138
10 124
36 52
177 167
48 76
139 28
121 122
81 84
27 76
40 49
172 123
146 34
120 112
3 54
173 140
178 189
95 85
169 161
19 101
107 123
123 181
175 115
195 50
105 139
131 14
176 168
194 165
128 73
56 158
28 174
142 189
145 78
162 63
10 42
150 29
87 10
35 63
138 58
89 124
32 67
27 13
33 168
27 53
192 49
33 53
178 167
76 8
75 65
182 106
77 8
118 91
14 65
109 136
189 107
170 176
110 137
135 43
76 122
51 25
87 30
91 128
30 142
10 47
134 45
60 196
16 69
52 10
169 138
36 162
123 120
121 126
145 55
192 4
50 38
108 97
83 76
18 178
107 163
147 113
168 148
19 97
55 17
39 178
63 42
144 157
192 13
103 65
161 3
183 3
120 29
147 28
9 135
103 137
181 148
136 183
192 73
174 36
123 103
174 76
132 120
71 69
73 85
45 26
196 90
18 152
105 186
154 156
48 41
35 109
35 64
4 82
14 126
68 104
133 109
123 45
98 112
130 91
137 51
76 134
9 175
157 41
29 167
7 45
59 197
181 140
108 136
120 70
120 24
144 39
119 127
153 158
171 150
195 54
117 4
59 70
181 183
76 177
43 17
190 155
44 68
185 179
141 169
27 40
48 65
80 114
174 161
118 29
56 70
40 54
124 161
180 65
14 100
47 125
82 44
141 12
63 72
38 133
77 146
187 121
97 127
71 139
191 18
137 152
190 4
133 17
89 32
95 175
187 50
21 189
2 64
104 90
142 184
178 5
151 54
57 68
5 32
112 138
10 159
146 8
174 139
3 53
70 44
134 56
144 64
179 170
192 131
86 74
175 104
140 84
74 141
130 191
23 128
136 54
74 121
139 35
150 12
135 70
182 167
76 136
58 5
1 83
125 108
94 32
12 80
117 165
121 69
89 56
59 121
27 16
196 86
103 16
147 120
146 6
105 78
76 4
3 193
131 126
74 71
56 72
47 103
177 79
145 148
71 83
27 172
77 125
109 86
36 11
125 73
119 75
143 192
131 175
56 85
86 161
158 192
135 72
173 39
67 39
181 25
134 22
21 134
158 50
131 102
78 159
141 5
11 117
12 100
35 104
9 192
17 101
17 102
40 42
75 134
91 74
48 129
165 4
43 151
109 121
116 165
130 63
144 105
29 130
182 192
42 131
46 76
118 194
188 14
73 105
166 74
8 161
65 42
86 56
1 63
16 77
145 63
154 9
78 11
126 135
13 11
6 73
86 118
187 55
146 39
86 70
161 141
31 76
85 118
75 64
5 158
46 193
192 2
60 194
90 182
68 116
176 155
50 152
123 44
137 79
43 143
176 18
164 85
27 183
80 75
26 177
133 120
86 84
14 189
171 63
192 133
5 101
179 15
111 110
195 49
179 128
91 166
93 86
149 5
41 121
6 21
86 115
176 172
119 47
5 30
95 141
40 46
71 65
171 137
137 160
14 160
119 195
165 18
143 173
120 162
41 138
92 182
55 51
24 114
82 45
141 25
153 20
166 151
54 160
188 169
109 138
26 5
54 159
63 33
127 60
111 7
71 8
24 134
62 62
76 150
89 84
45 129
60 178
38 171
59 169
195 86
146 78
68 103
68 38
52 9
78 189
190 57
101 134
197 142
189 105
101 74
190 97
184 139
163 74
118 163
163 85
120 190
109 76
147 102
99 102
140 93
119 135
89 74
98 113
62 45
146 136
2 155
188 172
163 130
49 152
88 109
81 74
18 34
48 47
119 137
86 45
8 98
76 13
90 186
46 70
147 55
114 137
122 141
111 99
21 55
99 134
181 167
97 96
172 67
157 56
129 136
40 50
24 113
22 91
138 172
97 176
80 11
107 172
151 73
73 69
121 77
39 126
57 158
179 3
104 6
98 132
40 94
81 94
110 133
141 53
67 21
77 174
155 186
194 158
31 33
105 31
167 185
70 13
74 106
21 53
20 51
146 29
144 34
60 72
183 170
70 134
57 125
102 183
108 29
6 44
3 180
150 30
14 95
84 128
127 31
152 138
176 112
158 121
31 107
46 78
35 179
137 4
62 176
58 80
14 49
39 172
68 186
65 93
162 172
15 142
195 162
144 37
19 191
181 41
58 57
75 30
115 54
73 186
63 34
40 147
117 150
155 137
156 186
195 30
137 53
116 27
63 38
114 193
49 68
18 149
35 51
152 18
63 74
28 100
108 14
164 96
35 66
76 111
80 28
141 26
45 13
101 154
39 39
72 137
31 32
35 87
1 91
50 47
68 128
117 178
8 86
186 19
152 104
59 193
180 193
152 17
115 15
27 88
152 56
112 38
130 135
147 41
161 138
122 88
96 196
15 140
27 14
114 88
163 44
116 18
124 86
72 102
154 180
173 141
116 63
18 54
104 86
183 194
161 150
13 192
138 110
65 46
190 64
158 148
101 22
66 96
14 28
190 109
73 80
100 132
30 10
174 31
150 76
5 41
146 10
142 80
75 111
137 44
19 100
133 170
123 28
105 154
102 142
143 143
98 110
88 7
104 186
98 139
70 107
99 111
87 194
181 168
134 154
114 56
121 168
122 93
154 123
91 32
19 107
184 33
88 165
170 124
169 90
159 95
157 75
147 109
113 132
141 103
46 168
190 15
56 133
52 131
180 153
51 17
188 62
166 96
129 191
192 86
155 183
40 41
74 84
31 151
179 54
48 119
118 146
25 119
154 188
39 142
177 151
28 152
90 148
33 145
20 135
103 169
34 21
193 98
40 143
143 154
76 27
49 31
60 160
197 88
165 152
17 24
183 144
91 126
6 23
177 182
53 115
8 17
117 177
26 7
50 169
102 175
25 183
188 17
33 112
163 1
83 181
181 61
59 109
26 17
139 4
31 106
120 57
117 52
175 16
119 125
93 16
162 129
190 111
157 54
66 38
4 41
6 117
162 106
59 106
89 92
32 193
124 121
129 14
97 104
180 90
75 138
31 124
139 71
75 27
13 66
174 163
133 2
135 56
170 151
46 190
195 120
109 77
47 44
180 61
101 137
110 47
49 37
90 154
104 179
76 29
138 84
154 123
59 108
68 118
124 43
160 105
152 105
94 84
117 26
143 146
26 105
102 66
144 36
51 169
166 146
32 21
92 71
178 180
120 56
154 122
75 161
173 90
158 79
108 32
14 52
28 102
191 2
37 42
171 28
184 3
24 104
60 124
169 36
162 119
174 16
164 150
49 115
43 13
158 174
65 34
89 76
7 69
170 88
194 155
100 102
105 138
88 127
118 26
122 109
65 38
6 53
113 124
10 117
123 24
191 57
168 17
173 102
20 68
112 122
189 29
146 51
96 27
138 186
100 189
46 172
91 100
144 40
3 155
184 120
83 166
63 75
183 142
161 76
138 135
37 178
75 69
112 133
51 103
58 89
116 28
154 33
12 113
23 53
133 123
169 110
127 158
181 41
47 76
22 57
10 123
162 59
84 107
153 159
99 103
17 84
14 137
39 128
136 45
189 71
173 138
82 139
48 103
194 142
104 88
36 69
146 28
38 168
33 85
119 5
192 130
191 160
85 161
49 190
47 30
36 21
123 122
174 51
165 151
77 109
34 22
70 69
169 65
54 13
164 70
192 33
162 74
138 6
134 99
22 94
88 50
189 193
116 31
20 145
132 169
54 142
122 91
171 135
24 56
93 151
178 170
67 125
123 158
108 124
132 146
54 49
156 61
58 8
39 120
42 161
107 91
77 52
141 28
117 176
70 70
133 94
171 153
11 138
84 53
162 117
95 3
117 146
158 66
84 23
78 175
123 8
64 106
149 124
75 163
10 160
186 195
65 75
150 113
45 143
187 77
127 25
169 18
181 171
43 152
155 67
73 8
181 197
78 54
1 130
160 108
160 42
180 154
181 168
14 64
82 83
138 95
123 107
48 16
173 137
88 194
72 139
37 128
39 179
84 10
46 167
179 15
147 6
60 179
167 20
148 20
138 137
64 72
181 38
1 126
117 65
193 5
2 12
121 160
167 187
105 77
121 124
80 12
112 110
40 11
133 152
74 14
121 20
162 71
27 10
130 61
60 56
71 6
137 75
107 54
108 122
140 133
36 78
60 158
187 49
142 193
181 66
53 168
164 83
7 147
74 125
95 115
173 104
162 73
60 101
7 171
174 159
133 14
61 58
141 29
130 159
86 164
27 179
29 30
8 156
116 20
102 84
160 164
65 73
86 44
25 15
145 145
161 105
194 189
183 196
38 46
15 109
4 64
112 7
191 146
67 73
137 154
91 102
6 66
172 68
19 147
11 139
47 103
170 123
14 6
139 113
73 79
179 129
60 71
36 68
164 105
123 47
105 67
159 164
93 163
170 27
101 84
6 148
136 42
16 26
193 13
191 145
158 178
152 56
186 119
87 60
154 10
132 15
183 129
187 120
10 11
176 110
160 63
161 40
30 49
123 108
86 69
70 43
101 19
73 136
179 44
89 165
83 87
21 23
144 118
154 86
121 17
152 12
13 122
62 131
63 101
67 128
143 144
169 37
166 56
40 38
19 32
13 160
142 11
192 180
168 187
155 49
4 165
189 73
127 108
109 131
15 100
45 141
89 91
75 56
91 114
172 40
52 95
84 118
106 170
4 127
30 145
92 101
25 1
57 195
145 122
29 78
43 46
184 183
93 159
107 36
123 93
121 135
6 114
101 88
156 63
137 22
163 172
149 148
49 80
172 101
100 186
193 38
56 81
70 118
176 151
19 99
64 91
22 193
181 169
56 120
54 31
80 122
82 179
171 7
74 34
140 58
139 25
62 94
97 88
3 126
56 88
166 11
106 190
130 162
172 188
37 125
104 88
173 36
179 112
59 56
56 194
118 112
192 121
92 138
24 14
156 41
75 135
145 142
49 76
173 100
40 14
46 130
147 10
89 14
88 52
122 75
154 138
60 107
74 17
191 53
54 131
19 138
172 3
162 141
181 151
146 171
149 5
94 30
128 132
101 110
120 161
192 57
76 70
58 81
84 109
190 30
41 190
119 112
26 129
28 119
180 105
126 189
187 195
176 89
57 191
44 53
48 10
51 190
104 49
68 98
26 167
115 194
47 104
74 50
137 3
75 8
5 157
100 97
30 178
175 135
56 77
46 173
2 83
77 108
148 100
188 147
190 90
183 195
172 100
191 64
8 32
122 178
140 57
64 148
34 23
167 114
146 137
40 91
167 188
180 18
50 182
134 75
71 127
29 40
159 132
137 6
134 147
95 1
167 159
99 9
142 86
95 163
87 38
172 36
104 142
195 56
6 41
123 18
176 4
13 28
67 188
118 176
67 25
39 112
77 7
182 91
86 155
138 92
4 193
163 114
161 167
113 50
136 84
85 43
126 103
108 55
35 126
152 102
140 92
68 24
173 37
38 71
102 78
197 143
52 25
195 180
5 49
19 134
105 148
19 106
39 1
86 125
32 98
192 68
3 66
182 57
108 45
91 129
163 52
93 193
6 63
30 41
43 154
5 61
61 179
18 24
142 172
84 155
60 106
66 42
112 88
135 37
90 81
175 38
84 8
62 59
2 182
41 55
130 4
69 93
76 159
63 30
140 169
174 75
25 103
23 134
128 39
30 196
52 55
155 176
103 33
68 22
137 95
114 55
82 143
193 23
155 35
4 128
88 41
106 169
119 112
190 181
30 179
40 70
2 45
60 70
69 181
31 129
152 140
120 120
190 112
33 30
93 162
106 55
89 136
35 89
48 63
65 23
112 10
160 75
2 130
28 114
4 69
79 121
39 183
31 98
53 55
93 194
42 24
180 67
16 138
83 25
166 23
123 19
73 106
104 134
191 15
127 27
65 168
129 78
112 131
165 56
168 166
105 175
114 133
131 104
166 9
56 38
154 91
75 4
156 19
32 145
105 36
108 30
174 28
77 35
149 89
39 127
143 185
191 100
32 52
101 87
41 46
33 23
86 127
122 20
139 68
20 173
163 29
170 147
67 95
141 137
174 40
181 42
31 183
157 99
164 98
159 105
164 149
134 71
164 140
65 189
188 168
30 182
132 135
167 115
177 170
134 168
15 40
133 124
135 67
163 51
179 130
56 160
28 51
46 9
78 190
37 44
74 162
120 189
109 132
76 106
153 103
118 193
73 189
127 136
90 187
149 31
86 75
74 40
42 133
155 55
30 53
70 139
51 78
161 73
92 76
188 74
160 29
92 101
67 55
51 116
154 16
78 188
9 155
140 135
56 87
76 84
107 34
140 81
124 156
85 127
180 103
6 150
51 16
41 4
179 183
88 53
78 122
121 137
173 53
112 136
128 74
129 120
28 184
176 99
83 176
12 155
95 137
95 154
71 7
28 168
178 11
100 77
51 98
168 63
99 109
140 51
109 54
127 160
96 84
119 42
30 7
53 27
81 139
175 111
62 58
62 179
73 83
37 40
163 53
36 125
190 72
138 185
2 179
123 127
134 27
166 44
54 92
33 20
171 108
62 131
14 78
155 66
84 87
11 66
28 22
25 105
15 158
138 182
151 5
32 104
91 37
19 152
32 51
39 4
157 74
183 182
128 195
106 159
173 98
159 103
180 91
102 187
8 113
82 46
101 166
66 46
190 110
53 155
73 34
47 126
131 75
110 29
147 88
116 14
195 184
192 5
64 147
1 129
117 163
176 135
180 107
161 78
153 8
21 20
45 126
146 90
36 105
165 187
36 45
74 4
40 13
6 115
157 67
21 161
5 23
141 133
65 145
98 128
12 28
63 160
124 53
126 193
195 167
119 93
119 188
123 31
189 74
157 180
154 130
48 81
137 85
130 62
45 128
150 71
40 192
180 64
60 167
85 27
131 71
115 40
162 122
93 73
71 129
63 22
120 159
91 141
177 16
188 171
54 53
132 176
177 138
61 173
80 74
141 14
10 125
73 7
135 169
130 111
153 21
132 71
96 74
195 94
31 179
13 66
55 50
89 149
74 159
72 179
62 8
186 181
19 19
177 191
154 51
170 153
118 31
167 17
156 43
47 115
51 116
30 74
47 129
28 28
27 74
34 87
6 71
78 164
155 178
60 123
154 35
51 95
36 145
87 168
44 39
158 74
117 68
58 62
155 52
96 140
168 111
147 146
76 44
17 67
131 74
180 140
106 54
159 64
108 75
77 11
79 56
106 142
156 129
169 26
69 12
107 175
53 179
17 35
123 125
121 65
154 88
68 124
115 69
161 77
139 3
25 6
192 101
17 176
163 49
192 157
16 68
70 102
193 2
131 178
108 137
154 176
39 162
49 154
145 36
177 63
76 40
52 130
157 79
100 99
139 184
164 114
13 126
174 18
77 140
37 151
36 55
104 148
27 7
86 152
148 71
172 187
95 138
196 141
195 118
178 190
96 64
104 12
16 39
30 81
156 91
14 54
179 194
84 50
10 126
130 3
196 145
148 28
31 66
75 7
187 51
31 168
69 120
43 121
42 134
122 180
169 151
179 75
48 170
104 158
187 72
154 178
7 33
28 21
70 44
47 10
74 57
79 26
123 89
158 87
118 65
18 148
77 180
141 26
6 102
145 125
110 170
171 166
2 91
127 195
29 161
30 33
120 181
88 10
175 16
4 191
35 180
5 20
134 18
77 79
84 52
35 125
143 157
81 180
119 19
152 73
3 43
158 110
130 132
19 145
86 194
179 156
65 131
90 152
70 177
113 137
139 14
182 56
188 13
162 83
154 140
163 62
41 152
83 77
139 110
78 27
58 197
29 174
93 63
92 188
120 68
70 157
125 27
187 32
125 34
27 115
37 46
146 194
171 132
86 82
118 164
20 171
97 196
121 79
187 57
194 121
18 106
94 154
62 101
18 100
119 29
187 54
27 38
190 53
88 107
64 105
126 70
161 75
56 69
50 97
100 127
37 71
186 183
162 107
161 3
145 195
164 43
156 190
110 123
131 112
61 176
53 148
155 31
14 120
68 88
183 171
175 68
127 43
167 160
101 139
45 64
174 166
165 98
60 177
18 87
47 116
180 172
147 61
149 4
51 38
153 157
17 32
133 100
46 10
180 197
168 132
57 155
47 116
193 90
58 58
74 43
59 144
193 68
27 119
61 171
129 81
33 158
90 181
99 137
148 34
21 160
120 31
142 110
60 169
179 17
74 44
183 93
113 112
192 34
158 88
52 97
143 84
72 138
184 117
49 67
32 169
30 9
63 97
36 79
9 47
19 41
92 118
74 37
171 148
107 121
144 51
119 194
90 193
7 64
153 49
34 105
102 54
60 8
27 101
123 28
161 108
139 173
21 51
24 16
162 70
94 4
135 75
108 120
181 130
161 168
38 131
177 18
144 61
94 147
56 146
47 128
177 136
24 91
167 100
15 42
139 95
82 141
192 172
41 42
86 124
16 39
86 126
170 191
110 131
80 28
99 99
71 64
109 127
95 33
81 83
12 162
57 154
185 6
36 158
93 148
26 23
1 66
195 23
102 65
28 76
125 88
94 139
139 5
163 129
100 5
68 155
88 102
106 143
103 138
133 112
174 141
158 54
138 67
46 83
98 6
114 64
122 79
92 102
56 32
36 51
70 54
8 62
92 181
158 164
112 112
16 150
101 90
78 163
190 50
150 141
85 122
91 4
102 137
11 65
86 114
2 70
48 55
60 20
26 33
56 156
65 30
7 54
93 93
95 195
130 103
107 49
134 146
105 32
82 118
36 77
101 109
40 132
11 8
93 15
30 122
75 51
58 134
129 26
88 70
29 195
100 190
24 116
51 131
115 188
91 69
129 189
4 180
132 98
2 61
39 144
30 184
52 152
20 33
105 71
74 111
48 49
130 60
39 78
78 176
64 168
52 126
1 88
132 175
3 76
105 155
62 23
76 42
78 147
134 26
132 14
9 18
78 165
72 169
125 38
117 145
134 109
117 20
120 79
43 40
52 144
132 75
37 127
34 79
10 189
97 84
62 170
39 154
14 11
57 121
119 66
59 123
33 79
122 44
119 70
15 65
60 156
122 107
116 25
60 77
63 173
114 31
37 117
92 185
111 102
76 71
116 26
59 147
81 114
97 177
66 21
67 13
104 5
89 60
5 167
126 136
18 150
81 181
13 97
28 32
102 167
46 42
36 184
47 70
58 74
64 132
69 180
13 157
107 122
9 188
14 9
74 171
104 176
46 30
115 55
5 9
68 93
2 178
68 144
64 104
77 5
82 78
7 149
50 83
19 36
88 124
86 7
56 119
96 61
28 104
125 43
27 75
38 66
119 8
73 171
126 28
110 93
68 106
52 119
108 13
77 139
131 73
78 174
49 63
99 86
86 117
104 168
90 42
14 138
93 118
83 155
75 53
105 137
94 118
47 117
83 152
84 122
102 132
125 120
70 128
39 11
30 126
73 141
89 142
71 177
134 29
134 42
8 30
88 69
105 190
130 136
12 95
102 74
76 50
56 131
6 17
133 151
108 183
37 112
13 162
113 133
46 170
82 190
89 53
9 43
94 193
116 30
104 167
68 154
35 181
44 40
90 33
9 49
39 66
10 87
68 13
17 85
49 179
28 117
118 68
116 38
123 160
27 122
16 110
16 64
130 98
102 5
50 156
100 75
38 110
78 28
132 73
69 177
75 165
125 20
69 44
41 134
133 16
56 192
87 169
51 173
50 55
83 94
80 15
40 144
10 45
34 20
54 183
24 5
69 54
30 177
40 158
100 19
74 161
86 110
24 17
5 74
107 118
114 150
24 4
2 74
57 81
2 42
119 176
82 117
85 41
18 42
40 68
72 30
64 38
15 41
70 116
117 29
119 145
78 179
90 74
33 33
60 176
124 54
6 60
100 20
58 77
6 12
133 153
8 192
131 72
118 178
32 86
57 193
98 42
82 114
115 161
105 132
119 25
26 184
83 141
96 160
95 179
40 90
3 164
90 30
123 87
130 100
20 179
101 156
79 17
90 69
94 152
89 118
95 182
68 92
90 147
40 134
52 88
95 29
17 97
63 93
127 107
63 44
59 167
10 161
101 176
130 161
22 92
124 41
82 189
85 152
128 162
80 115
119 67
101 186
65 147
28 115
48 190
107 75
73 187
17 25
92 186
103 146
133 158
106 175
110 127
61 56
48 181
50 115
53 119
97 98
32 78
54 181
26 182
44 69
31 67
8 100
2 43
1 80
95 180
108 33
119 45
52 47
87 11
106 67
56 196
3 73
32 33
72 29
88 42
56 121
96 77
16 142
109 97
94 141
135 27
67 15
91 137
86 71
24 101
132 166
92 99
134 13
90 50
117 6
76 16
132 11
64 30
81 93
91 149
127 191
87 81
82 181
72 105
77 111
29 196
57 153
118 107
94 143
114 138
119 147
55 49
108 100
43 117
88 154
65 21
17 65
114 87
134 177
97 99
52 183
98 95
121 26
110 163
21 1
24 137
31 171
128 12
62 129
75 34
1 82
130 94
112 44
91 2
135 24
124 88
98 136
27 99
17 100
133 166
132 178
20 162
120 75
71 106
31 196
134 110
43 93
109 180
121 31
16 27
96 88
27 180
123 86
60 104
110 171
73 139
116 52
114 65
9 13
57 16
65 32
134 57
87 69
39 181
47 25
116 55
15 6
20 19
3 178
80 123
31 184
96 43
26 178
16 25
41 38
15 159
80 141
87 33
133 102
10 46
88 110
77 163
68 147
130 190
42 132
93 88
8 29
102 55
14 13
57 146
19 187
113 131
77 176
78 150
53 36
25 115
51 194
75 40
66 32
102 134
120 138
125 127
134 15
95 193
91 75
117 182
20 53
21 87
131 12
81 26
15 80
66 41
102 16
119 177
129 9
33 174
130 178
18 65
114 69
128 78
115 16
103 190
12 127
13 101
112 99
101 132
85 42
108 49
50 78
82 166
103 134
134 101
75 57
130 148
25 94
14 8
127 54
125 71
75 67
56 110
104 118
27 39
103 67
67 53
88 192
103 22
16 106
48 53
109 91
92 74
2 59
30 76
49 119
77 82
68 17
122 183
92 177
110 33
36 67
25 101
9 90
18 137
120 90
35 191
29 194
88 170
109 169
90 124
56 169
88 30
31 169
94 1
31 96
89 30
100 22
21 21
96 141
119 91
82 115
26 130
89 33
26 24
28 129
78 125
104 15
9 136
110 49
73 168
9 41
37 155
95 116
3 156
40 12
47 83
119 65
74 16
24 122
45 125
46 66
114 149
72 85
100 187
79 13
16 177
36 76
39 184
6 46
38 76
28 88
17 98
100 6
92 4
113 52
93 76
20 57
101 179
52 179
100 133
15 155
20 55
46 14
53 28
93 150
69 13
90 49
3 191
88 101
50 76
112 87
80 142
80 76
73 81
133 93
123 20
96 78
51 55
86 43
70 38
102 189
28 5
54 132
93 91
76 124
1 127
94 196
87 164
65 132
69 98
29 76
110 102
31 125
30 88
28 113
64 102
15 67
80 24
100 166
128 158
123 92
61 5
90 138
84 123
36 192
21 22
94 33
20 69
110 136
109 45
52 38
105 160
55 107
126 34
124 123
91 40
31 145
101 177
21 138
14 127
52 96
101 183
96 175
69 56
29 49
82 76
30 86
122 8
72 18
121 7
131 70
33 94
108 57
46 17
41 49
42 151
8 61
51 88
45 17
77 186
8 101
117 8
39 147
21 6
94 140
51 14
106 187
6 74
4 80
131 68
59 105
1 156
13 125
93 75
83 175
95 149
134 103
7 76
49 10
68 146
55 146
123 145
93 152
127 63
83 27
40 93
64 128
26 126
61 21
86 27
28 33
6 61
18 96
35 184
48 9
100 105
100 52
20 65
105 135
97 44
64 173
122 42
62 128
101 102
12 98
134 178
10 162
96 182
6 76
109 123
42 13
54 38
41 189
77 159
124 39
6 64
2 76
90 91
68 120
113 122
56 143
106 13
38 151
31 177
17 87
118 189
95 88
16 42
6 116
102 159
41 1
39 111
26 169
14 50
19 86
40 170
125 78
114 195
38 178
34 104
10 137
110 162
73 107
12 175
50 95
113 110
50 7
56 167
43 153
117 190
18 32
87 84
10 175
111 93
121 171
8 66
28 41
36 178
48 13
28 53
21 149
8 59
90 11
31 31
9 125
91 42
51 119
3 41
121 8
90 185
132 145
3 61
12 120
19 40
88 40
25 184
7 61
37 14
116 43
91 91
56 193
37 80
47 6
27 33
121 127
17 109
75 68
120 145
57 169
36 43
77 84
126 24
58 106
77 188
14 55
86 108
40 53
39 109
28 23
8 172
15 51
95 2
69 116
124 92
110 86
108 158
111 136
60 164
14 162
21 145
70 156
35 108
101 103
82 191
9 12
75 146
61 172
17 51
38 188
110 135
109 158
62 132
51 36
118 16
52 193
109 102
37 192
75 139
77 141
54 146
122 47
97 63
19 110
128 41
97 78
65 96
52 169
119 30
49 70
28 182
106 147
121 136
18 162
80 139
2 44
86 163
62 96
41 154
127 59
127 74
42 92
114 30
43 55
99 97
18 134
60 197
105 65
42 141
128 136
63 46
49 118
97 85
116 188
115 20
8 147
126 194
62 61
106 118
117 31
6 147
71 88
65 128
36 144
126 50
46 64
8 190
15 136
53 118
88 74
102 90
61 8
48 51
108 34
3 45
104 52
11 64
73 35
131 92
87 110
45 30
21 147
134 14
59 168
25 17
112 108
127 81
14 97
40 155
115 26
91 169
122 122
111 88
8 162
100 168
42 160
106 68
97 33
72 88
24 124
76 190
112 86
70 45
93 180
133 98
116 65
108 170
18 84
67 119
122 106
31 30
86 72
77 187
113 136
72 27
4 56
118 148
53 170
6 100
130 104
5 194
119 28
34 66
67 97
128 72
51 106
64 101
104 169
54 133
18 147
6 171
32 142
98 31
44 55
44 83
89 31
6 174
43 138
132 91
34 62
69 154
88 104
60 119
23 57
88 153
37 189
33 32
42 17
93 115
33 169
17 53
50 154
22 95
59 119
108 169
28 118
85 97
14 99
24 138
56 197
31 34
70 71
3 72
81 189
124 179
89 115
23 145
36 111
51 28
97 64
88 75
86 50
101 78
89 42
33 62
110 9
51 174
5 71
52 190
29 177
84 117
17 40
131 98
3 9
11 62
7 71
24 105
32 62
47 167
84 166
54 182
75 37
100 136
120 64
34 65
48 172
5 102
69 42
58 146
13 108
38 80
12 191
65 188
130 194
94 41
110 110
76 148
32 89
89 100
36 182
29 10
104 19
108 36
28 123
71 13
81 194
124 160
12 174
34 80
25 92
97 61
25 4
37 188
12 78
112 42
108 87
93 12
5 191
14 191
123 137
20 32
51 89
67 126
53 141
113 38
118 55
123 105
76 30
92 69
87 25
21 5
58 141
93 62
121 27
119 178
132 170
108 118
94 114
127 189
113 138
72 106
58 132
131 94
101 180
88 12
117 179
123 169
113 40
87 41
75 159
82 41
105 178
87 23
110 46
52 129
9 162
127 34
94 42
61 169
108 171
63 31
85 21
25 21
54 91
102 15
21 169
65 22
63 157
5 179
34 78
114 44
31 127
100 137
128 24
96 142
104 54
90 136
89 98
24 24
18 97
52 36
23 147
53 156
51 76
50 25
30 30
112 127
8 125
66 23
29 159
82 161
86 116
114 189
47 65
46 63
98 126
36 14
120 93
115 42
51 104
119 181
106 12
64 146
102 77
124 50
34 57
21 172
118 24
14 79
88 185
73 5
41 169
29 184
17 19
130 102
87 12
23 138
21 19
6 98
123 91
61 170
84 152
49 55
16 24
132 167
129 162
8 33
55 134
22 190
28 105
84 12
115 17
110 57
102 146
105 49
59 146
122 43
60 121
1 128
122 76
12 61
48 167
90 104
124 93
106 158
90 84
125 24
10 43
54 141
18 189
4 90
102 22
122 181
42 1
37 121
51 65
128 160
96 75
99 5
89 152
9 149
40 161
7 113
24 22
41 155
12 11
58 68
120 54
47 127
25 113
104 31
54 17
8 41
55 109
48 44
119 76
69 83
124 177
123 138
48 68
103 55
127 104
104 13
84 115
36 161
52 156
43 2
86 166
122 4
108 103
56 125
123 43
81 25
129 92
1 158
118 52
38 170
126 31
93 195
126 190
86 12
114 7
66 93
33 35
8 114
16 6
2 167
30 124
101 175
55 53
65 171
133 145
54 156
48 17
74 15