155 55
54 81
135 44
67 95
133 160
55 48
91 70
128 43
158 176
X
147 25
11 125
17 32
84 127
158 167
193 41
149 4
75 121
138 110
3 62
178 167
X
187 111
31 40
96 163
122 141
183 196
X
86 40
36 128
187 193
46 124
123 24
94 139
160 174
143 103
189 173
160 188
52 160
190 31
163 1
5 69
38 169
138 173
81 141
168 17
25 6
49 33
133 148
29 78
155 158
31 105
42 4
123 89
157 159
188 61
53 16
100 5
148 71
172 66
70 157
99 113
104 119
127 158
160 164
X
160 140
80 124
83 76
87 31
X
54 55
191 57
77 110
102 70
173 37
175 12
50 70
63 96
128 74
95 1
26 99
75 150
101 22
161 78
X
51 27
114 63
158 175
173 27
107 36
22 135
114 146
2 191
51 171
167 23
73 111
196 155
88 56
61 158
42 49
161 164
26 23
15 24
130 99
149 133
4 71
191 147
73 136
111 98
172 3
99 78
172 164
101 134
191 2
73 106
77 44
124 181
121 86
7 86
21 134
26 6
30 196
24 118
75 54
48 81
48 10
114 131
7 59
4 127
8 171
X
138 113
28 22
137 79
63 72
170 27
119 127
175 193
77 185
51 91
31 128
21 173
47 24
150 71
57 119
149 8
75 147
69 11
103 84
133 13
X
145 122
127 27
52 25
163 132
149 137
154 33
31 35
153 10
75 64
134 23
98 133
89 185
108 78
62 59
8 174
164 87
194 69
89 37
10 41
129 81
138 79
141 3
130 126
76 84
77 80
90 142
56 88
68 102
105 175
175 75
194 142
74 13
154 123
X
53 31
69 124
86 44
123 122
109 36
X
122 180
141 82
110 170
52 90
X
X
43 91
146 12
100 78
197 176
113 98
45 26
82 192
177 16
93 151
163 114
143 146
39 71
161 83
150 22
94 182
32 193
96 33
24 14
71 181
36 38
101 169
142 40
109 132
78 190
50 169
98 109
50 43
127 52
9 86
178 79
86 53
10 126
171 137
186 72
49 38
45 77
67 124
67 98
163 48
84 25
91 94
94 147
95 178
125 41
34 111
106 69
194 72
30 85
26 129
96 42
80 11
65 24
19 138
129 79
174 161
160 30
123 104
35 53
163 74
148 25
127 43
120 120
115 54
9 171
27 21
6 164
62 40
63 34
125 17
62 56
X
6 66
46 25
33 96
4 165
133 109
120 24
139 95
62 93
63 22
43 49
59 72
75 70
20 177
20 135
130 124
154 164
55 160
181 142
31 179
52 55
160 74
163 51
92 182
130 63
32 167
92 188
159 132
117 161
8 62
94 159
159 62
139 160
142 195
48 14
112 43
161 85
165 129
86 164
74 169
46 13
181 165
5 41
197 142
110 35
125 34
70 141
160 75
2 193
73 57
36 23
181 35
73 4
79 26
190 29
95 33
142 80
64 72
75 55
10 188
170 69
51 183
192 68
106 186
4 61
23 127
X
113 132
41 144
104 88
169 175
7 175
25 1
11 13
10 120
56 195
83 142
2 41
105 156
46 129
152 21
127 72
192 34
168 49
114 188
175 188
12 155
135 158
125 54
179 17
183 43
192 132
136 157
125 103
149 124
104 182
86 84
40 55
11 160
172 192
64 144
95 85
47 118
39 189
148 73
36 78
154 101
197 174
48 115
98 112
74 124
69 38
X
5 42
135 72
88 108
X
70 43
72 14
104 45
112 10
113 97
123 144
110 104
134 58
136 29
170 138
90 71
130 145
94 64
7 89
120 159
185 36
12 140
187 77
75 69
71 64
182 3
173 100
31 150
107 93
185 23
28 79
74 159
129 94
105 186
139 135
57 134
97 102
X
154 180
52 147
116 20
73 30
186 77
76 12
5 23
6 72
47 68
66 75
138 135
38 117
154 132
113 127
121 137
31 167
59 141
123 34
151 25
83 97
X
X
131 75
63 73
193 121
140 27
X
145 195
135 35
113 111
4 12
15 42
181 24
144 122
162 105
182 5
28 30
156 96
121 18
131 178
97 194
107 97
18 39
166 190
163 116
109 34
161 108
11 135
172 40
91 166
15 55
27 115
172 126
108 120
42 38
133 126
82 141
43 120
6 21
50 191
162 43
168 11
11 10
115 194
88 76
74 43
130 177
118 144
173 102
145 90
102 139
138 134
14 188
166 20
110 36
54 36
89 170
2 91
52 194
100 188
180 153
4 83
183 144
146 154
139 54
166 147
70 155
114 148
63 132
126 78
126 54
39 45
5 195
56 81
15 120
70 139
74 17
149 34
54 51
145 41
6 19
105 133
98 28
87 71
142 41
162 71
145 125
42 27
171 150
43 25
168 63
75 149
85 127
116 40
94 29
74 69
74 44
171 123
108 29
71 83
X
39 168
51 179
184 141
143 148
175 104
148 12
153 105
176 53
166 52
77 41
70 135
162 138
175 62
16 137
133 67
124 161
32 88
68 148
150 75
105 12
68 52
8 63
40 26
156 65
122 125
160 31
9 22
78 192
51 16
67 94
27 105
99 85
162 104
36 158
100 186
121 42
27 52
134 75
63 33
138 182
56 141
121 168
30 158
112 97
3 47
8 86
X
121 28
184 90
33 104
100 55
155 67
191 143
7 147
119 31
115 40
171 127
28 49
191 145
36 54
79 93
86 126
12 137
180 103
187 106
91 92
9 19
120 55
102 86
119 27
83 181
43 118
40 145
93 138
109 176
64 103
156 61
17 42
71 84
47 128
56 34
131 4
167 20
115 192
180 68
49 157
144 39
X
43 121
62 21
X
77 106
X
173 52
161 103
106 171
189 76
127 160
54 142
193 91
154 52
154 31
174 104
11 61
156 190
179 114
140 95
58 119
124 108
174 135
5 193
148 40
93 141
68 83
10 113
159 95
53 146
21 84
X
35 109
187 57
189 87
10 47
196 86
184 139
176 100
194 94
27 113
68 56
141 81
131 126
17 22
12 97
X
142 110
X
136 161
27 85
15 23
59 60
134 147
106 29
109 78
169 37
133 125
46 67
88 148
24 103
60 169
174 123
147 111
50 180
156 131
124 158
153 4
194 159
152 16
68 21
121 47
13 121
45 124
76 150
71 85
13 127
158 87
5 59
182 147
177 135
182 106
177 141
41 141
166 148
74 121
18 51
72 86
14 141
32 112
129 24
195 155
164 174
194 121
39 110
98 9
109 77
85 57
106 160
174 141
86 107
X
32 98
72 82
194 90
120 157
120 47
104 21
137 188
140 14
188 128
X
171 65
127 79
15 25
56 71
115 133
89 125
29 84
154 51
169 28
182 124
119 170
127 53
101 88
188 73
132 132
134 111
151 100
77 83
119 107
180 167
X
141 83
46 172
18 149
140 177
37 125
64 145
60 7
189 128
98 138
168 67
71 157
57 17
67 42
6 173
190 73
95 63
100 109
91 136
X
39 178
47 30
169 26
124 178
172 163
162 118
76 55
196 173
X
144 35
70 138
18 102
34 23
194 71
115 24
171 138
75 190
31 149
X
86 161
169 63
183 23
68 104
40 13
4 79
105 144
193 49
152 104
178 172
68 38
189 90
X
2 128
84 9
183 142
87 26
40 146
41 46
104 137
118 29
139 171
88 191
9 11
128 71
X
56 13
102 175
12 66
125 126
54 33
192 189
169 152
155 41
X
129 126
91 16
157 189
40 50
151 188
24 100
8 65
27 5
123 146
3 56
X
62 46
27 24
69 14
163 172
79 121
62 168
119 19
X
5 29
108 56
82 85
44 143
41 151
X
195 53
179 167
163 3
32 104
67 149
X
115 69
191 53
X
188 72
105 35
130 14
24 102
25 105
35 88
14 106
147 37
79 96
51 160
168 10
29 169
97 62
135 51
176 124
71 139
55 52
158 63
100 125
165 23
122 91
115 53
155 159
86 75
178 63
175 53
82 153
154 177
106 190
190 156
35 182
X
X
77 136
9 23
150 52
75 148
X
95 152
96 177
74 168
111 10
170 54
120 65
60 71
73 186
25 122
168 69
146 36
138 185
47 27
191 120
24 16
194 53
120 171
71 125
193 14
120 156
113 86
X
38 12
84 60
83 87
21 148
130 176
188 53
27 87
93 161
170 40
5 54
152 140
196 92
6 44
121 66
95 175
81 28
X
53 115
108 123
181 25
2 48
132 168
5 56
X
133 170
60 80
23 126
180 151
34 81
78 11
X
134 98
194 23
31 33
133 159
69 92
170 191
183 192
129 160
137 157
162 70
141 177
18 138
18 193
73 108
114 38
161 175
42 138
32 195
67 73
24 51
75 138
85 161
44 138
59 56
114 68
115 190
8 160
136 184
37 67
154 99
194 176
190 160
149 78
17 107
37 151
6 56
3 69
48 129
192 184
165 19
167 109
X
192 169
160 175
74 170
74 122
124 124
86 74
70 16
123 17
10 159
139 27
178 3
63 38
97 127
183 182
X
134 102
85 155
188 131
94 149
99 137
111 86
155 174
97 87
121 123
14 23
35 67
114 67
133 42
122 182
123 106
131 67
173 140
191 118
167 19
98 33
195 49
6 29
173 5
121 178
78 122
158 91
164 138
109 57
X
180 65
177 13
82 143
60 78
49 79
180 76
55 31
134 170
50 33
42 134
103 52
67 125
30 128
89 81
180 44
53 169
42 90
31 144
123 103
30 181
190 88
106 161
50 54
123 41
171 159
118 190
143 185
96 76
196 184
91 72
21 51
186 5
6 150
105 134
102 144
193 120
87 166
108 30
184 92
59 85
X
78 54
155 52
X
149 12
176 11
58 179
129 78
X
20 52
66 33
45 83
7 88
29 179
166 146
126 38
179 75
50 152
179 57
119 179
15 109
90 150
103 148
178 194
33 29
165 185
50 65
25 15
66 143
113 51
61 173
187 51
106 45
70 118
106 54
103 31
30 94
48 179
94 27
90 151
X
113 123
36 145
33 145
36 70
136 79
125 74
171 152
91 115
27 84
71 179
73 56
139 26
76 70
49 115
171 56
141 12
123 27
178 183
182 65
176 51
40 69
144 193
21 170
4 87
195 143
176 52
62 44
20 67
85 122
91 126
22 188
192 101
84 114
15 160
116 42
125 73
190 53
28 119
46 171
159 74
94 31
86 167
124 106
184 121
118 181
104 148
41 171
90 118
190 4
32 194
66 43
18 179
42 133
152 137
62 177
93 194
180 91
24 95
86 69
119 14
76 175
188 29
41 142
16 65
183 93
43 92
12 80
X
18 36
17 99
144 155
69 16
33 173
69 102
155 33
192 129
X
166 40
50 127
136 51
67 25
165 187
30 98
119 136
49 126
21 146
51 31
186 179
89 76
126 108
82 193
67 129
59 164
65 170
119 171
114 64
174 18
24 91
30 49
103 175
88 152
174 166
10 122
X
32 55
46 173
35 68
47 104
52 17
23 122
60 62
23 124
3 75
144 156
160 42
28 38
86 49
129 61
92 154
X
6 63
X
31 151
142 12
154 138
X
56 72
174 31
132 111
27 80
40 43
49 80
118 111
65 190
96 162
112 122
40 147
175 66
47 54
89 92
18 176
35 85
153 130
58 7
108 15
11 63
184 119
92 1
99 139
68 124
131 102
104 53
134 148
105 67
60 193
171 148
165 7
119 68
197 169
133 161
137 27
165 148
87 7
97 125
99 134
X
157 77
4 9
157 110
171 108
161 4
103 69
15 107
50 106
3 49
28 174
91 175
83 85
65 74
117 178
88 73
156 17
18 52
120 141
39 143
121 4
80 75
93 2
119 143
29 160
57 158
117 150
110 99
142 112
154 188
107 16
126 133
58 191
30 6
113 53
107 172
182 91
124 28
116 163
179 156
145 148
154 35
78 124
157 174
10 6
72 138
22 145
62 160
X
179 14
71 128
50 41
156 18
101 182
24 57
3 180
89 147
21 150
39 2
109 54
160 189
147 89
24 136
187 20
183 127
180 41
X
27 28
X
37 142
74 71
146 122
135 168
143 106
185 25
185 24
108 93
182 107
133 18
72 170
84 154
28 149
5 64
17 35
20 138
130 160
105 154
142 39
158 79
129 28
22 152
62 95
127 132
182 61
138 27
X
188 193
X
60 73
104 71
123 178
79 189
194 49
77 40
52 130
145 55
182 92
47 28
128 132
3 60
170 134
16 138
127 105
88 60
155 186
172 175
40 94
94 84
106 102
87 167
5 180
109 90
74 108
51 37
25 99
93 73
53 179
102 145
5 19
107 159
144 133
38 147
130 147
186 181
111 91
172 100
165 191
38 133
96 143
12 24
108 31
188 18
46 24
190 57
135 170
123 28
87 49
9 47
32 76
39 112
182 57
64 130
51 77
9 88
43 1
71 71
68 24
62 62
7 41
35 112
119 26
38 159
49 155
175 37
113 195
76 106
50 42
48 103
44 44
20 145
77 134
36 39
57 148
65 149
X
23 1
158 88
36 146
127 195
117 65
146 148
115 150
57 125
176 89
107 183
59 86
27 79
124 53
75 185
162 4
155 178
188 62
169 164
104 46
188 63
147 112
107 57
X
143 154
125 86
29 182
143 147
54 180
1 90
88 72
10 88
X
104 16
97 104
37 76
34 21
172 177
102 54
168 7
188 169
72 135
151 4
X
91 188
X
24 56
116 27
158 179
95 114
77 57
93 72
105 75
177 139
48 170
5 30
190 181
44 38
83 21
24 52
129 121
68 128
35 179
173 137
141 24
192 171
41 94
115 65
40 168
121 120
18 170
71 8
83 143
153 157
154 91
174 7
117 68
65 73
182 104
130 122
114 27
X
176 154
138 187
192 61
142 81
187 109
39 127
35 23
30 149
124 43
28 170
100 139
125 27
27 14
X
140 53
157 99
48 193
178 168
99 132
130 195
187 107
X
151 185
X
132 15
114 145
146 121
X
68 145
150 136
109 126
X
190 90
192 2
7 48
63 156
54 144
82 152
123 8
10 172
74 66
93 61
19 191
169 151
33 53
70 39
169 36
73 37
179 56
19 99
159 79
168 68
143 189
54 90
32 79
5 182
31 32
67 186
23 6
53 173
100 96
144 106
38 172
123 46
20 134
30 52
68 84
60 74
49 103
162 67
71 136
171 109
96 181
101 158
86 60
173 53
128 70
111 7
85 124
143 84
88 8
127 193
57 155
26 28
2 83
X
160 133
96 84
119 112
154 8
18 70
105 30
73 110
42 15
8 70
145 77
19 173
27 86
75 135
119 137
192 133
50 193
174 53
54 31
152 105
101 84
161 3
75 52
8 102
164 139
181 66
119 188
148 20
74 29
168 28
97 126
62 6
171 153
57 14
15 137
121 141
24 126
138 92
32 172
86 46
157 187
59 58
51 6
129 158
56 85
49 37
192 4
2 126
68 86
139 157
105 138
69 52
112 39
98 75
86 118
13 107
63 40
33 23
132 169
32 54
109 121
51 152
31 94
109 138
62 158
19 109
97 74
176 61
76 40
132 122
116 165
159 105
3 66
147 61
25 95
X
91 168
101 5
192 162
2 180
74 34
176 116
187 108
145 192
135 37
81 76
60 191
68 16
76 52
88 41
98 41
1 75
55 152
56 70
20 187
41 188
156 138
135 154
40 71
127 24
104 123
X
121 88
55 50
189 74
55 110
139 22
142 184
188 15
37 68
121 125
58 131
107 158
37 147
179 112
91 32
179 170
101 55
167 117
63 101
143 187
146 136
158 50
130 192
185 150
5 21
45 126
14 95
172 65
82 154
196 88
85 46
189 107
165 146
180 139
118 109
30 74
100 95
145 89
179 125
162 149
69 130
138 29
80 77
176 110
194 157
13 100
170 127
148 125
146 157
39 152
147 31
82 165
67 116
18 171
110 10
75 36
181 43
132 176
184 6
172 190
48 191
170 153
176 126
58 148
154 7
45 13
156 174
126 81
162 59
59 143
108 177
109 131
50 103
195 51
98 8
105 33
X
166 23
3 128
19 100
7 64
76 4
73 189
178 193
184 23
133 45
X
190 183
46 192
123 45
109 163
13 122
8 117
95 27
122 79
76 8
28 172
153 158
58 85
179 126
19 32
193 57
103 183
78 149
191 130
165 10
166 49
6 114
66 25
125 122
139 187
15 162
168 111
140 93
142 13
188 14
148 137
180 90
39 162
161 79
X
41 29
72 8
137 51
145 124
X
77 36
123 33
106 145
19 158
109 175
120 8
152 33
X
191 68
185 179
60 160
177 156
53 55
74 41
119 29
74 141
120 29
70 55
191 162
164 43
137 17
3 157
20 36
154 119
157 178
6 10
144 117
23 129
57 143
110 30
113 135
192 31
6 11
181 37
49 67
13 137
X
16 139
101 9
182 197
32 56
102 13
10 123
189 110
68 103
95 151
76 169
112 103
130 62
127 25
132 136
150 29
194 97
124 38
40 188
167 161
102 142
180 183
X
193 90
64 34
197 177
162 172
90 180
72 179
161 105
93 85
183 38
145 143
87 39
176 141
40 162
28 74
113 7
54 147
27 10
189 15
137 44
120 42
42 25
110 45
178 165
182 55
23 146
96 137
11 127
179 15
111 133
69 15
X
81 178
158 150
114 52
40 28
18 110
119 47
39 1
57 195
73 12
143 184
171 7
100 189
136 71
106 148
67 21
124 120
90 13
X
175 39
29 86
109 104
86 115
49 32
72 66
180 192
177 11
120 86
157 91
X
74 106
132 133
31 104
33 55
134 166
48 43
181 13
44 52
X
X
127 60
47 41
116 145
194 175
30 172
145 154
118 176
189 88
188 191
144 194
61 101
128 39
X
103 33
2 130
54 160
62 39
72 178
X
X
179 61
112 112
130 2
38 161
52 148
156 186
111 127
5 100
83 93
8 23
52 48
7 151
134 104
58 59
33 74
76 170
182 63
51 95
144 157
47 125
30 50
149 101
80 143
125 81
87 168
39 182
32 20
95 181
130 112
102 71
60 81
129 93
24 1
14 51
183 128
55 141
111 110
104 6
111 131
13 126
86 25
174 193
145 120
90 53
144 154
60 19
54 77
40 92
52 28
77 191
118 65
57 159
108 14
184 142
38 14
109 122
26 122
X
40 52
X
124 40
167 17
83 22
155 35
180 130
5 32
106 57
139 56
7 102
166 187
95 117
X
2 195
144 137
111 103
118 194
31 81
57 68
180 107
181 68
109 124
145 76
58 62
83 46
2 79
71 5
150 49
133 12
88 193
38 106
17 23
86 162
5 49
162 140
67 145
121 146
123 32
46 70
28 171
194 57
27 130
18 106
83 23
8 116
165 24
90 76
106 65
X
8 126
39 105
112 7
87 57
144 40
105 158
49 129
104 9
135 56
135 75
102 69
146 133
83 139
131 71
172 186
187 34
58 56
194 166
20 150
31 126
117 4
144 104
175 127
45 70
168 66
176 123
37 44
7 98
181 182
133 123
74 28
56 87
112 89
60 107
39 134
92 176
67 17
21 2
90 148
36 56
161 166
37 191
63 74
148 136
102 20
67 46
17 67
77 11
13 155
X
176 76
130 3
X
51 78
79 24
171 27
158 122
146 55
109 87
139 74
190 5
189 34
189 77
47 17
92 11
50 97
192 38
101 85
55 131
74 190
14 120
1 126
122 110
173 36
27 181
100 138
154 156
X
176 193
77 190
107 169
83 180
193 189
190 112
X
193 94
29 5
179 104
116 150
82 139
28 152
14 98
156 192
39 125
172 104
70 154
182 23
161 123
16 140
164 96
56 160
16 49
98 78
197 87
93 162
157 188
29 81
74 163
68 156
55 105
80 28
102 9
164 104
119 18
170 88
147 133
45 130
158 86
143 195
153 49
115 19
167 90
182 170
108 124
31 194
46 16
37 152
91 93
54 97
3 74
50 190
12 96
109 76
139 6
145 34
148 34
195 33
160 32
114 86
110 123
85 114
175 65
29 174
X
110 8
62 179
X
84 108
47 126
157 79
54 131
7 42
104 187
181 55
189 112
71 154
41 140
58 81
72 71
138 67
84 118
153 128
X
X
124 44
61 167
7 171
191 23
26 123
73 82
8 156
103 32
138 84
X
172 27
38 121
161 133
111 112
102 169
63 23
6 53
57 191
96 140
147 102
80 26
54 49
184 120
10 89
155 165
35 65
107 163
125 25
50 51
52 13
179 182
172 191
136 42
45 127
72 69
191 146
150 144
56 33
52 7
153 8
150 76
13 120
105 88
190 101
138 186
115 68
192 157
147 4
77 179
194 158
X
X
159 192
56 89
176 169
123 142
108 137
65 143
X
140 24
135 169
137 16
1 91
40 14
111 104
59 142
121 25
61 168
110 138
146 120
83 140
145 177
67 14
10 48
33 20
75 106
16 22
119 46
21 57
X
40 38
48 6
22 93
139 12
10 7
53 171
171 132
152 73
57 105
17 102
118 54
97 103
90 82
52 115
58 164
126 103
152 17
10 86
176 13
161 75
148 143
8 158
161 59
60 158
193 155
141 169
192 180
5 156
164 149
165 26
98 29
82 44
174 189
101 137
X
84 49
132 112
104 65
4 82
128 59
178 190
104 175
74 165
48 16
197 88
139 3
101 105
179 55
86 122
151 21
161 84
175 92
123 156
4 178
147 90
123 7
39 79
109 31
187 54
179 113
74 162
101 86
175 68
94 138
193 119
140 57
87 43
188 49
123 143
1 83
72 139
177 68
158 48
3 43
95 150
52 145
194 193
60 159
65 172
164 52
84 107
X
118 182
82 87
8 60
44 70
10 157
191 128
157 54
177 110
167 162
83 57
84 87
12 13
4 166
35 127
X
112 90
51 170
178 66
142 192
152 4
9 121
145 88
158 52
88 151
121 79
176 168
144 61
126 191
174 92
73 71
67 147
29 167
117 188
47 103
153 140
163 52
55 81
27 174
190 143
131 93
72 180
164 40
25 182
193 89
X
179 111
182 56
191 13
68 85
145 62
31 172
91 154
139 35
93 159
168 9
22 51
56 191
24 55
169 40
13 95
93 64
194 141
57 77
120 70
162 103
154 166
184 118
18 151
42 24
29 74
38 162
39 183
18 100
76 179
155 49
46 83
X
109 177
140 116
164 100
113 137
162 83
49 106
30 182
84 8
9 192
30 51
186 117
120 56
110 88
160 103
X
131 112
14 10
159 147
70 119
72 177
162 40
10 158
23 55
93 74
66 34
95 31
168 134
104 121
121 169
10 117
163 67
69 40
56 164
135 157
67 54
X
170 111
17 86
94 154
133 120
32 179
188 145
11 7
91 185
184 5
168 161
60 167
167 115
33 161
49 36
24 130
23 93
46 193
167 97
14 122
178 68
X
26 105
27 172
54 179
89 69
159 96
113 88
18 23
27 167
52 143
13 66
48 119
X
173 51
115 193
59 144
104 190
157 108
21 162
110 132
123 4
53 25
72 181
31 65
71 141
X
4 129
102 53
27 182
182 66
6 65
X
179 79
139 25
20 137
153 33
91 128
144 143
12 173
148 144
126 43
170 28
189 167
48 78
59 74
10 124
158 99
75 84
92 147
137 184
43 38
43 51
80 78
X
130 159
65 169
99 111
X
39 104
32 75
129 125
181 169
194 181
24 115
1 89
47 129
147 21
62 173
93 163
180 64
X
90 191
40 66
X
136 54
180 143
191 169
103 133
47 55
21 191
83 176
54 152
169 38
143 192
28 151
157 74
67 45
10 171
48 63
118 164
38 78
148 28
158 59
144 136
35 87
84 124
1 155
67 11
101 90
51 125
166 74
65 39
89 194
4 128
95 148
108 138
39 80
142 156
133 168
109 136
172 161
93 84
105 146
190 107
181 57
131 120
161 147
131 2
190 184
106 157
71 134
170 56
74 123
110 122
84 110
2 87
89 104
150 8
21 158
X
58 87
153 56
158 51
39 188
13 8
170 164
76 168
88 127
110 137
73 69
121 30
121 162
67 52
14 190
3 71
76 171
1 157
181 144
115 191
24 99
16 78
139 72
139 110
183 170
57 164
12 6
58 8
171 54
176 92
191 119
101 139
60 69
56 194
165 132
122 168
149 31
190 155
88 107
51 32
3 63
68 107
27 13
67 56
89 116
148 133
30 180
27 119
123 181
4 53
77 146
68 46
191 73
107 102
21 53
X
117 147
98 124
189 94
196 156
83 166
69 96
6 49
161 67
5 31
190 72
146 176
74 136
27 41
51 38
140 84
127 31
47 47
7 90
155 31
X
70 117
9 148
91 100
110 91
101 19
13 6
82 46
122 162
123 135
143 63
146 173
47 76
55 106
158 166
74 164
138 83
176 4
192 130
51 64
50 31
80 125
194 70
189 193
143 80
102 168
142 10
20 34
68 23
168 26
98 135
72 70
182 130
71 4
X
44 42
114 28
X
178 16
92 76
140 135
151 78
56 120
176 103
X
18 50
161 120
13 124
58 5
77 6
156 130
181 41
120 31
50 160
139 55
17 20
141 84
171 186
156 159
67 93
122 120
172 165
108 86
140 121
72 65
34 76
175 16
87 165
11 6
91 71
124 121
101 110
91 1
78 52
132 147
27 7
88 188
31 112
56 77
122 111
60 102
94 30
112 8
57 85
X
77 107
128 11
27 76
145 171
165 133
49 78
X
121 20
132 104
17 49
141 53
70 179
71 129
28 86
169 19
29 142
71 105
21 189
116 24
100 21
176 2
18 136
18 19
X
151 8
8 98
133 154
2 192
81 118
180 55
75 30
118 195
189 49
35 125
52 146
76 79
52 92
192 56
12 23
178 192
152 166
123 168
28 84
26 173
4 158
197 90
75 42
186 33
164 175
30 95
60 106
166 70
104 48
52 168
26 5
100 102
164 114
47 10
192 87
76 121
74 8
164 41
181 93
86 165
X
91 11
192 193
178 180
X
69 12
77 109
130 146
179 13
90 153
152 72
89 10
76 136
118 31
8 151
146 76
169 86
155 156
31 160
164 105
59 108
120 107
162 75
19 107
121 112
168 178
17 146
159 98
103 65
X
49 158
72 64
154 174
177 191
29 143
164 84
40 23
65 173
156 16
143 41
104 55
124 126
149 100
77 4
194 87
123 31
52 98
192 106
87 56
191 155
190 13
150 147
180 77
78 51
158 54
143 34
47 116
165 152
135 42
91 165
127 136
155 44
103 159
65 45
177 62
76 174
130 109
49 35
141 14
148 120
X
21 4
141 25
133 91
113 193
100 128
135 22
89 165
107 121
45 27
190 128
124 103
78 163
29 53
132 6
60 72
38 46
156 139
10 191
192 33
139 11
32 196
170 30
160 105
40 41
154 122
48 169
24 135
73 79
182 62
100 9
92 138
173 54
126 70
130 59
3 83
184 4
163 70
117 193
22 192
129 124
121 64
65 42
97 175
12 114
140 51
9 21
X
157 109
X
46 81
155 32
24 113
135 67
6 149
133 124
60 168
80 189
73 16
154 139
110 31
144 52
28 153
91 129
128 135
121 158
112 38
X
50 28
164 129
50 38
5 12
173 164
76 64
41 42
22 189
40 25
10 135
91 170
159 67
84 125
179 68
X
191 100
14 53
186 183
107 91
40 49
30 97
161 138
193 191
36 46
113 10
92 180
86 123
138 137
72 87
39 180
170 187
X
153 31
76 159
29 149
56 166
18 152
65 129
165 44
27 81
45 128
91 104
135 43
22 191
77 17
102 147
87 107
X
186 29
106 71
X
176 155
52 9
43 119
120 135
X
X
81 139
141 103
164 147
46 169
X
195 34
49 47
145 146
29 122
159 64
162 73
137 187
187 121
118 162
181 167
191 19
77 43
178 151
125 87
47 194
91 98
52 180
193 2
114 29
162 174
60 8
78 194
179 130
119 194
2 182
161 168
58 61
134 154
7 117
58 57
45 64
14 6
115 29
93 87
X
88 37
144 120
31 74
120 88
110 133
X
78 50
44 13
161 130
85 12
74 14
56 32
122 112
177 90
83 161
41 192
103 169
19 84
146 169
145 145
185 72
166 17
37 120
36 51
131 74
87 53
60 178
167 99
148 134
55 108
3 54
11 113
197 86
143 61
183 6
98 32
21 187
X
183 138
10 141
X
192 118
85 59
41 162
100 53
27 17
75 137
62 176
155 42
93 153
37 38
88 49
160 173
54 78
70 120
161 29
153 103
162 141
194 167
18 161
97 105
37 78
11 66
108 175
89 128
114 147
74 12
163 59
X
9 160
18 192
131 69
171 37
18 22
X
151 54
72 107
73 18
186 195
105 90
86 194
40 131
123 93
40 143
188 112
70 41
X
158 56
X
142 105
24 117
35 104
109 92
191 86
53 27
141 184
52 192
38 134
24 21
170 31
194 41
41 23
4 66
77 150
19 147
163 118
120 160
31 174
X
163 141
160 76
141 173
87 194
46 68
127 32
117 180
X
194 118
15 12
110 32
92 187
74 139
107 29
47 63
172 98
151 5
113 92
6 148
165 4
65 168
103 166
154 10
56 154
174 76
48 65
93 70
20 70
146 29
6 45
181 105
X
27 78
143 121
84 161
35 86
182 44
120 144
119 126
102 75
194 191
1 130
11 192
15 106
85 60
54 88
21 171
83 74
43 3
177 170
34 22
164 150
4 195
86 155
X
X
155 60
114 56
164 151
60 120
117 52
180 172
98 99
115 189
19 41
52 128
186 193
110 172
46 10
35 183
118 192
90 12
49 66
X
147 54
170 26
90 181
162 63
187 119
69 157
53 26
27 184
92 175
144 116
76 27
156 19
99 99
36 125
98 134
139 51
155 43
95 176
191 25
X
X
64 92
115 131
125 50
183 41
84 10
167 98
165 100
155 162
155 183
30 7
138 73
171 67
108 104
123 18
87 10
100 113
182 103
149 146
30 174
37 126
75 141
159 133
197 173
190 62
35 57
189 105
71 16
186 3
75 125
162 41
49 169
155 64
59 169
21 3
132 124
139 67
140 92
169 166
169 56
170 148
8 159
33 142
118 191
153 123
161 33
67 72
160 29
121 135
99 109
X
159 164
17 101
140 110
60 23
39 46
53 168
62 8
28 130
154 183
162 110
27 177
189 147
131 9
169 178
105 157
30 194
69 179
167 166
114 88
133 2
172 68
58 133
196 141
155 166
41 131
113 42
16 70
51 51
41 25
156 48
7 17
80 51
4 182
192 64
6 175
4 167
78 55
2 66
131 109
33 81
31 159
77 135
80 97
78 160
189 143
34 75
16 151
120 91
147 98
4 76
177 183
5 55
15 157
48 47
109 178
194 26
X
104 22
158 178
24 13
73 109
X
113 109
92 114
166 44
41 168
148 90
36 188
194 51
75 8
100 134
8 175
32 77
101 166
X
18 53
36 160
6 62
50 48
51 115
38 131
34 89
79 50
40 27
156 140
75 79
114 66
49 34
174 165
31 123
79 52
27 6
177 66
43 143
133 6
144 118
142 189
91 152
X
149 5
153 131
78 162
19 24
155 89
65 23
33 51
39 107
174 163
X
153 19
9 157
123 125
174 75
62 41
30 38
27 30
75 136
X
152 35
56 78
93 148
92 152
177 136
124 107
46 194
158 174
147 72
137 95
60 123
47 51
184 3
31 192
135 13
102 143
57 141
34 105
117 163
75 134
75 27
X
X
153 159
193 15
70 102
47 115
36 22
13 156
176 127
62 131
104 8
144 64
69 107
119 168
7 69
105 180
146 174
92 179
154 6
93 4
21 159
X
146 8
192 53
139 75
X
X
41 152
78 161
60 196
10 160
76 28
4 74
182 144
50 47
188 110
87 74
162 119
101 154
110 169
156 137
126 121
62 130
98 113
107 77
135 160
51 90
X
118 14
89 59
119 93
7 53
89 139
147 88
81 180
140 3
57 160
26 10
174 159
158 121
46 77
57 154
49 183
159 97
105 179
165 131
58 80
183 194
59 176
158 120
137 75
14 142
147 51
74 82
145 78
144 38
120 89
109 172
186 194
2 194
88 10
19 98
104 29
163 44
76 146
25 3
139 177
50 130
50 131
144 105
5 22
86 76
136 27
104 36
95 87
12 101
89 124
X
X
59 125
156 59
145 64
197 145
12 157
158 60
39 42
50 172
152 119
184 147
90 192
168 159
123 127
188 134
58 58
174 78
177 63
59 193
139 57
90 141
116 44
55 13
24 54
130 4
65 46
16 26
104 47
189 64
119 5
37 184
136 186
64 46
45 140
84 21
133 175
X
178 110
108 35
65 186
87 170
6 172
163 4
76 37
179 110
171 69
40 51
136 67
31 111
57 74
186 119
70 88
61 160
163 75
168 148
88 109
126 192
73 105
37 71
92 149
176 137
171 51
18 148
85 110
80 12
61 179
99 87
125 52
42 26
40 117
30 33
176 165
106 56
175 111
73 34
26 174
148 98
121 170
60 177
32 21
134 27
143 116
180 193
73 64
31 79
105 148
83 25
87 30
48 182
47 105
52 142
167 188
158 95
48 126
41 120
5 157
39 117
19 96
58 125
58 89
X
107 160
134 112
145 141
104 84
105 123
109 125
108 48
157 75
187 56
193 32
187 33
32 23
173 98
162 173
12 27
164 103
37 158
X
15 158
161 86
77 7
168 166
197 92
29 172
107 45
120 190
77 165
152 102
163 129
64 143
150 73
52 51
X
195 55
150 137
4 69
134 67
69 88
160 168
195 50
101 113
82 155
X
186 19
60 194
12 113
141 51
177 192
128 9
77 42
114 50
193 193
167 110
140 133
174 17
58 176
113 194
57 156
112 41
63 21
138 58
180 154
23 51
26 7
106 31
32 81
167 151
170 161
12 171
89 56
134 157
169 65
150 28
118 112
138 22
149 148
84 85
40 54
116 193
101 157
55 143
149 103
140 6
176 99
164 140
167 111
58 105
90 123
170 86
72 4
6 41
69 97
146 134
179 105
139 137
13 106
88 150
93 86
11 139
191 184
45 143
62 38
179 42
102 68
136 68
180 138
137 24
163 109
43 4
47 13
166 42
66 42
184 152
26 22
103 144
193 23
108 99
33 158
98 97
80 194
86 45
57 142
54 80
146 30
39 172
175 61
84 153
121 108
X
166 149
81 176
X
130 91
167 96
148 146
154 88
14 96
15 49
37 154
8 31
92 94
47 29
180 105
46 190
106 170
23 123
96 196
67 55
121 126
173 159
X
98 74
185 35
71 102
X
24 119
125 42
16 55
2 69
101 89
183 126
67 130
38 71
162 74
12 99
162 44
94 28
132 120
X
29 75
190 20
55 38
108 122
146 143
74 50
88 165
197 175
68 105
X
103 142
148 4
5 181
7 45
83 96
145 142
136 84
177 92
187 52
44 25
X
143 86
108 32
X
137 151
161 132
180 78
194 162
90 83
146 7
142 177
27 49
183 42
189 171
57 70
129 59
95 153
34 74
193 68
147 73
93 175
41 92
166 11
3 193
89 74
52 131
192 170
X
166 191
108 91
192 155
168 132
26 21
106 55
159 109
116 14
18 191
103 9
109 99
170 52
9 45
70 130
84 97
56 146
154 176
119 57
70 136
169 187
134 18
185 6
49 44
78 27
172 5
20 51
140 10
130 189
145 137
119 69
117 14
5 61
171 135
119 87
26 17
91 74
40 192
40 1
83 24
60 22
39 77
171 5
175 36
156 188
86 193
13 77
195 119
143 176
36 44
56 17
55 17
92 98
152 18
164 54
100 124
23 53
X
26 4
195 173
4 10
118 26
119 4
51 92
144 37
44 14
194 160
102 84
147 78
49 82
31 161
43 46
27 179
180 156
38 125
17 55
49 28
47 26
28 31
182 152
29 80
83 56
151 52
72 15
170 159
115 63
89 11
27 125
30 96
116 64
179 165
51 116
13 188
150 53
3 12
105 86
86 52
59 145
49 64
12 25
14 7
58 6
59 148
50 182
31 130
71 65
105 142
174 162
196 40
11 162
104 179
40 151
195 24
143 85
66 31
X
10 42
33 98
147 35
176 101
88 166
51 126
X
128 38
51 118
90 81
170 147
13 61
102 14
168 23
155 185
147 41
143 145
106 66
6 151
53 33
52 174
82 93
18 159
194 156
59 70
8 71
1 66
77 35
92 103
1 61
121 77
130 9
93 92
171 164
182 38
89 94
53 116
35 178
147 141
184 33
X
92 71
165 189
120 188
167 136
93 147
119 44
19 87
98 77
129 195
3 89
169 150
71 107
113 126
115 145
87 27
53 14
49 116
14 78
151 50
45 76
X
X
178 11
78 159
157 76
42 142
81 83
21 152
5 20
77 15
101 159
150 9
160 63
99 104
149 87
151 73
16 179
8 49
157 45
150 133
177 67
166 73
126 52
129 193
89 16
81 84
53 157
95 138
190 92
46 191
78 26
120 146
168 8
156 63
40 142
85 164
150 30
91 30
80 17
100 126
115 51
91 73
169 161
123 136
20 66
150 72
51 129
47 119
91 127
90 187
117 165
119 78
168 48
195 190
150 50
174 4
100 127
103 90
65 130
192 107
85 56
195 26
194 2
85 49
174 55
37 153
8 64
184 140
76 34
30 87
40 67
11 171
187 105
87 59
11 9
137 158
55 148
155 132
59 110
155 56
88 98
150 12
62 156
85 165
56 122
93 63
5 155
158 165
175 38
31 124
35 62
5 178
150 135
139 14
6 73
195 86
140 169
102 166
24 23
102 186
26 15
15 28
X
32 94
176 188
12 189
70 107
121 70
83 178
103 138
X
X
110 160
91 139
181 140
191 180
149 125
127 162
183 166
133 4
187 49
118 91
164 148
173 7
88 83
58 197
31 64
150 112
182 105
188 129
9 117
48 70
179 124
95 143
142 193
194 93
29 30
14 54
92 104
132 177
93 160
14 137
X
94 32
139 28
91 41
136 52
151 184
70 42
40 42
171 192
44 53
175 141
12 162
44 49
120 168
35 51
39 121
47 52
95 118
34 51
8 32
67 16
176 98
108 172
196 181
29 158
8 155
137 22
164 141
183 90
31 98
97 128
29 77
73 7
27 34
107 12
162 72
119 169
78 188
82 194
114 137
10 174
85 95
138 24
178 5
25 103
20 84
89 57
120 162
194 73
152 139
26 172
186 105
191 16
84 126
19 145
195 52
121 138
44 51
24 114
93 182
195 141
123 107
90 149
27 126
31 183
88 194
45 141
56 37
180 63
149 25
66 38
14 155
163 33
115 44
27 103
133 100
154 159
101 181
88 186
X
16 39
176 1
109 86
74 27
95 115
143 120
136 13
162 148
164 48
33 167
68 149
191 101
21 151
X
9 150
119 138
141 52
12 122
15 64
21 86
132 94
59 197
X
46 76
152 121
169 165
89 149
156 187
90 51
141 29
76 125
57 87
178 116
100 111
171 32
119 24
40 70
59 81
91 141
96 138
104 166
87 124
133 92
12 79
183 130
91 138
168 88
176 12
46 79
16 178
33 31
107 31
49 152
70 181
92 141
56 69
116 66
50 129
127 80
24 128
3 53
137 4
65 72
75 65
5 18
161 74
75 71
138 37
47 81
77 137
52 182
167 100
2 164
178 166
1 74
136 45
X
73 185
30 169
179 12
30 41
170 32
13 159
166 100
54 47
17 110
41 172
72 168
X
33 89
44 28
36 42
171 190
19 42
121 91
99 124
54 79
46 43
90 114
153 183
119 142
136 24
60 103
93 117
157 56
32 192
180 180
154 48
29 33
97 88
115 52
164 83
47 169
142 169
196 169
180 67
22 137
153 52
32 35
124 183
143 157
84 41
8 188
18 178
86 153
110 97
124 86
18 146
40 46
9 151
128 13
91 4
106 179
98 44
62 169
188 173
171 48
89 136
89 84
125 31
32 51
143 143
20 24
27 15
7 31
63 128
52 6
93 69
4 41
158 42
119 52
192 41
7 55
147 74
50 82
189 161
74 185
60 21
184 179
26 30
69 95
162 117
19 171
38 11
147 12
72 103
153 35
190 147
190 34
102 66
63 19
172 176
103 132
41 190
178 191
163 103
2 47
86 73
70 53
96 41
137 37
110 109
70 52
106 48
106 49
161 44
96 27
179 18
194 177
144 36
4 191
58 177
99 88
120 189
176 112
155 21
149 99
X
122 88
123 90
180 140
147 109
98 105
99 74
35 107
X
42 14
49 172
195 189
32 106
147 71
121 17
28 101
163 133
190 50
118 8
116 63
90 127
138 93
100 135
153 132
58 110
103 19
49 68
181 183
9 138
X
177 151
168 52
106 159
146 193
165 98
154 128
195 32
46 167
186 112
X
78 146
X
137 85
133 17
145 173
10 11
133 5
X
127 28
153 129
181 33
15 121
20 147
191 49
32 108
131 13
166 114
11 136
123 44
20 35
39 118
124 159
72 28
146 141
138 176
80 176
36 143
48 180
79 194
4 155
78 57
19 179
163 49
2 89
61 176
195 101
88 53
10 114
71 7
167 189
66 190
155 184
95 147
31 62
X
132 134
106 78
39 4
19 106
153 156
46 44
133 15
X
119 86
110 158
184 117
144 51
138 51
152 31
83 26
108 54
8 19
16 176
41 121
139 52
45 138
5 98
56 86
52 54
63 158
28 28
145 119
104 189
175 135
181 26
127 106
194 165
163 87
158 67
158 180
80 13
57 123
91 124
190 109
49 69
6 70
X
132 148
X
158 164
X
23 95
182 90
72 140
76 13
110 111
44 17
19 34
43 17
147 28
160 110
188 19
197 165
117 177
191 14
95 163
88 167
57 145
91 182
77 189
63 106
83 75
53 174
137 154
91 102
54 37
52 95
54 98
68 157
91 180
32 110
60 56
97 95
31 129
97 31
48 168
47 50
174 6
132 109
1 65
27 38
90 194
39 155
27 50
53 88
56 158
52 97
188 17
58 143
179 1
74 79
125 108
192 15
91 176
76 139
104 183
2 64
79 190
52 191
7 49
81 143
138 171
118 57
39 106
93 149
57 72
101 155
91 31
152 183
32 29
32 30
195 56
173 3
34 77
103 5
43 90
143 83
77 140
89 137
39 76
84 51
138 75
33 87
181 44
94 88
174 139
30 161
173 166
191 160
12 117
124 122
35 66
65 38
169 90
180 144
88 84
106 123
61 156
123 108
154 130
102 183
57 197
32 177
82 175
64 148
106 163
101 190
172 188
72 83
9 175
115 163
193 30
146 194
105 29
119 16
106 70
41 170
70 70
156 180
27 101
19 65
1 62
X
5 158
116 190
80 16
88 99
2 179
141 176
91 37
146 10
90 188
144 169
32 85
98 102
194 55
134 45
15 100
33 168
139 113
135 45
162 175
95 177
76 134
13 140
14 65
187 120
123 183
119 180
22 91
56 152
10 127
45 81
131 6
74 40
103 34
189 97
154 9
132 9
186 32
93 11
41 45
77 52
68 11
12 100
155 140
176 18
47 49
97 97
118 145
104 7
76 188
6 165
74 160
97 96
97 27
55 54
194 32
175 112
116 31
6 31
X
142 121
99 105
31 109
11 157
110 112
119 144
130 6
154 85
105 89
86 152
51 33
49 153
139 24
39 128
20 56
X
180 75
163 175
141 189
190 86
192 86
25 183
195 31
50 96
58 78
86 21
54 95
128 14
36 11
X
77 37
132 12
81 86
23 91
25 93
197 168
102 12
98 30
137 67
41 2
133 152
192 167
27 77
125 28
12 28
56 124
98 43
109 88
105 34
167 52
38 155
55 47
70 83
184 183
179 191
191 94
67 23
62 57
15 8
18 190
108 179
36 104
15 61
55 36
106 146
100 97
X
28 99
141 137
77 180
140 106
115 162
98 88
112 136
63 130
172 63
89 188
41 191
144 55
139 36
112 133
49 194
68 190
153 119
163 115
135 52
X
28 29
72 137
51 169
147 104
X
176 66
180 61
103 35
135 58
136 151
X
18 54
29 193
104 157
141 133
147 113
14 12
119 146
49 83
133 121
103 139
74 55
182 151
67 117
172 101
136 55
16 80
163 73
176 102
51 50
141 6
102 181
108 136
13 11
89 117
164 4
138 174
124 180
52 8
167 118
31 106
56 74
18 49
134 99
173 135
151 77
102 8
30 53
125 70
179 172
195 30
106 104
90 182
39 158
50 179
17 152
41 51
123 19
80 121
104 139
117 5
105 136
59 109
190 56
60 5
80 117
43 42
188 57
76 11
63 97
84 27
62 101
122 86
15 156
36 53
88 100
49 77
181 147
60 165
57 89
93 71
194 86
X
72 13
68 22
121 121
170 177
43 155
92 181
40 133
105 85
61 58
123 120
25 117
128 61
121 5
117 176
81 179
32 96
44 50
99 126
67 74
36 52
15 77
54 145
174 16
41 158
165 151
98 5
4 49
36 71
183 125
94 61
180 53
161 172
94 161
52 172
72 156
79 125
122 156
76 178
154 90
9 139
158 104
105 84
103 12
12 188
85 107
119 42
86 23
168 176
54 35
167 51
181 107
X
8 90
X
36 65
153 99
188 77
49 76
59 5
197 144
88 149
79 179
148 29
167 7
22 134
26 31
X
8 161
112 40
64 75
97 193
105 183
157 180
43 44
34 108
175 114
185 121
159 63
17 176
30 151
149 98
88 147
100 77
89 13
118 92
194 155
188 130
48 41
46 9
21 161
77 65
26 119
129 25
178 171
43 152
4 81
11 140
130 191
68 98
150 21
7 87
24 15
X
75 171
36 105
X
139 173
192 121
138 157
84 11
80 179
89 58
120 57
197 94
25 91
52 141
64 106
90 129
35 192
73 36
166 41
77 81
42 46
60 179
85 94
184 143
82 164
77 8
86 42
165 48
118 53
156 98
3 91
160 67
147 6
184 35
32 22
70 40
91 167
167 186
93 13
150 55
X
88 71
109 93
194 173
152 34
77 64
151 103
174 126
62 45
173 89
57 157
112 104
42 159
26 168
56 134
96 159
66 188
14 189
179 63
176 151
84 53
160 123
194 34
100 169
37 119
13 28
181 12
132 2
10 155
45 139
147 52
45 129
2 155
117 146
96 139
183 152
158 148
110 54
188 13
84 128
28 150
155 91
146 71
71 126
156 91
186 121
6 167
157 85
155 180
162 139
190 70
179 153
X
51 105
150 78
77 13
94 43
173 40
80 118
116 29
41 39
59 104
36 13
183 124
149 36
21 20
130 111
191 26
21 23
101 178
X
176 139
95 44
109 89
122 127
64 95
163 64
127 159
142 104
12 160
93 196
82 74
83 118
76 111
9 155
5 76
17 34
38 13
186 182
181 192
108 101
76 44
161 150
41 138
185 33
135 70
61 23
194 144
192 173
91 38
173 90
77 66
192 73
155 85
5 192
108 98
75 44
33 160
188 172
20 158
159 166
124 162
133 122
185 75
12 116
176 63
159 130
38 38
89 71
15 66
17 150
122 20
81 94
X
175 123
45 28
47 53
12 172
22 147
124 156
158 110
80 14
126 132
52 159
83 58
159 103
173 123
130 135
118 20
132 135
159 168
72 16
141 22
108 97
76 29
86 109
112 131
14 192
192 183
137 152
195 41
64 147
32 67
28 126
33 171
7 33
142 11
17 21
39 170
33 144
45 29
192 191
104 34
42 117
29 39
197 167
65 75
31 110
181 34
171 187
89 93
47 106
15 62
130 110
193 26
180 124
165 25
108 119
50 128
111 122
36 79
60 79
79 28
54 159
41 90
31 173
31 63
122 178
38 168
116 68
190 64
102 148
140 120
117 24
66 96
83 114
117 55
14 52
20 193
103 137
193 5
33 34
151 23
118 56
149 88
167 185
51 25
90 186
129 91
18 172
89 141
X
143 64
59 191
20 160
55 51
143 119
13 192
3 81
38 104
78 56
107 34
104 122
125 18
131 14
11 120
28 102
83 83
147 99
176 68
76 141
123 26
180 142
105 45
71 130
148 30
131 132
61 106
18 135
178 189
117 7
194 40
19 19
140 137
122 77
76 66
144 177
30 145
X
175 100
138 82
70 54
90 170
110 56
126 135
176 15
90 193
136 154
141 113
185 3
106 36
18 169
72 154
183 3
95 196
130 162
95 154
112 92
154 21
115 164
32 169
54 32
97 41
2 46
177 64
55 55
195 161
56 80
44 68
162 121
187 32
1 59
46 80
140 187
67 190
123 109
133 44
62 60
102 88
100 167
79 15
95 62
91 147
38 158
186 192
141 28
192 131
179 53
144 141
134 176
53 38
86 83
62 106
31 107
129 136
16 141
89 126
100 74
157 67
108 181
188 132
83 78
96 193
144 148
19 70
183 167
114 133
24 134
170 136
134 168
118 149
97 124
1 81
197 93
196 41
89 191
19 39
60 125
176 172
47 78
32 53
100 132
60 157
25 119
151 56
6 113
154 162
122 93
33 172
28 103
82 176
146 90
X
86 56
112 138
115 18
153 166
73 188
118 165
188 74
82 179
105 87
13 123
74 42
72 134
156 41
110 124
88 33
30 79
16 68
3 195
59 68
179 181
85 118
28 114
98 84
145 169
74 134
187 191
28 173
115 38
114 26
5 45
87 127
45 68
47 44
113 56
120 26
126 134
X
154 12
72 17
142 154
39 126
119 51
131 145
162 33
190 167
53 13
147 55
46 7
32 178
121 67
76 122
191 24
43 154
105 31
146 51
44 81
X
3 64
85 53
170 132
29 41
107 76
30 153
163 130
168 187
160 191
38 180
148 109
9 20
92 100
131 91
184 38
142 103
59 88
51 26
39 39
30 167
137 29
146 39
102 19
113 134
87 40
51 52
91 117
138 6
77 79
X
33 143
2 10
169 109
187 195
85 43
X
186 30
4 164
114 193
72 155
75 161
162 123
41 118
133 75
145 63
16 69
195 162
27 88
40 91
47 190
170 108
180 128
X
190 180
95 159
154 16
5 101
53 160
174 192
127 108
92 118
31 108
76 14
136 74
119 135
51 35
50 63
155 137
72 108
15 53
181 61
28 122
167 48
168 27
137 161
174 51
29 79
51 15
138 170
35 126
18 177
41 143
165 18
166 43
76 176
192 39
188 167
163 55
59 107
53 183
127 78
196 38
159 129
171 136
104 158
25 24
14 61
124 20
78 148
26 177
174 36
X
138 172
103 30
104 86
83 59
121 124
68 189
140 81
66 186
5 17
124 182
102 154
32 74
95 3
85 96
X
119 79
121 156
3 55
143 142
70 56
79 95
10 44
55 77
192 50
153 20
94 177
11 12
36 21
X
8 189
108 102
17 106
16 152
4 11
150 142
90 94
20 178
126 193
118 188
176 170
134 74
147 39
86 81
117 195
73 85
119 17
8 17
X
X
195 120
78 191
191 156
5 33
14 139
23 134
177 65
194 184
88 102
146 137
150 100
53 155
59 62
6 71
155 63
155 130
7 75
156 132
75 5
190 182
120 158
119 195
192 93
30 183
58 178
51 63
163 54
104 186
113 93
X
132 4
X
162 87
106 189
59 8
99 95
17 145
28 169
154 53
172 102
32 57
99 128
35 188
70 44
29 144
85 128
30 10
131 104
166 72
159 187
150 25
36 45
107 104
18 173
37 66
146 28
2 181
X
40 172
89 14
105 159
36 142
157 52
162 122
122 17
37 118
31 170
118 146
84 50
6 166
179 183
19 169
X
127 161
96 64
183 195
67 188
8 88
18 188
183 140
53 143
90 165
56 133
37 162
19 108
97 176
48 83
73 134
88 82
176 152
195 100
121 109
188 168
111 97
179 195
99 9
88 50
63 168
156 156
137 43
28 168
95 64
34 67
27 117
186 6
173 104
3 79
160 41
106 162
135 152
56 132
X
164 99
X
72 104
115 14
150 146
132 146
135 167
118 110
175 102
88 187
X
60 70
80 52
165 70
184 144
136 53
104 120
28 24
146 78
110 48
179 41
68 130
123 141
10 49
91 123
95 161
56 123
46 28
144 135
30 178
36 180
152 32
179 16
X
62 7
81 87
147 63
190 162
X
147 120
193 38
74 107
138 177
14 49
X
12 77
39 3
113 99
26 170
72 171
171 6
89 154
72 84
151 119
143 81
19 160
4 88
11 137
19 152
195 94
71 69
68 116
197 143
79 57
116 16
149 89
75 111
87 60
130 175
180 197
106 169
49 26
37 40
169 163
X
75 163
8 149
112 9
108 121
39 131
89 114
195 118
49 156
6 59
81 177
141 23
69 178
46 82
150 74
91 33
16 67
90 98
118 4
149 111
113 50
114 55
137 160
138 53
36 40
185 183
68 143
172 67
40 24
118 150
30 179
86 82
93 114
177 18
54 92
106 75
180 194
151 24
119 77
139 175
177 61
72 136
40 11
108 55
156 21
21 85
121 68
4 91
122 146
65 25
82 45
X
3 130
181 181
6 23
163 29
166 48
103 154
174 98
130 61
9 135
35 89
78 24
105 76
163 53
19 193
80 116
17 41
169 149
152 71
28 81
77 34
33 95
2 166
195 99
88 9
83 60
85 27
154 105
183 179
17 39
108 163
71 124
27 40
X
12 26
48 183
35 20
81 24
190 97
57 15
51 34
65 34
113 55
106 143
187 112
123 171
13 80
177 165
73 83
193 157
120 121
147 146
98 111
73 27
155 59
59 106
63 20
110 159
193 100
101 112
172 123
139 73
10 90
X
73 13
104 159
76 15
153 6
190 111
19 162
X
86 70
165 96
185 38
44 54
104 132
X
78 25
62 58
X
87 32
14 110
134 175
27 53
134 56
70 69
189 29
169 67
189 18
121 181
88 13
191 71
114 10
X
41 28
1 129
158 43
73 80
146 172
142 84
95 61
8 113
11 155
11 175
76 165
16 28
192 172
76 57
186 20
183 183
10 125
120 53
15 140
177 116
188 144
46 69
129 80
X
154 86
129 27
119 15
61 60
154 178
32 52
58 169
100 54
179 54
119 141
36 68
X
176 3
84 109
61 104
59 77
124 31
18 145
118 163
190 134
5 66
70 134
180 66
X
178 13
122 179
16 8
172 99
18 55
174 77
35 63
15 161
34 85
68 118
122 135
60 6
40 29
111 138
134 145
105 16
142 155
170 175
18 87
X
161 1
192 49
46 65
170 188
189 130
193 73
81 27
185 26
35 189
157 41
X
169 132
127 38
185 32
129 14
141 85
31 142
152 188
174 191
26 13
122 75
163 30
147 143
137 84
41 139
186 18
172 187
106 144
163 32
158 49
48 7
102 67
27 169
50 194
171 63
154 140
129 122
37 46
122 108
101 74
28 76
149 28
78 193
51 13
181 36
64 96
62 43
166 151
180 17
180 150
191 144
23 125
16 136
139 158
184 93
69 120
19 102
31 122
44 45
118 147
50 36
69 46
122 109
6 102
94 175
63 30
113 54
112 88
143 177
113 125
188 143
108 75
132 69
77 55
167 88
140 119
175 64
51 103
101 104
152 12
174 160
160 150
1 76
150 143
167 187
8 99
34 87
63 160
181 130
28 116
113 124
131 100
31 153
52 10
82 83
20 68
42 143
32 145
153 21
49 41
182 33
9 140
30 9
178 18
137 45
143 188
154 5
94 142
179 106
65 189
8 157
142 172
16 7
192 63
60 170
142 86
81 96
63 159
48 42
93 14
74 37
162 107
77 108
116 195
43 94
49 25
20 54
126 195
78 189
147 75
155 164
9 127
78 17
54 148
64 93
160 187
113 112
171 147
196 183
102 21
121 65
120 112
180 79
7 29
8 69
44 43
X
12 115
192 13
121 75
X
X
168 55
31 152
77 125
168 151
107 78
75 66
X
69 181
154 121
2 12
40 141
175 18
163 60
85 93
14 100
49 159
150 51
171 52
118 18
28 100
119 125
160 172
177 91
139 92
158 187
183 24
8 21
149 71
49 31
164 56
13 161
91 114
75 56
65 145
36 69
121 107
31 143
50 10
42 162
73 190
187 72
86 114
62 92
105 139
78 121
195 25
89 15
44 16
126 122
51 172
121 24
X
122 138
87 37
1 64
179 44
55 14
182 67
41 117
81 78
67 120
140 58
150 141
170 89
70 124
173 139
127 70
190 94
X
167 160
147 8
61 62
68 186
41 3
X
126 120
164 85
139 169
127 103
109 182
14 66
154 186
90 154
49 6
39 179
56 38
163 119
9 141
36 41
36 66
109 127
37 128
68 126
16 150
147 125
106 183
31 158
53 148
193 101
38 184
133 112
17 36
104 12
128 63
186 180
72 157
131 148
189 192
15 122
55 16
132 110
81 97
39 38
X
79 11
188 105
19 134
191 157
145 121
134 28
67 38
105 69
124 17
140 112
22 6
197 141
139 53
13 160
127 50
80 74
12 8
X
67 143
115 132
86 191
53 17
51 47
191 132
182 126
36 162
X
88 7
113 108
130 132
49 105
193 98
95 84
96 161
170 48
42 16
114 24
130 5
160 59
157 87
X
164 70
79 97
125 33
54 89
121 122
107 92
30 192
119 43
106 142
82 42
93 177
139 159
102 190
119 190
126 72
20 176
90 52
125 32
186 191
177 181
60 166
174 127
132 10
42 158
26 8
168 177
143 183
111 100
98 137
25 2
196 39
154 89
X
50 119
139 29
155 16
19 97
90 152
192 128
106 15
27 178
83 41
29 151
133 43
76 177
110 34
81 85
105 78
123 162
65 131
38 112
5 99
94 180
169 110
50 98
143 141
56 35
166 55
195 184
163 83
67 127
145 36
35 180
123 5
188 55
191 5
139 4
77 138
47 124
90 16
183 129
46 41
84 86
110 134
6 9
4 130
95 4
118 161
64 94
98 7
76 185
135 18
154 4
189 71
76 180
22 1
189 91
196 165
171 55
99 84
124 157
X
99 103
119 55
37 11
4 64
183 193
116 67
24 104
8 127
162 61
84 93
13 110
181 151
192 5
33 76
157 50
181 38
66 149
192 32
187 50
X
135 166
84 155
112 91
43 151
194 189
5 164
111 99
89 129
120 178
2 81
136 28
183 171
62 178
26 9
179 107
85 166
29 192
164 98
124 42
195 23
36 80
170 178
110 161
99 102
98 27
191 18
24 6
79 191
171 53
21 160
160 141
59 121
54 143
29 38
65 187
137 3
102 177
50 6
X
108 16
174 5
95 141
111 101
84 83
62 42
49 160
36 57
151 11
195 157
X
120 52
48 106
157 176
X
152 162
149 120
19 150
45 63
126 74
106 182
39 192
X
57 147
53 47
128 42
73 55
57 131
62 94
X
X
57 110
177 138
116 39
97 29
29 40
X
7 56
13 13
172 36
152 22
68 54
147 62
185 76
173 138
138 169
130 158
68 96
87 24
148 147
188 16
17 70
136 81
11 65
9 17
56 36
151 12
192 94
114 9
65 93
177 182
X
105 77
77 174
23 130
37 178
104 134
116 41
130 193
195 180
121 93
170 124
102 78
X
124 51
158 74
45 25
95 41
179 194
32 174
150 145
142 183
91 118
X
107 123
27 183
102 187
28 10
4 59
94 163
100 8
44 39
177 167
123 88
20 87
118 108
111 108
146 171
95 137
140 113
173 55
167 87
16 100
133 104
26 113
68 188
183 169
70 126
92 91
92 102
177 79
67 75
181 150
131 175
145 157
22 193
13 23
181 53
X
141 187
189 61
35 55
14 28
64 105
109 181
84 56
178 170
123 47
100 98
86 127
27 74
108 46
144 121
154 187
120 77
134 24
52 31
52 125
X
139 58
149 11
165 56
29 88
93 16
162 1
15 97
61 19
31 38
189 92
163 120
46 168
134 151
108 45
196 177
125 88
133 14
X
109 183
86 154
106 46
91 125
5 48
137 56
63 91
194 169
163 63
193 13
42 155
142 106
87 42
63 42
1 60
39 142
73 66
156 43
70 137
3 126
174 40
22 151
8 191
29 161
62 5
161 73
50 9
171 134
119 20
37 42
30 130
119 75
11 138
31 39
181 197
151 123
62 19
58 60
195 193
104 142
149 113
39 151
38 142
169 18
49 190
137 6
26 34
117 181
50 183
X
19 189
166 9
80 93
16 77
56 68
185 74
33 57
25 5
1 79
30 84
140 118
115 31
87 76
132 13
X
29 130
182 53
161 110
33 159
88 52
192 105
67 128
10 156
77 121
157 97
14 64
147 103
98 110
123 158
35 64
190 3
151 122
69 93
X
142 173
92 101
140 117
56 105
116 18
177 137
139 68
18 24
86 124
72 67
X
39 14
196 145
152 20
168 65
41 4
53 90
106 16
143 173
16 23
151 19
125 72
X
69 118
60 68
43 13
180 11
33 170
X
X
53 95
3 70
68 155
9 137
79 176
127 62
184 91
181 148
105 36
4 126
181 42
56 148
96 44
168 56
47 48
35 128
167 56
77 148
139 5
191 64
163 56
X
152 100
197 91
101 111
67 12
195 167
60 105
141 136
182 167
138 69
173 91
102 65
127 51
179 66
19 101
115 195
16 97
91 3
21 193
6 69
6 117
161 167
9 147
93 94
149 121
74 51
101 52
187 55
50 44
156 129
142 187
88 103
187 53
172 178
136 34
20 152
89 102
4 193
172 189
90 37
141 186
191 105
70 46
110 55
138 34
15 39
27 51
98 6
161 141
146 34
144 146
53 152
93 1
61 105
104 90
14 126
11 117
33 112
25 7
148 100
89 49
181 168
87 21
120 181
170 125
124 52
10 116
158 90
77 161
110 29
128 40
38 182
112 93
147 22
75 35
130 120
52 127
123 177
2 45
92 16
82 163
53 117
196 90
125 79
186 34
184 181
40 121
21 24
1 87
191 52
171 151
52 153
195 54
3 87
115 50
42 121
128 81
55 33
121 19
56 168
129 120
46 78
68 88
171 175
82 162
147 87
188 34
121 69
32 80
18 158
146 61
120 125
67 118
73 84
16 66
15 63
114 25
18 187
181 171
124 125
116 28
154 179
91 76
28 184
42 94
138 112
182 138
176 135
18 34
129 191
14 140
134 161
39 108
162 147
62 91
102 179
6 33
74 64
147 10
94 44
171 111
110 7
74 4
11 11
54 96
184 26
138 161
30 81
54 153
18 160
75 4
54 34
75 7
66 46
41 53
X
97 195
123 170
12 192
179 128
175 55
26 171
102 6
82 43
133 3
40 4
13 158
172 64
144 34
195 145
141 5
93 154
11 188
188 147
170 126
151 120
74 83
134 68
162 129
69 94
2 9
50 158
X
136 56
42 131
180 141
33 97
125 80
25 130
154 100
86 41
138 111
92 178
152 56
29 51
26 32
3 167
74 125
78 175
169 138
162 76
177 180
38 128
150 113
91 39
27 16
46 130
128 28
150 77
X
176 125
68 187
2 11
48 171
24 53
156 45
137 92
98 128
161 77
155 34
22 187
67 39
36 147
107 54
120 68
14 157
110 47
47 173
36 55
2 158
164 50
192 23
143 62
75 168
71 127
163 62
179 129
51 98
86 125
30 8
2 49
184 34
42 161
42 55
165 75
182 192
44 82
106 172
73 8
165 40
133 157
X
80 114
11 122
134 100
180 62
28 51
30 5
33 85
104 49
31 168
87 38
119 7
19 176
32 158
106 176
192 90
166 96
169 25
64 149
187 29
145 39
X
31 41
136 93
175 115
103 136
150 103
60 192
102 76
118 193
3 65
10 121
32 87
158 103
118 93
X
87 191
181 138
136 185
123 42
54 134
59 195
163 110
171 166
188 20
128 189
109 179
164 152
169 162
155 176
189 72
160 148
42 23
89 140
28 177
53 98
25 13
189 73
84 52
79 94
110 108
192 160
146 6
51 190
X
59 179
36 112
84 46
103 16
22 57
23 128
5 53
189 169
125 19
6 115
191 134
105 118
91 140
154 175
142 14
38 171
X
21 55
93 193
190 110
146 170
85 7
3 158
160 33
138 95
163 85
190 15
116 161
168 190
148 36
168 86
3 155
83 77
185 73
120 51
83 177
20 171
62 97
139 184
167 108
167 159
14 160
113 44
120 127
153 12
88 11
170 176
43 53
147 110
141 86
80 122
120 4
158 66
15 40
51 10
110 131
59 87
185 34
133 94
68 87
50 126
170 123
68 25
123 6
95 194
10 13
75 140
192 57
46 126
53 92
97 196
38 132
130 101
87 22
57 13
188 171
173 127
17 84
48 76
102 52
189 101
135 71
71 6
6 75
36 159
129 123
169 88
X
155 87
178 114
37 104
15 110
132 71
93 3
164 86
174 190
145 87
161 40
52 33
75 50
14 80
158 147
36 12
103 29
106 103
20 169
139 13
174 28
121 29
20 173
161 76
136 25
178 75
89 138
129 132
17 33
89 127
192 134
103 186
143 170
136 83
49 65
170 151
47 172
51 17
181 153
171 50
19 85
137 53
191 17
134 71
134 22
117 26
103 135
151 187
160 108
170 192
112 110
166 56
78 164
134 25
194 68
26 167
78 53
114 8
147 38
X
12 125
39 120
49 154
57 152
16 79
9 120
27 127
15 13
136 183
159 131
154 137
129 63
194 38
39 191
155 163
154 11
132 67
108 12
7 23
103 36
128 73
22 138
120 161
96 74
136 187
45 142
54 13
76 17
89 91
173 141
98 139
101 87
74 57
29 153
X
147 100
67 96
4 89
79 56
109 29
44 46
X
89 12
120 87
64 91
155 61
56 31
78 177
24 93
66 72
72 102
56 73
169 160
48 15
164 133
X
122 78
17 24
133 178
171 39
60 195
128 195
104 20
143 39
34 112
146 41
162 85
7 100
162 106
36 108
140 111
127 61
190 105
180 18
74 18
100 99
3 182
107 175
115 15
82 97
193 118
169 159
84 84
31 76
X
66 30
58 107
167 114
57 144
70 177
33 67
171 28
169 17
158 192
28 21
46 8
84 7
59 89
15 142
168 175
158 89
88 81
3 59
139 71
32 161
14 77
124 24
70 140
49 81
38 108
109 49
141 26
60 124
172 166
60 101
126 189
173 39
X
153 162
131 136
156 97
X
120 92
179 3
42 28
38 192
64 32
76 189
194 3
53 172
104 154
128 10
121 160
74 30
48 194
190 173
17 66
141 110
77 50
98 132
180 155
17 179
X
147 36
61 171
177 75
X
40 159
41 55
115 165
146 72
35 190
102 137
10 192
155 66
123 25
152 103
X
165 188
175 113
106 188
178 169
130 133
74 84
46 6
191 15
22 94
109 75
107 98
89 32
9 113
29 145
28 179
103 71
10 140
193 86
191 171
81 74
179 115
80 50
54 53
152 163
49 27
190 30
33 30
138 71
60 122
180 165
50 69
152 138
1 63
7 66
106 34
146 146
13 109
94 4
31 66
26 29
72 68
84 23
144 192
122 171
174 137
78 178
124 127
143 144
30 142
63 75
80 140
124 34
86 192
182 68
140 22
63 32
72 141
83 179
176 156
147 34
44 41
2 165
169 48
49 104
43 28
127 33
132 126
36 20
28 167
146 4
X
56 165
70 13
146 87
194 30
168 164
189 98
128 133
31 34
24 22
107 118
39 66
52 152
89 98
32 86
108 13
21 169
77 163
110 102
50 25
6 17
71 13
48 49
128 12
75 34
25 94
115 20
28 88
36 144
43 153
73 187
62 128
47 127
15 67
91 69
35 184
37 189
108 36
1 88
81 114
7 113
1 82
89 42
27 180
105 49
96 61
94 140
60 197
118 16
117 8
132 91
2 59
36 67
74 161
91 2
37 121
122 181
120 64
86 71
31 30
123 138
105 155
31 127
134 14
53 141
94 141
119 8
30 124
130 103
110 110
16 25
40 170
130 94
76 16
77 5
31 184
109 97
5 167
27 39
36 192
5 179
86 163
21 19
67 53
42 13
31 177
131 72
48 181
109 91
44 69
7 61
48 172
77 187
29 194
14 127
130 148
119 91
54 132
86 12
54 141
50 55
82 76
37 127
81 93
68 92
72 27
51 76
96 160
16 64
49 70
34 62
28 33
97 63
70 45
21 138
101 103
56 119
120 93
58 141
57 146
70 71
110 46
92 177
109 102
21 145
34 104
23 145
21 22
131 92
3 9
94 41
54 133
125 38
4 80
127 191
14 9
50 83
87 25
60 156
57 16
28 123
18 32
39 144
100 105
83 175
51 89
85 152
10 87
17 25
116 188
90 124
131 68
28 32
34 78
116 30
11 62
48 55
16 110
97 98
123 86
77 188
123 145
17 53
92 74
2 167
82 117
112 99
132 175
9 13
114 69
80 141
114 195
106 175
53 156
40 68
17 98
3 178
92 69
88 12
38 76
53 119
10 45
92 4
129 189
100 20
107 49
64 128
84 122
87 69
12 95
57 121
91 149
32 33
31 169
87 164
119 66
73 81
118 189
20 179
52 156
119 25
19 36
15 41
97 33
18 162
31 171
124 179
106 13
134 42
104 19
28 129
87 12
7 149
88 69
75 146
89 53
95 29
95 149
108 103
51 106
53 28
13 101
8 114
65 147
88 30
96 77
130 190
75 37
130 100
104 168
68 13
5 194
49 119
30 126
125 120
5 74
48 17
36 182
2 74
127 59
14 162
89 33
28 113
88 192
120 90
24 105
32 78
59 168
65 128
15 65
116 52
29 10
88 74
23 147
63 173
90 185
134 146
78 125
121 171
77 84
3 164
86 116
112 42
80 115
68 146
57 153
21 6
30 30
84 115
18 84
59 167
63 93
88 170
20 162
89 100
94 143
8 61
40 90
114 7
24 4
56 197
14 138
14 55
127 81
119 67
60 20
54 156
82 41
50 115
132 75
128 162
59 105
106 147
86 72
134 109
126 50
93 75
20 19
104 52
94 1
38 66
28 117
16 24
123 160
56 167
112 87
128 158
31 196
101 175
126 34
5 191
45 125
69 98
81 181
25 92
121 8
18 147
95 2
90 136
115 161
93 115
55 109
91 40
16 142
21 172
6 64
118 24
6 100
61 169
127 54
133 98
65 30
50 156
129 26
58 74
40 155
8 30
104 31
28 182
28 115
18 150
6 174
95 193
20 32
105 178
48 13
109 158
67 15
54 38
48 190
133 151
81 189
69 154
82 189
67 13
8 33
83 27
35 191
3 41
122 4
17 109
111 88
69 83
108 171
119 147
106 118
134 178
133 16
51 119
35 108
84 12
20 55
101 180
69 44
49 179
97 44
128 41
48 51
121 31
126 31
41 1
32 62
21 5
82 114
45 17
122 43
87 41
125 71
50 154
96 43
112 108
37 192
10 161
103 22
20 65
10 46
78 150
125 43
96 175
72 106
21 87
54 91
88 75
93 88
59 146
23 57
67 97
43 93
122 183
114 138
114 189
134 101
55 53
135 27
1 158
9 43
97 64
42 141
76 50
118 68
51 28
68 144
102 5
75 67
41 49
17 40
43 138
62 96
81 25
10 162
130 102
64 38
127 189
91 42
2 44
110 33
28 104
90 69
81 194
75 40
98 42
37 112
43 55
101 176
120 54
8 162
102 90
113 40
65 22
41 154
102 134
15 136
132 73
61 5
100 137
98 136
21 149
20 57
70 38
33 62
72 88
119 70
30 184
56 196
104 176
133 102
93 15
105 71
32 142
86 50
133 158
75 68
119 145
130 98
37 155
68 106
39 111
12 120
52 169
95 180
130 161
50 95
85 42
18 189
66 41
68 154
121 127
33 94
64 30
46 170
101 132
120 145
22 92
6 74
19 187
86 7
3 156
123 92
90 84
26 169
56 193
96 141
127 74
115 55
87 110
92 186
20 53
51 174
65 96
50 78
122 47
84 166
96 142
17 85
133 145
64 102
8 66
34 65
25 115
64 101
63 157
4 180
119 76
40 144
42 1
87 84
99 5
29 159
119 65
97 177
42 17
14 11
6 98
40 134
89 152
125 24
88 124
110 162
119 177
111 136
132 145
76 124
14 13
12 174
127 34
84 117
117 31
69 13
62 61
127 63
41 38
49 10
44 55
104 54
41 169
51 194
47 65
102 16
30 177
20 33
28 5
69 180
47 83
60 104
39 181
96 78
100 52
58 106
2 178
105 132
119 30
8 101
6 171
112 44
9 90
97 84
110 136
132 11
6 116
114 65
52 36
114 30
87 23
124 41
87 81
119 176
130 60
36 111
2 76
117 20
94 114
24 17
9 49
110 93
98 95
46 64
24 124
102 159
5 102
56 131
115 188
54 181
93 93
101 109
65 171
94 33
17 19
117 190
54 146
128 160
101 177
48 68
55 134
104 118
127 107
131 94
12 191
102 77
32 89
21 1
15 159
8 59
72 85
10 175
29 177
104 169
26 24
77 141
103 190
82 181
48 44
52 47
35 181
123 105
102 146
108 34
72 105
26 182
61 170
24 116
34 20
77 82
116 38
30 86
9 136
88 154
37 14
67 126
106 67
30 76
118 178
9 162
29 196
134 110
108 100
90 30
116 55
102 15
61 8
93 150
60 176
92 99
70 116
24 122
95 182
51 36
95 195
76 42
71 106
6 61
69 56
37 117
105 190
118 107
78 174
46 63
130 136
5 9
24 24
86 110
124 54
51 65
103 67
31 125
104 15
46 66
38 178
133 166
80 76
122 76
93 62
42 160
33 33
108 169
75 165
102 74
8 192
121 136
111 93
27 75
73 171
121 26
66 93
24 5
25 184
34 79
85 97
100 19
44 40
14 99
56 110
126 194
133 153
57 169
114 87
15 155
119 178
33 35
116 65
90 50
108 170
63 31
128 78
28 23
22 95
17 100
120 79
25 21
51 55
38 188
104 5
131 73
7 76
121 7
89 60
124 50
48 167
82 115
99 97
97 78
111 102
46 17
101 186
88 185
16 42
86 27
24 138
101 179
74 15
15 6
53 170
88 101
19 40
75 57
82 118
55 146
3 73
95 116
80 15
29 195
41 189
86 43
115 42
16 27
86 117
45 30
36 77
8 41
114 31
68 17
36 14
4 90
84 152
25 101
73 168
123 137
90 138
86 108
36 178
79 13
88 40
17 97
91 75
132 14
50 7
90 91
100 6
134 57
3 45
120 75
66 32
100 190
77 139
2 43
124 93
123 169
80 123
27 99
117 29
100 22
134 15
64 168
49 55
52 119
42 92
13 108
11 8
134 26
114 149
108 33
116 25
8 147
113 131
108 49
131 70
127 104
30 88
16 106
124 177
122 44
9 149
8 172
47 6
64 146
117 182
94 118
68 93
125 20
71 177
128 136
114 44
56 125
3 191
126 24
39 109
74 16
24 101
100 166
58 132
58 146
82 191
132 167
39 154
91 91
69 54
113 110
73 139
81 26
108 158
1 156
110 127
31 31
126 28
89 118
124 160
2 70
113 52
28 41
65 188
100 187
129 162
4 56
124 88
1 128
114 150
52 88
55 107
3 61
96 88
56 156
69 116
117 6
61 56
113 138
110 171
104 13
72 169
3 72
15 51
82 161
63 46
56 192
19 86
18 134
33 32
40 158
123 91
93 91
119 45
101 102
22 190
47 117
10 43
122 106
113 122
117 145
47 167
63 44
132 170
46 42
34 57
21 147
90 11
76 190
52 38
73 5
90 74
17 65
26 178
105 160
59 123
30 122
39 78
77 186
9 12
25 4
117 179
80 24
47 70
48 53
72 29
89 31
60 164
21 21
131 12
78 28
36 43
88 104
55 49
40 132
49 118
76 148
64 132
116 43
54 17
15 80
105 32
87 169
77 111
116 26
13 125
36 184
107 75
125 78
112 86
88 153
7 54
93 195
54 183
25 17
13 162
87 33
52 193
109 45
23 138
101 78
27 33
110 57
119 181
118 55
119 28
78 147
83 94
41 134
89 30
122 8
2 42
123 87
100 75
60 121
52 96
34 66
89 142
6 60
65 21
52 144
53 118
1 127
54 182
56 169
64 173
132 98
9 188
29 184
69 42
46 14
85 41
73 141
10 189
123 43
130 194
9 41
78 176
52 126
31 96
115 17
17 87
125 127
124 92
113 38
102 167
12 78
26 184
58 134
94 42
34 80
98 126
112 127
102 55
77 176
108 183
53 36
7 71
110 135
94 152
27 122
18 65
18 96
39 11
95 179
5 71
60 77
18 42
46 30
50 76
100 136
29 76
90 49
70 156
92 185
14 97
44 83
26 33
75 139
40 161
113 136
93 118
13 97
6 76
109 180
8 29
58 77
16 177
123 20
6 12
93 152
106 158
118 148
75 51
80 139
87 11
122 107
65 32
6 46
37 188
134 13
105 65
103 146
14 8
16 6
43 2
1 80
38 151
133 93
61 172
108 87
72 30
49 63
31 67
120 138
38 170
56 121
93 76
126 190
93 180
12 98
105 135
12 61
66 23
3 76
102 22
83 155
89 115
47 25
130 104
9 125
14 191
18 137
124 123
113 133
52 179
33 79
121 27
31 145
102 189
82 190
83 141
97 99
40 93
91 137
122 42
132 178
8 100
61 21
62 132
28 53
101 156
56 143
96 75
109 123
90 33
18 97
132 166
74 171
100 168
78 179
134 29
51 131
74 111
36 161
36 76
25 113
94 196
9 18
24 137
101 183
28 105
122 122
12 175
11 64
19 110
12 127
110 9
59 119
90 147
106 68
62 23
100 133
43 40
29 49
77 159
52 183
104 167
105 137
57 81
72 18
65 132
115 16
42 132
130 178
109 169
43 117
107 122
96 182
69 177
97 61
20 69
2 61
76 30
28 118
33 174
134 103
88 70
126 136
93 12
52 190
40 12
106 187
39 147
128 72
129 9
110 86
129 92
26 126
71 88
57 193
97 85
68 147
73 107
91 169
103 55
131 98
67 119
108 57
66 21
124 39
41 155
14 50
106 12
52 129
13 157
95 88
48 9
58 68
12 11
59 147
90 42
94 193
86 166
115 26
110 49
88 110
37 80
135 24
75 159
99 86
39 184
82 78
84 123
78 165
62 170
14 79
8 125
62 129
110 163
51 173
102 132
38 80
64 104
90 104
51 88
26 130
33 169
108 118
118 52
51 104
76 71
85 21
75 53
88 42
17 51
79 17
128 24
98 31
134 177
42 151
40 53
73 35
68 120
80 142
103 134
10 137
6 147
8 190
70 128
38 110
82 166
51 14
60 119
83 152