71 139
7 29
120 120
178 151
68 83
121 170
160 133
184 147
159 130
97 87
13 11
136 93
46 79
130 162
27 7
140 14
91 154
8 160
181 35
48 194
40 91
184 33
154 187
155 91
50 69
82 175
126 120
121 178
144 156
189 76
58 178
89 93
59 109
182 124
23 1
186 29
20 67
101 110
36 125
127 136
194 32
77 191
45 127
41 188
140 135
162 141
11 135
90 76
184 92
121 138
151 50
119 68
163 63
48 47
75 134
27 53
84 83
181 168
185 183
170 161
151 25
47 129
111 98
38 14
181 38
108 172
104 6
181 24
109 178
10 89
14 110
15 25
25 1
115 190
163 75
7 23
143 170
42 27
105 157
58 61
122 138
44 28
91 138
123 171
86 23
186 72
173 137
4 130
75 168
39 179
4 195
140 110
77 6
68 86
93 162
47 81
16 68
106 65
58 197
194 93
24 1
77 80
100 126
104 48
89 37
91 1
73 8
89 128
56 148
137 157
191 144
113 93
67 190
5 182
127 78
162 138
2 10
8 116
121 125
128 38
54 32
177 136
170 108
70 135
173 91
81 180
30 97
128 14
161 75
176 110
78 53
59 104
164 40
92 176
31 142
169 56
144 118
195 53
141 81
139 67
63 156
160 140
147 51
85 114
104 49
173 55
135 168
102 147
174 126
110 36
110 138
14 120
116 64
102 186
14 6
52 148
122 111
111 110
195 101
69 93
162 107
160 30
2 191
77 125
103 148
143 195
80 140
40 159
98 28
59 70
9 137
7 66
110 29
163 129
149 125
63 75
187 195
177 139
168 23
37 11
150 72
61 171
116 28
158 50
180 76
194 121
180 180
176 137
40 133
122 110
55 48
188 144
172 176
147 38
177 11
51 63
69 88
41 144
76 179
27 50
48 126
133 112
102 148
123 120
169 110
196 88
164 87
91 167
158 174
161 76
161 141
194 2
143 121
84 87
132 122
120 156
177 62
39 110
121 169
15 137
162 149
147 102
19 145
152 104
158 178
129 121
45 13
107 183
82 42
52 191
19 158
45 129
9 23
180 107
19 102
151 185
120 159
164 43
9 22
6 19
134 67
30 151
68 189
174 53
60 6
80 11
38 142
28 76
104 190
123 104
33 173
138 22
67 149
133 45
94 84
111 131
189 143
108 97
164 50
153 157
78 25
171 153
170 177
137 4
10 127
162 175
63 159
147 6
118 8
177 63
35 87
98 84
168 66
154 119
154 35
121 4
58 80
104 34
105 85
195 155
80 50
47 44
86 49
48 16
195 162
75 71
186 105
175 102
140 27
130 145
167 99
106 182
2 128
84 50
90 170
82 139
162 148
56 168
195 33
186 77
161 4
103 159
184 34
114 68
121 107
168 134
63 132
138 170
180 155
23 125
143 183
8 102
83 22
121 109
177 65
27 87
75 52
182 170
59 62
182 33
33 97
23 127
60 101
124 106
181 192
127 195
87 53
100 55
173 102
133 18
190 50
82 163
162 174
42 16
155 67
104 84
118 4
48 182
194 142
95 141
138 137
57 87
49 172
48 63
14 122
110 124
139 175
31 167
135 22
52 98
74 37
66 75
92 100
7 102
160 174
93 16
158 89
33 112
106 71
4 74
18 191
110 134
171 123
186 20
179 124
112 133
86 122
26 123
27 21
123 158
9 160
46 69
18 152
96 143
128 61
176 154
92 114
73 37
175 36
46 82
123 93
163 115
104 123
11 139
181 142
194 169
91 76
98 6
171 54
91 182
84 84
125 50
123 25
148 100
154 174
171 186
157 74
11 160
85 155
115 150
196 141
145 63
72 135
168 175
30 84
74 18
2 9
27 177
87 191
98 88
143 145
55 54
76 37
40 54
183 43
152 162
63 130
189 101
93 63
120 26
174 6
88 194
144 55
21 23
2 194
152 140
187 111
106 104
126 108
23 124
154 140
141 52
98 75
63 74
134 147
59 145
192 106
103 183
129 126
60 8
86 73
144 40
98 105
136 56
6 41
18 148
84 128
190 86
27 125
36 65
31 192
60 193
28 86
4 11
33 104
54 96
17 35
121 29
134 151
150 76
21 57
65 23
41 142
103 5
168 67
103 36
159 192
122 182
74 170
90 13
84 10
62 5
95 161
2 79
49 65
127 51
86 41
169 151
162 118
189 192
130 120
86 75
192 134
131 14
40 49
123 5
80 14
177 170
98 133
74 185
46 81
194 162
20 34
72 64
170 48
155 163
192 94
180 128
154 176
148 28
13 155
132 168
138 176
38 161
110 123
176 156
84 27
105 69
134 22
101 111
76 40
163 87
61 160
172 66
157 187
48 169
56 85
72 180
118 182
171 147
189 167
67 120
127 43
185 179
77 135
133 2
176 193
112 90
32 81
59 110
137 22
175 16
191 25
149 101
30 98
120 87
51 92
12 100
74 164
167 151
154 85
119 26
162 83
6 150
41 29
83 118
6 69
61 173
1 89
193 89
180 53
175 104
26 174
39 120
10 42
92 149
36 145
121 42
144 121
195 94
3 157
98 43
63 106
3 89
124 38
59 169
137 158
153 56
132 111
114 28
137 151
165 185
61 168
124 31
115 192
40 94
14 157
39 168
99 103
53 38
83 85
144 52
82 162
153 123
133 178
36 143
188 191
31 143
169 37
72 13
119 15
127 159
40 92
14 155
176 139
195 51
93 86
56 33
49 169
112 131
85 27
108 91
141 14
30 161
97 194
126 132
39 2
29 160
106 29
97 176
104 47
182 151
67 45
156 156
40 26
83 56
49 27
126 52
80 114
130 2
31 128
166 43
91 117
117 24
108 102
109 179
28 102
130 5
39 189
186 195
38 121
158 88
59 193
164 104
47 124
156 138
85 57
54 89
158 63
176 66
144 192
48 15
152 56
17 49
70 136
76 178
104 65
187 53
94 159
146 87
144 38
12 6
152 21
64 46
138 171
34 23
174 137
175 112
72 82
160 189
147 31
78 177
111 112
6 21
18 138
147 112
148 137
154 6
84 49
138 24
75 69
41 94
98 109
80 13
137 79
23 55
97 88
29 41
33 76
54 147
4 158
69 157
54 159
50 70
101 139
75 163
138 58
75 27
187 109
26 31
9 141
96 41
143 177
149 133
89 15
59 107
10 47
104 45
179 110
30 181
101 113
24 6
7 89
52 54
6 49
2 41
170 56
139 95
54 143
188 15
170 161
135 13
52 153
75 56
51 33
109 89
72 168
9 20
156 187
146 136
56 87
141 24
54 153
189 92
148 29
8 17
35 51
73 64
53 157
79 56
144 154
58 176
119 127
124 20
31 109
173 100
108 14
129 158
168 52
192 50
193 14
150 141
112 43
36 188
180 151
171 148
157 110
118 57
13 13
28 38
15 66
33 170
75 141
168 9
59 142
176 92
95 150
166 52
192 172
143 176
100 53
53 173
91 102
88 81
178 172
83 143
192 2
30 52
168 10
62 42
75 44
49 28
119 188
127 80
17 34
67 55
102 20
191 118
144 137
136 183
174 18
73 85
176 152
158 49
125 42
76 171
127 108
114 50
137 24
166 48
47 28
194 53
45 68
76 189
45 140
132 109
125 54
46 65
166 42
63 20
47 104
29 39
142 105
195 99
144 133
154 16
189 167
27 130
25 105
35 68
194 189
14 98
147 12
180 142
56 158
76 136
41 45
165 25
172 100
133 123
170 86
28 169
109 138
161 86
79 191
165 185
26 167
154 132
69 130
76 79
137 3
189 29
15 157
111 7
97 95
164 99
46 68
41 191
177 116
13 156
180 105
32 195
29 40
27 127
15 122
169 65
98 137
181 34
158 166
71 65
17 23
102 53
25 99
104 121
52 145
51 172
63 34
48 103
63 168
54 142
194 86
28 177
61 58
180 193
11 171
174 139
2 66
142 12
151 4
77 180
188 53
57 147
152 32
158 165
58 81
59 86
60 105
22 138
94 147
195 118
50 65
181 183
6 165
173 123
116 29
20 176
110 8
190 183
16 141
129 91
177 180
119 16
179 125
146 148
192 31
154 10
16 178
66 72
4 166
126 134
159 96
37 162
49 25
83 166
18 87
120 181
175 114
78 188
134 176
155 185
108 104
91 3
150 144
81 143
101 19
73 18
176 89
140 112
1 66
91 168
93 61
103 19
191 156
86 124
28 114
85 53
129 193
114 29
119 171
59 125
59 72
18 188
192 160
149 120
123 19
157 178
190 70
49 157
124 158
31 126
191 132
12 140
180 197
50 180
73 16
87 24
146 174
180 144
106 57
40 13
31 152
192 64
92 16
29 182
32 177
146 171
156 65
48 183
89 129
57 87
89 147
40 24
115 163
16 23
70 137
139 75
38 71
171 147
34 22
164 114
19 24
63 30
181 37
150 53
52 172
61 176
23 95
130 147
89 37
97 29
89 102
156 96
91 125
128 11
44 42
37 184
31 173
42 117
35 66
92 11
193 15
136 157
29 53
10 90
132 71
27 6
175 113
113 132
190 101
137 6
62 92
36 23
100 139
104 154
34 108
138 83
152 72
183 126
91 180
121 181
154 166
68 157
159 103
106 142
46 173
78 194
104 187
177 156
78 175
10 6
56 32
72 155
126 193
2 47
123 34
155 130
163 120
10 41
193 101
137 95
52 33
161 78
63 40
53 25
21 189
45 130
87 49
96 64
102 187
118 54
19 101
65 186
102 67
21 134
51 179
164 138
88 127
123 143
57 157
194 41
88 188
112 122
60 178
124 180
91 114
107 123
73 134
49 77
72 87
117 65
10 114
42 24
177 135
46 191
118 190
178 194
64 145
30 153
21 51
109 172
119 57
6 23
24 115
59 141
176 125
47 128
130 110
39 71
52 131
160 108
184 139
102 168
42 143
109 124
159 164
152 100
119 4
155 64
188 112
91 93
102 139
183 42
32 174
85 49
11 66
160 188
80 179
31 149
109 34
12 172
82 165
152 103
115 29
41 23
87 43
179 63
60 62
24 99
184 26
92 101
39 46
160 103
83 23
8 155
161 77
71 5
167 88
21 2
179 53
2 46
118 111
165 19
33 172
127 52
161 74
128 59
30 7
74 169
19 134
26 34
126 78
120 70
177 183
57 68
121 64
68 22
122 91
154 179
165 7
94 32
184 183
3 66
29 122
66 149
111 122
35 189
49 79
140 113
22 187
148 71
185 76
42 142
88 11
154 180
38 12
122 127
77 37
10 49
74 40
42 26
152 137
100 138
138 135
87 10
11 138
47 68
67 73
179 130
66 42
15 39
28 22
67 56
63 38
182 3
197 91
108 136
162 117
82 155
118 163
94 154
91 70
135 37
93 161
35 86
88 33
195 24
27 119
93 1
136 185
51 126
175 193
62 6
171 187
118 146
131 71
14 96
164 152
119 24
12 26
118 93
88 52
122 162
101 85
8 19
79 97
98 33
168 86
84 97
172 164
91 175
75 7
167 20
1 62
190 31
104 137
192 180
30 81
109 86
91 139
18 151
73 55
164 149
8 161
7 53
36 162
59 88
194 176
151 77
197 90
170 40
128 39
84 53
188 128
52 10
145 55
190 73
143 148
33 81
65 45
180 11
129 28
89 14
96 33
174 16
171 111
88 100
5 30
91 166
150 135
152 105
144 141
69 46
109 36
172 40
43 44
163 49
40 143
149 100
171 53
172 101
76 12
39 143
170 192
172 68
190 160
39 39
134 56
149 146
8 70
105 133
154 11
43 120
60 79
55 36
116 63
12 122
159 131
194 97
53 88
44 46
1 126
100 128
71 83
36 21
137 75
39 4
138 185
119 135
41 141
127 79
146 61
83 59
12 117
115 54
145 169
21 53
164 175
24 54
148 71
13 158
120 31
12 116
38 147
138 84
135 154
89 32
137 187
24 126
39 3
51 32
29 192
100 169
175 62
160 59
90 82
106 169
75 30
170 159
22 152
158 120
63 97
154 121
106 189
155 33
148 30
113 195
102 66
50 194
48 10
58 78
84 60
105 12
182 192
113 108
39 192
130 99
49 153
43 25
65 130
175 68
184 152
177 138
147 25
50 33
56 134
26 173
147 21
121 122
18 22
16 150
49 183
15 63
82 83
120 157
188 171
62 21
124 40
191 17
147 100
24 119
114 26
129 122
41 94
113 86
171 134
40 192
103 154
36 22
30 183
35 62
32 74
49 160
87 37
180 90
59 5
133 109
171 187
178 63
101 22
119 78
188 57
90 154
133 121
22 188
64 144
88 84
78 161
28 153
70 43
93 70
30 41
84 110
72 156
181 165
116 68
106 48
27 79
17 86
189 64
77 109
149 4
68 23
44 52
156 21
114 63
5 17
96 181
50 106
166 146
138 71
6 56
98 110
63 128
173 3
150 143
19 147
46 83
165 187
33 30
62 38
56 88
46 76
177 92
106 163
86 107
100 54
158 99
114 188
11 127
109 87
126 38
192 189
48 115
140 137
50 193
57 85
105 175
31 65
41 131
164 147
65 74
182 90
140 95
74 50
159 98
124 121
20 51
12 99
120 51
151 73
41 170
193 49
2 91
98 44
114 188
13 127
21 170
142 80
102 190
148 134
24 100
161 123
29 151
115 69
181 105
109 131
183 128
20 160
143 34
158 180
190 30
177 181
61 106
77 108
123 170
139 25
5 23
90 98
53 26
53 116
176 172
177 165
179 17
144 143
180 139
154 12
44 70
154 31
154 89
118 91
41 139
167 166
41 92
73 85
122 109
67 46
18 179
166 96
81 24
59 89
40 131
50 54
40 69
40 27
67 38
5 158
154 6
185 35
39 105
104 182
129 125
144 55
189 73
66 38
90 182
56 105
132 10
106 55
120 112
116 16
173 166
110 132
180 140
178 165
71 157
194 55
184 3
98 41
174 190
15 23
173 54
179 126
157 189
149 148
113 44
77 35
185 73
13 140
130 189
17 32
114 10
3 158
86 56
193 38
192 87
57 17
101 104
190 97
57 77
193 86
154 137
177 167
80 116
75 137
143 143
89 81
179 191
113 54
47 78
196 39
57 105
49 80
12 101
56 69
86 154
114 56
72 14
161 133
107 163
38 192
188 14
77 83
168 17
12 114
30 145
114 66
104 175
197 143
174 191
29 51
122 168
26 122
161 168
178 79
102 70
66 31
112 97
191 68
20 70
17 176
171 108
87 167
182 106
108 98
32 94
167 17
173 40
180 183
71 134
197 93
103 139
11 61
147 98
4 165
47 10
27 184
93 148
51 35
43 17
1 59
42 131
172 63
72 178
175 75
40 46
93 147
195 23
176 61
69 92
19 106
26 29
31 33
69 124
169 67
63 33
156 48
11 61
126 191
29 144
47 55
164 100
173 104
49 32
166 40
95 41
141 186
30 172
104 88
180 153
127 132
143 62
184 91
147 37
176 188
144 39
60 22
74 134
149 5
134 99
68 87
188 169
113 111
67 21
5 55
18 176
92 103
39 182
4 10
192 157
114 137
36 41
110 34
173 27
133 67
181 44
13 66
147 87
79 11
43 13
30 158
9 135
37 142
187 108
26 15
185 6
39 118
91 126
8 171
41 190
69 179
88 37
193 100
182 144
26 30
12 155
52 146
47 54
174 160
57 156
32 88
187 107
155 49
129 136
76 170
15 40
129 79
105 84
20 169
60 7
136 53
49 34
106 66
181 13
60 70
150 49
193 13
101 87
124 51
84 127
74 13
69 107
56 123
121 93
192 101
111 100
100 5
35 55
171 63
180 192
20 173
152 121
139 184
86 114
68 103
119 125
26 171
59 58
80 124
120 55
20 178
33 34
145 88
103 36
15 142
75 65
173 135
63 38
65 172
90 12
38 134
74 57
80 13
10 160
43 4
6 75
77 4
172 64
182 103
171 6
78 192
22 193
77 36
18 169
111 10
117 147
155 63
62 130
30 178
5 19
53 169
135 158
27 81
33 160
50 152
25 103
30 49
188 20
135 166
16 77
13 123
71 16
14 49
109 49
3 49
51 103
60 68
119 79
88 108
24 15
18 36
131 91
156 140
83 76
56 31
38 171
8 175
58 143
44 25
194 184
55 31
38 38
58 89
73 106
24 91
177 182
162 72
55 160
136 42
74 165
192 184
19 70
136 184
157 87
122 77
60 80
67 117
64 75
24 95
15 55
18 173
139 35
104 20
119 168
18 190
49 190
34 75
142 193
170 175
9 45
186 18
103 65
151 5
110 31
9 113
30 179
95 33
22 94
63 32
91 33
20 171
23 51
105 186
86 70
17 55
194 70
21 20
171 152
68 52
53 152
55 13
156 43
107 92
155 35
197 175
125 86
103 166
29 33
39 80
34 74
162 63
21 86
74 29
197 169
69 94
86 45
1 155
27 74
121 30
13 77
134 58
121 108
130 175
197 173
14 52
131 4
148 125
161 44
33 67
44 44
138 92
8 60
191 49
194 118
83 181
93 153
144 116
12 97
126 70
170 123
82 93
191 24
146 36
175 123
35 63
70 140
100 21
109 77
152 20
179 112
144 34
47 26
90 187
87 38
52 13
15 77
179 16
102 78
187 55
137 161
11 192
51 37
116 195
31 40
147 61
103 71
155 186
188 16
108 46
166 11
120 42
123 104
115 38
71 105
38 180
122 179
22 191
167 90
183 127
28 31
21 159
186 33
59 148
54 79
79 52
78 50
77 79
75 66
186 3
132 4
36 42
115 165
18 39
141 6
194 159
125 81
60 191
112 110
20 158
116 67
41 55
88 7
117 180
183 38
74 12
76 169
151 188
107 36
31 151
73 188
92 138
163 73
29 80
191 119
1 79
15 64
101 169
88 152
194 141
179 1
137 45
57 13
86 123
90 94
127 31
189 112
74 82
91 141
187 106
33 57
91 136
11 9
182 67
141 22
94 30
6 102
9 192
110 35
164 54
55 14
123 89
75 4
14 189
96 159
8 65
61 60
37 44
196 183
136 74
123 142
116 27
110 131
161 103
92 178
174 104
21 148
57 195
180 103
139 52
190 134
7 59
87 194
9 11
162 74
28 103
24 136
174 7
95 178
99 78
139 113
139 12
106 160
157 52
104 134
119 31
35 127
179 172
90 16
115 193
191 160
192 167
189 72
161 172
75 64
87 166
3 12
39 42
146 137
137 84
98 112
119 93
73 79
68 38
185 74
4 71
3 70
32 167
189 49
180 68
50 42
123 42
119 77
36 80
14 64
6 33
31 74
144 136
43 3
76 14
118 188
79 190
65 93
71 179
113 123
10 159
152 163
180 172
163 87
72 15
16 136
96 162
118 26
62 177
118 192
180 130
35 88
16 69
155 59
197 176
62 94
193 98
110 111
36 128
61 23
8 188
40 70
167 7
160 191
74 121
185 75
100 102
127 72
77 7
172 3
88 151
38 155
155 132
138 186
154 4
26 32
191 128
181 42
140 117
113 55
119 52
123 45
53 143
18 100
3 56
164 140
91 185
164 43
147 74
138 161
174 78
153 131
71 85
58 148
70 102
49 66
60 160
37 178
54 180
145 119
197 94
168 63
95 3
12 171
87 59
139 3
181 148
86 164
195 119
102 65
176 168
14 80
188 73
89 59
119 14
32 169
180 63
122 178
121 66
40 11
28 184
92 141
6 44
95 177
107 104
57 141
76 27
40 162
65 46
19 107
103 142
78 24
53 90
102 137
147 89
60 71
20 187
182 66
31 194
188 193
138 27
72 157
135 71
119 19
166 147
165 188
169 132
178 167
40 52
76 29
57 164
126 135
108 29
76 174
23 126
129 81
64 147
71 130
34 87
56 74
77 138
58 179
136 29
165 146
95 153
121 20
49 154
41 46
191 147
146 169
80 75
73 27
8 19
158 187
141 136
56 122
108 75
27 179
138 51
97 193
87 57
16 179
37 42
131 2
60 194
154 164
187 72
81 87
13 107
61 101
75 36
2 195
188 29
57 197
38 46
88 76
86 74
56 13
163 132
86 52
127 53
121 47
60 165
192 169
163 55
62 176
62 40
12 113
151 11
31 111
153 20
148 143
121 42
159 129
93 117
137 17
124 124
195 49
33 20
16 97
90 83
173 53
42 15
172 192
31 79
59 108
24 128
4 129
171 159
13 124
40 145
120 158
8 117
162 33
176 63
83 180
28 149
63 19
74 83
92 71
48 70
161 132
191 52
125 18
124 122
183 138
187 77
154 8
79 94
89 139
59 77
74 136
158 150
182 56
5 54
86 46
165 133
196 155
91 71
6 65
86 127
40 29
81 139
101 182
39 1
103 33
124 178
128 10
54 97
165 191
119 44
146 39
185 26
58 191
76 141
89 188
30 180
2 182
60 73
69 16
95 194
170 126
145 64
60 21
45 142
139 6
91 127
181 182
110 88
87 127
194 156
78 163
179 156
66 30
74 41
116 24
6 117
144 36
56 89
67 74
110 47
165 4
173 139
127 50
162 119
88 56
29 77
180 44
180 65
47 50
128 10
99 95
191 16
51 118
30 10
6 66
111 133
46 8
1 130
9 22
141 173
37 152
119 170
5 29
52 160
48 115
137 92
92 181
194 71
18 52
146 194
124 103
26 168
13 122
64 143
105 148
104 8
98 102
113 137
143 157
179 15
83 75
60 123
66 96
161 120
62 156
178 68
67 95
188 62
130 91
69 120
94 142
42 121
169 67
163 67
89 12
11 175
100 78
133 104
78 54
19 87
133 160
140 6
43 91
129 14
194 57
96 177
75 64
88 165
28 173
17 84
191 180
143 119
82 87
165 10
83 176
170 188
101 181
87 32
153 119
5 49
79 26
169 178
194 181
196 181
174 127
143 189
177 137
182 63
90 81
14 139
172 99
121 17
194 155
5 156
181 130
152 33
110 158
29 142
139 28
4 88
5 22
102 19
146 76
40 28
89 76
168 187
79 176
108 35
194 41
35 87
22 91
182 192
90 151
11 155
168 151
81 83
89 138
70 134
106 46
161 108
130 101
39 170
188 17
115 50
41 28
92 98
89 141
122 91
8 127
101 157
93 141
114 145
31 123
141 184
20 177
98 139
32 161
47 17
123 33
91 30
97 127
25 130
37 147
151 21
38 78
171 132
76 34
191 100
16 55
127 162
121 18
33 168
167 117
134 23
97 196
179 105
26 10
153 159
171 190
27 17
137 44
21 150
146 71
27 167
22 134
175 64
169 25
13 159
28 10
68 84
36 146
61 19
188 105
149 11
25 6
138 34
105 75
166 56
163 74
65 129
9 147
95 175
131 104
163 53
150 103
70 52
38 125
63 42
155 52
130 158
153 56
147 41
165 98
26 13
30 52
166 149
151 23
98 7
166 100
119 126
109 90
16 78
159 187
179 56
18 192
43 119
95 1
158 86
120 29
32 98
160 187
123 107
124 156
117 195
2 128
6 175
50 128
32 30
141 26
107 45
119 75
158 67
197 92
158 42
121 65
2 49
40 117
103 30
135 160
145 90
15 49
39 76
18 160
31 160
6 115
58 119
179 104
150 100
195 141
28 119
102 54
196 40
181 197
42 49
145 148
197 141
61 179
109 92
14 51
8 86
172 5
116 165
72 139
168 176
10 7
10 116
62 168
139 22
62 101
27 28
196 92
58 125
144 120
143 83
51 15
130 133
24 134
166 20
49 26
85 59
32 79
178 183
39 38
46 43
49 103
52 182
42 4
195 161
108 54
175 111
118 14
84 108
146 10
63 73
136 186
159 132
4 129
121 123
14 28
3 64
154 138
188 77
104 189
121 141
119 180
98 78
101 178
90 193
98 135
89 91
84 161
168 68
192 132
127 33
24 113
76 171
28 116
127 105
121 126
72 177
96 44
172 123
1 81
170 89
51 27
187 56
79 95
145 36
128 40
91 128
196 41
64 105
83 78
126 122
16 176
162 172
68 189
147 109
155 137
54 77
62 39
19 173
19 34
5 21
93 72
30 179
3 60
28 122
40 43
134 111
51 47
161 67
5 76
132 124
49 158
94 43
153 132
28 114
76 28
154 183
105 35
10 11
56 36
143 173
14 61
150 55
28 169
124 107
40 168
19 106
130 135
75 140
149 87
50 183
26 21
101 190
40 151
88 148
33 171
30 194
107 172
176 102
183 6
156 137
52 127
192 193
49 156
106 49
36 40
105 86
197 165
128 28
132 12
188 173
113 109
104 86
149 78
137 24
75 50
112 103
35 89
16 100
42 161
30 196
161 110
48 170
12 192
112 136
32 55
188 145
46 78
176 127
109 183
127 27
191 94
38 162
174 77
114 38
140 118
172 40
191 71
22 145
177 75
98 44
23 6
25 122
142 177
27 49
194 87
107 16
194 72
14 192
122 156
186 179
123 24
60 179
152 35
56 132
56 81
149 88
83 96
167 187
63 91
53 33
95 85
122 75
191 26
115 68
3 43
50 47
65 34
101 137
84 9
123 136
65 168
27 174
148 144
3 54
49 36
123 18
180 17
102 21
143 116
107 76
136 79
86 155
37 76
11 122
135 42
89 154
168 56
162 147
77 17
118 147
99 126
194 167
48 7
123 44
143 86
123 26
109 175
51 90
142 121
93 196
65 173
12 23
121 120
179 68
33 51
60 177
31 151
147 73
59 81
58 107
114 146
123 4
28 167
83 142
166 73
102 175
100 96
60 5
62 178
73 108
95 159
130 109
77 11
95 154
19 96
129 124
20 134
82 43
109 136
2 89
33 143
166 49
75 171
175 61
93 159
60 166
183 152
184 23
133 43
70 41
89 91
118 147
24 93
40 42
164 85
38 169
162 106
19 176
145 41
129 59
192 172
182 61
193 91
123 178
147 63
28 179
180 79
194 90
155 21
170 69
68 149
181 144
81 78
47 115
175 135
75 54
62 41
180 91
90 165
144 177
147 36
46 16
23 91
182 152
62 56
19 108
169 163
160 173
170 187
76 52
106 54
47 41
105 77
19 65
4 128
17 179
183 23
119 7
136 45
147 28
144 148
140 24
18 24
86 126
111 103
76 66
192 93
180 41
115 24
192 191
162 103
72 138
144 104
183 140
109 57
14 160
180 67
59 176
52 141
52 31
88 167
61 104
46 13
108 175
143 187
91 74
165 96
125 72
60 23
111 86
93 3
181 167
171 164
168 164
157 67
95 87
165 70
7 100
1 74
97 124
155 164
190 4
3 91
72 104
74 79
190 72
58 133
123 122
67 186
120 135
97 195
115 40
62 59
153 8
7 151
60 193
107 78
107 123
172 189
180 75
40 14
94 61
124 108
130 3
66 186
120 190
153 4
128 195
156 91
163 33
68 148
18 49
68 130
144 157
150 9
28 151
119 125
73 12
183 129
41 90
194 165
185 24
100 134
182 53
10 191
70 138
173 89
190 156
50 9
40 51
95 61
114 133
188 143
187 193
41 138
105 36
93 14
65 25
160 42
186 19
146 157
14 140
73 36
140 111
148 34
85 165
59 85
14 66
94 177
133 126
157 180
104 132
188 13
137 85
141 187
67 23
27 52
150 142
22 137
88 9
134 18
65 131
138 157
76 139
80 74
117 193
5 178
191 19
168 7
171 69
71 102
50 82
44 38
171 51
154 53
68 102
162 87
39 128
28 79
156 186
117 26
85 94
110 97
28 21
196 177
27 5
192 170
24 56
86 69
186 191
27 40
64 92
14 12
48 14
104 122
123 17
86 124
62 46
116 42
122 93
126 43
65 149
62 44
39 38
79 50
176 12
14 78
158 51
120 91
82 74
166 74
91 176
166 148
44 14
30 142
132 9
57 148
4 178
89 49
83 177
94 163
154 177
54 134
8 98
153 158
120 171
43 151
41 53
92 188
107 34
3 55
131 9
118 150
9 120
112 138
152 12
196 173
194 34
88 102
31 107
120 77
177 67
191 86
191 53
23 123
82 164
175 39
22 1
16 151
73 69
147 133
133 13
59 68
12 24
22 57
54 145
10 141
9 139
121 160
121 137
158 43
27 16
72 67
127 60
175 100
60 69
12 173
34 76
92 154
150 51
134 100
26 17
197 145
17 39
167 19
167 111
41 25
184 117
75 135
127 161
6 149
70 13
137 29
191 23
172 104
179 66
176 99
193 32
102 69
192 63
163 51
146 148
114 66
183 138
84 126
31 172
30 8
35 179
50 63
75 125
181 66
86 191
46 192
138 174
132 147
146 28
75 136
8 31
33 23
35 53
21 170
138 182
62 43
126 74
29 84
80 75
183 170
100 111
68 186
67 143
36 56
151 100
140 81
32 178
80 78
4 53
8 126
32 21
95 151
54 78
155 162
142 13
114 131
31 159
193 155
90 149
105 183
72 65
177 151
34 89
5 195
43 152
28 170
3 126
39 152
27 103
75 138
142 104
132 104
134 170
185 25
41 140
37 40
46 129
55 152
148 120
134 74
104 179
18 161
182 23
103 175
13 8
74 17
186 180
100 77
103 52
146 154
142 183
12 122
171 7
65 73
91 129
194 160
136 83
78 55
67 17
186 194
155 85
9 19
37 71
104 90
127 25
184 35
156 131
16 67
162 121
68 188
49 129
8 71
7 42
141 103
126 195
56 77
50 28
190 147
36 12
113 92
62 91
139 177
157 54
163 119
89 129
164 96
125 70
145 195
167 100
131 136
141 53
99 104
5 31
50 179
7 171
57 152
98 9
74 4
167 56
47 118
57 89
175 127
189 34
142 189
178 16
110 161
122 86
10 174
161 79
64 96
192 118
88 107
32 51
120 51
68 118
186 182
36 104
132 133
100 167
48 193
52 25
92 152
11 125
106 171
119 136
137 67
112 112
62 60
176 18
45 25
47 125
149 25
76 125
136 27
78 193
41 171
86 76
189 173
124 42
101 84
98 29
131 13
170 26
55 55
190 155
61 105
35 125
32 85
96 196
174 5
89 74
2 69
133 175
140 51
8 113
174 163
187 112
26 5
32 20
105 159
147 78
155 42
50 51
79 96
13 106
127 193
9 138
99 111
50 48
27 76
146 72
49 64
140 3
90 52
195 25
27 13
173 138
135 35
124 127
114 9
57 160
197 177
68 128
139 171
132 15
75 30
108 56
7 56
120 107
94 139
76 146
24 21
192 121
60 167
195 32
142 156
155 180
99 137
183 23
82 162
148 40
25 7
93 114
139 187
145 120
46 82
151 184
76 44
138 79
49 36
1 64
142 81
40 172
139 68
172 190
93 71
94 28
29 75
36 39
171 27
183 196
11 140
139 73
75 35
140 53
102 9
48 6
132 148
176 68
120 121
10 158
77 15
42 155
38 128
44 81
170 136
157 76
171 192
191 57
36 180
57 72
80 194
172 187
70 56
77 40
154 51
185 34
3 130
31 174
114 64
19 152
107 57
12 188
2 48
132 169
144 61
21 171
49 104
21 158
44 45
115 14
195 145
35 23
29 130
170 31
138 95
190 167
141 110
39 151
56 152
113 98
94 149
11 162
118 181
161 138
97 105
104 71
110 137
45 70
139 27
179 167
83 87
163 32
1 61
23 93
131 126
76 15
5 192
91 98
56 68
75 150
18 51
82 179
10 44
31 161
87 107
30 192
45 76
138 177
133 4
192 39
117 188
92 180
90 127
19 39
67 130
112 93
133 161
12 96
113 86
171 151
27 78
185 72
170 147
114 27
47 24
50 191
180 141
103 135
105 134
193 191
170 164
37 120
61 156
93 94
62 173
123 183
1 129
36 13
178 5
183 130
10 157
153 105
157 91
153 19
73 7
153 10
84 86
184 143
65 143
85 56
46 24
5 157
40 50
167 23
110 99
119 69
122 112
189 77
138 6
104 29
139 158
194 30
88 73
106 16
142 86
142 84
47 119
188 134
187 32
64 130
80 52
170 27
163 130
107 175
119 4
89 127
25 3
46 172
129 61
111 86
129 94
140 106
48 168
72 108
36 79
163 62
180 156
143 103
128 63
154 86
34 105
8 149
66 46
125 54
95 163
51 64
65 39
139 14
18 136
78 190
186 20
195 54
84 155
32 22
173 141
131 120
32 96
137 75
88 49
90 71
46 124
128 132
163 70
170 151
158 167
29 169
121 162
1 90
56 166
156 65
150 137
10 171
4 182
47 27
92 76
11 12
32 56
183 194
140 93
99 128
88 71
182 5
191 73
4 126
74 108
72 8
100 132
172 102
78 121
162 1
168 11
36 57
62 169
54 53
35 64
95 4
190 62
32 77
156 159
158 95
131 67
31 66
76 185
132 110
139 24
56 80
64 93
150 133
124 157
184 4
32 76
18 158
77 107
56 154
59 87
107 12
175 12
115 131
151 119
69 181
13 160
74 125
19 191
10 155
96 74
183 93
153 33
91 73
173 37
183 90
140 57
143 144
17 24
162 139
195 167
49 35
161 59
188 172
44 41
124 126
105 154
76 165
72 4
106 70
84 11
39 104
192 131
132 67
36 54
50 54
56 73
95 117
181 68
33 53
170 125
16 152
145 146
99 105
79 15
159 168
27 24
163 30
171 109
89 56
15 61
55 51
5 180
21 173
17 36
92 182
115 31
146 173
71 125
79 125
179 183
76 106
16 65
173 164
136 187
49 82
24 16
132 135
14 77
54 90
141 189
187 34
124 120
97 31
93 11
147 72
123 109
161 105
76 177
99 99
72 102
131 175
161 40
70 179
45 77
18 55
79 57
106 103
195 120
43 143
77 13
73 189
105 158
10 135
103 16
187 33
176 155
39 162
70 119
111 110
124 161
195 31
193 57
170 32
5 181
178 191
133 120
18 178
49 152
88 13
33 74
186 30
93 13
168 69
2 155
78 26
161 83
120 92
139 74
32 75
28 51
123 106
172 98
54 34
143 120
53 115
168 177
182 91
29 86
126 133
56 194
158 91
47 126
57 70
167 118
139 160
106 31
9 86
62 131
15 106
47 10
135 152
33 31
176 124
28 130
107 97
30 96
6 9
184 120
154 52
41 117
176 135
159 64
82 165
44 13
147 146
176 151
120 65
38 104
130 4
119 169
27 84
89 191
195 143
153 35
135 158
135 70
108 78
27 85
161 130
144 106
109 126
74 44
148 90
159 109
63 101
27 38
166 187
46 168
102 75
190 56
121 24
60 194
53 171
120 55
122 17
107 91
161 147
45 83
80 28
164 84
119 87
182 126
21 55
95 148
64 106
153 140
143 185
194 3
180 55
95 114
52 180
138 67
145 121
193 30
164 4
146 30
64 148
168 166
72 68
122 146
32 53
51 95
15 121
17 66
163 64
31 41
155 165
166 9
179 106
174 76
144 64
74 28
187 50
55 143
85 110
118 92
10 13
123 127
91 16
31 130
50 160
194 158
30 182
195 56
47 190
2 192
164 48
36 159
84 51
111 101
127 24
167 108
114 193
136 51
88 186
191 145
164 41
51 105
31 81
24 51
120 189
67 127
174 98
164 70
69 130
132 2
95 138
155 156
103 137
47 47
140 177
70 141
141 133
24 13
50 172
53 146
74 123
159 147
96 138
6 114
178 3
143 61
125 122
4 191
1 157
9 47
31 153
178 180
98 138
147 71
77 179
76 84
102 52
67 120
108 122
41 51
128 81
51 116
7 86
104 12
106 15
42 162
53 31
6 11
64 34
83 21
195 26
115 195
24 130
172 163
86 40
177 16
84 56
3 158
11 120
192 73
143 142
70 139
160 67
154 122
89 11
107 98
82 176
141 82
15 100
10 188
68 16
106 179
108 124
54 33
196 165
23 53
91 115
184 121
52 97
84 118
123 125
93 161
32 112
191 184
165 129
105 45
163 109
139 169
12 157
105 138
54 98
52 130
59 106
120 146
176 4
192 53
130 132
19 162
78 149
179 18
26 113
119 112
5 33
154 162
152 31
188 55
30 5
162 40
106 36
50 41
81 141
163 175
69 102
94 138
72 141
77 161
117 24
66 188
33 159
189 161
39 125
46 7
190 90
8 99
186 72
193 157
4 193
162 85
109 76
45 138
58 59
139 57
53 13
151 50
134 75
150 112
74 34
171 48
108 15
122 93
25 2
6 10
136 34
98 113
119 20
20 152
15 28
194 69
147 111
54 80
52 90
173 140
90 194
175 65
49 105
79 28
158 87
100 95
82 193
158 147
112 97
159 105
12 25
164 174
144 169
60 124
74 139
69 14
145 34
107 121
107 169
191 14
18 145
47 52
80 16
195 41
70 39
170 148
101 90
139 55
57 158
150 136
188 129
48 42
192 32
87 71
15 156
86 83
19 19
89 136
119 5
162 105
180 138
134 168
143 154
185 3
153 12
76 134
158 74
19 150
181 151
8 156
62 95
19 34
112 41
75 5
78 191
28 49
83 26
51 169
68 190
131 145
26 129
180 61
60 157
19 171
36 147
37 78
33 98
136 55
190 162
169 138
38 182
87 7
65 145
139 157
121 70
88 60
84 124
98 74
106 157
134 68
162 75
106 188
94 29
56 191
27 169
4 89
117 14
8 21
189 105
104 157
158 103
58 177
93 84
17 22
178 66
132 112
177 61
31 106
24 102
163 48
110 161
94 44
54 55
192 183
5 45
114 24
49 31
30 130
195 161
177 110
176 53
95 62
176 13
20 66
18 146
105 69
184 121
61 62
13 6
153 99
43 94
165 40
169 28
165 26
127 70
47 68
135 58
66 34
168 159
95 63
128 9
9 121
32 23
1 75
168 132
76 13
150 73
78 57
93 175
148 90
164 150
171 67
27 172
68 143
103 84
21 161
164 86
125 34
100 9
162 44
159 79
144 193
5 98
29 153
9 157
58 164
154 21
166 44
154 33
9 171
148 133
174 55
71 6
58 87
30 94
144 157
178 171
86 153
100 98
102 154
102 143
145 89
175 188
154 159
168 148
156 41
143 188
38 13
27 13
76 11
181 41
193 73
87 21
29 193
46 190
4 59
78 189
12 80
145 145
3 155
47 173
128 70
65 72
123 41
65 170
65 189
191 13
18 187
109 121
177 191
110 159
30 95
102 68
183 193
120 57
119 141
169 88
74 107
35 112
113 99
113 194
94 180
195 180
174 141
7 69
70 44
115 194
170 178
131 148
41 39
154 99
129 63
130 6
161 166
62 158
68 21
20 24
72 66
6 148
186 119
126 121
122 20
146 172
163 116
57 143
75 125
162 73
124 52
104 7
63 158
12 115
116 163
183 182
177 66
62 57
52 7
55 148
43 49
52 28
18 19
145 143
183 195
181 93
19 84
162 173
87 71
110 112
103 35
123 90
140 110
197 86
154 52
143 39
77 43
33 89
47 63
174 162
192 23
185 6
85 161
171 56
87 170
56 71
14 100
30 53
154 130
171 135
37 158
42 46
130 111
7 31
46 28
118 110
109 99
16 8
157 56
35 67
165 132
16 139
21 187
29 5
19 160
158 52
40 38
85 96
118 18
13 100
51 77
21 84
182 147
171 175
137 37
139 25
176 99
180 66
119 47
89 114
64 149
76 176
89 84
80 143
186 192
116 39
108 137
112 104
161 167
144 117
196 90
147 104
176 126
15 110
160 164
106 69
77 64
58 85
52 147
100 74
42 90
57 74
70 70
158 179
176 165
106 186
10 126
153 31
192 173
119 146
79 179
30 50
139 54
2 158
195 193
98 27
182 53
125 27
19 138
82 46
67 93
128 43
107 31
183 124
190 107
89 94
27 14
125 87
174 28
50 126
141 176
26 6
192 90
83 139
93 74
74 71
138 134
51 129
134 25
69 12
47 29
37 128
161 150
77 161
47 76
67 12
170 153
166 190
56 165
72 70
110 109
123 32
166 191
73 109
71 136
35 107
27 117
3 182
92 147
89 69
4 76
93 149
146 7
125 32
106 170
147 103
123 181
178 75
12 8
147 75
133 17
164 52
49 69
7 55
70 55
146 90
192 86
6 73
98 77
193 118
139 29
155 159
78 146
123 108
21 3
43 1
61 158
49 126
111 127
123 31
153 52
7 33
77 55
88 41
101 134
6 29
58 60
90 186
77 66
171 52
121 75
55 106
41 152
98 124
52 28
56 195
74 29
64 95
153 128
90 142
188 61
66 72
68 24
107 102
190 64
9 113
62 179
36 160
97 88
89 126
40 142
117 161
28 168
151 78
110 122
90 150
183 167
145 77
108 16
2 165
24 104
55 38
97 125
180 143
149 31
101 154
136 52
11 13
146 121
43 90
156 130
102 76
27 10
113 97
163 141
154 101
66 46
17 67
14 160
106 146
95 143
20 145
59 164
4 61
87 76
164 129
84 46
77 137
172 161
177 192
86 25
37 68
26 4
29 179
190 181
18 54
63 21
163 110
162 76
102 6
144 51
117 178
90 141
142 154
154 156
179 111
140 120
150 145
32 35
116 18
35 182
140 22
133 3
168 48
39 183
17 107
56 87
29 78
140 57
124 34
68 124
129 120
193 5
183 169
54 179
105 146
73 111
11 10
7 87
68 88
169 38
135 167
62 106
182 68
106 78
24 57
114 25
51 31
60 69
191 120
68 126
181 171
54 148
137 16
87 22
125 80
44 82
130 159
83 41
38 131
2 193
132 120
41 3
167 186
101 166
188 147
35 85
123 8
175 37
30 38
178 11
121 86
126 72
118 26
161 84
8 191
107 158
21 146
124 44
146 4
194 177
70 154
40 121
5 101
143 195
184 90
133 124
14 54
19 98
18 34
36 108
139 36
50 43
154 8
176 141
179 129
7 75
91 92
138 187
76 121
179 75
176 52
109 177
80 189
90 152
50 190
163 1
191 146
41 192
119 29
5 69
124 159
102 144
53 17
188 49
36 45
121 135
11 63
80 117
174 189
154 7
109 29
176 51
190 180
189 130
182 167
39 118
132 136
115 191
108 121
50 103
116 161
129 24
160 168
146 55
130 126
49 67
33 29
42 14
155 184
184 5
171 50
32 112
8 90
146 143
53 155
189 94
134 166
47 105
174 193
74 55
150 71
147 125
24 53
167 189
98 134
39 79
135 43
116 193
70 54
87 27
179 42
90 149
109 176
124 182
80 77
21 162
76 4
74 64
30 158
194 94
93 151
176 11
184 119
125 28
98 128
123 47
133 91
5 56
154 178
122 108
192 133
70 177
167 188
73 56
6 70
151 123
97 27
189 88
156 19
8 151
139 58
183 41
96 161
86 21
166 55
183 192
57 15
71 107
9 117
167 161
87 165
173 36
27 40
190 94
133 92
147 90
147 4
14 106
85 7
89 57
59 191
51 26
133 6
62 62
64 72
150 50
1 83
113 88
139 71
183 144
151 122
39 117
78 159
118 144
34 21
179 107
30 8
31 98
172 178
93 85
11 157
170 138
70 83
156 190
119 93
33 142
50 158
97 96
72 71
167 48
36 38
67 38
117 177
41 120
120 86
49 44
177 18
58 62
68 145
47 13
118 145
174 123
30 169
155 55
67 124
127 32
27 105
57 159
91 152
60 71
86 192
6 45
178 13
28 99
147 8
53 33
164 105
68 105
28 171
116 14
122 88
37 67
139 135
133 12
80 121
59 8
179 12
45 141
150 21
157 174
24 14
167 109
78 52
104 186
75 42
168 111
169 86
40 27
114 147
36 55
60 74
11 6
40 133
81 85
82 44
124 125
45 126
190 182
142 193
106 145
67 75
24 118
24 135
75 121
5 61
27 15
33 55
21 160
123 156
100 127
151 19
125 103
175 55
153 130
25 13
17 70
170 54
181 153
190 5
78 27
152 4
95 64
70 42
16 49
138 111
148 73
171 137
57 145
163 103
54 36
192 107
142 106
159 166
13 155
46 67
115 53
108 48
45 81
164 83
119 31
111 97
129 80
140 133
20 54
108 163
189 128
44 53
138 110
76 64
30 5
149 8
73 13
18 170
60 159
31 105
76 122
56 133
151 103
40 23
64 91
121 88
153 21
66 43
186 5
155 41
190 29
10 88
32 192
164 148
135 52
97 175
52 9
170 28
77 8
142 155
51 52
90 37
180 64
101 158
32 106
18 171
78 162
86 115
14 141
132 132
53 16
186 181
28 152
119 137
119 27
8 69
67 52
191 2
25 2
125 126
24 117
167 114
73 84
22 51
102 179
122 179
54 95
86 56
130 112
99 134
138 93
173 98
49 76
33 95
158 122
147 88
36 68
170 159
179 79
97 193
52 130
165 151
32 104
184 179
135 18
26 22
6 173
73 136
158 120
84 155
146 176
172 175
58 6
35 20
55 108
106 143
40 147
38 112
192 13
120 47
53 117
50 6
10 117
133 14
53 148
145 154
156 132
13 137
73 71
30 167
26 28
19 99
13 161
102 183
44 54
188 34
101 89
195 184
184 144
40 66
127 61
8 32
26 177
19 169
115 19
148 147
155 16
107 29
48 41
91 94
19 32
88 82
155 166
172 177
183 125
31 144
49 6
3 75
100 109
48 78
83 181
19 109
124 86
70 155
60 192
168 26
30 9
168 55
23 134
56 86
68 96
123 46
127 62
155 186
88 83
46 126
4 127
90 180
147 120
116 190
177 68
38 11
85 60
63 72
59 143
52 168
73 110
10 86
72 181
142 169
154 105
7 41
37 191
150 22
119 190
130 61
144 105
185 150
197 142
39 178
159 62
43 51
14 190
136 67
93 141
119 171
58 60
84 85
44 143
112 7
92 104
34 51
103 31
55 81
2 81
75 8
47 51
78 11
15 137
20 147
149 12
48 171
111 104
115 18
105 16
99 134
144 194
163 52
162 61
182 65
150 25
151 12
82 141
67 118
53 160
28 126
156 188
9 175
189 107
136 81
124 162
147 62
52 95
15 120
192 34
72 86
80 93
18 193
192 57
72 170
170 134
36 52
75 79
101 137
142 184
34 81
14 126
150 113
137 43
187 52
76 150
147 54
141 85
118 53
187 20
13 121
67 128
27 115
150 147
60 125
89 165
180 18
28 150
6 62
194 173
167 160
146 6
110 169
127 28
129 93
4 87
25 119
109 54
120 125
64 94
67 98
125 19
151 120
88 147
78 51
52 48
95 44
115 65
110 91
161 164
93 64
21 191
78 124
24 1
53 14
53 174
32 54
123 144
118 149
5 193
6 151
118 161
109 183
32 108
138 69
113 53
62 93
84 23
186 121
181 147
91 129
150 146
32 179
105 90
20 52
30 74
136 25
70 181
4 12
148 4
141 137
118 29
170 132
74 162
76 70
39 134
71 64
188 167
181 169
97 74
1 79
24 126
98 111
129 160
108 119
15 109
91 41
74 141
73 106
74 28
165 48
18 159
140 187
15 62
187 54
93 182
84 154
55 131
147 99
97 104
146 120
150 28
171 138
88 191
136 28
94 27
52 192
77 34
65 190
92 187
105 87
53 27
48 65
36 78
106 144
11 139
70 69
3 62
47 116
106 190
49 41
102 84
116 150
45 63
147 99
39 126
81 74
143 63
191 157
130 192
69 11
148 136
29 30
60 72
188 19
39 155
11 7
6 164
57 123
189 193
84 114
98 8
6 31
72 137
54 152
41 42
49 41
41 2
19 189
114 67
133 15
133 175
189 90
189 97
181 61
27 178
191 162
140 10
179 170
105 33
90 191
114 52
96 163
74 168
74 42
43 155
167 87
78 56
156 192
55 105
166 17
117 55
188 168
72 69
37 154
157 109
31 64
91 140
23 129
65 187
164 133
140 121
113 125
77 150
141 83
124 17
100 186
4 167
95 150
6 113
94 88
16 79
179 165
137 53
39 142
84 60
2 180
47 49
4 79
169 151
117 165
113 56
69 97
192 4
109 122
120 53
175 141
67 16
113 127
15 160
72 140
172 165
53 47
78 178
71 7
81 176
73 105
190 180
125 79
194 144
50 43
179 181
55 50
162 104
105 142
104 158
162 105
88 149
124 181
137 157
57 14
56 124
179 14
91 147
176 116
31 38
92 175
80 122
45 64
71 4
191 18
149 121
83 74
105 144
63 96
30 79
27 181
42 55
83 58
26 23
167 136
171 136
33 87
158 56
160 74
40 1
17 150
55 110
59 197
116 40
99 109
139 75
169 165
190 110
51 125
84 8
168 28
152 119
187 119
28 28
189 91
195 34
108 101
12 162
69 118
67 116
144 155
69 178
44 50
11 11
67 25
106 34
108 30
165 189
88 187
166 73
121 28
43 53
150 77
51 171
51 170
110 172
155 44
148 36
122 171
143 106
138 113
155 61
134 104
189 71
154 123
88 8
134 154
32 158
123 103
108 138
90 129
154 88
153 4
52 159
179 194
70 88
95 27
155 178
110 54
124 24
50 38
52 17
180 167
21 24
13 126
181 57
181 55
178 192
87 39
18 53
50 182
2 126
146 122
115 15
158 104
150 75
93 73
118 65
149 124
123 168
160 41
77 52
2 166
190 184
41 118
13 28
101 86
28 81
18 102
195 55
147 39
86 60
162 4
178 167
100 8
80 51
31 150
42 158
24 23
172 186
176 1
81 96
69 38
95 137
49 194
138 53
145 78
45 28
29 149
185 36
43 118
112 92
183 24
50 169
78 122
14 10
32 110
120 127
88 103
134 112
192 15
73 30
77 65
121 69
106 172
189 171
105 179
187 51
167 96
132 177
121 5
82 45
77 44
77 189
40 141
21 193
180 76
143 192
102 71
17 145
177 13
51 16
173 159
165 131
82 193
118 162
142 39
86 82
146 34
42 38
131 69
181 26
77 140
72 107
67 11
83 83
81 177
31 129
187 57
27 88
188 131
116 31
71 71
32 196
76 57
15 53
156 59
74 66
29 81
33 167
89 117
184 118
136 24
129 195
123 178
158 164
105 136
142 103
77 42
110 160
47 106
87 31
146 8
118 195
72 84
36 105
72 83
113 134
197 88
167 115
85 94
49 115
26 7
73 4
55 16
109 104
157 99
160 172
189 74
100 135
35 126
143 184
135 169
157 188
106 159
75 185
139 11
115 65
12 27
116 20
124 24
141 51
43 121
172 65
80 97
30 51
133 154
34 112
60 107
31 35
119 18
86 165
179 57
106 162
10 6
45 139
152 139
134 28
71 107
194 191
173 52
34 111
86 109
121 124
170 191
139 56
178 110
132 176
52 55
32 193
106 49
158 79
174 17
14 23
115 51
57 154
65 24
92 1
50 131
37 119
135 51
125 31
149 103
122 78
46 10
88 166
53 92
121 77
40 55
73 82
179 113
134 98
54 49
26 9
37 66
171 55
74 8
96 27
115 162
167 162
12 66
7 64
68 107
71 124
53 98
127 38
116 44
17 102
138 172
80 122
82 152
146 41
120 188
150 74
150 8
145 125
51 91
181 167
113 193
27 182
9 140
48 191
155 183
110 32
30 33
155 89
176 100
86 42
112 40
35 65
170 30
17 20
182 62
99 113
51 17
60 102
40 67
98 32
182 55
185 32
2 179
108 181
163 4
166 114
105 123
14 137
60 195
81 97
15 97
139 5
25 91
72 154
77 106
73 190
47 169
59 56
76 8
169 19
63 23
185 38
95 147
8 49
17 101
110 170
28 100
100 188
128 74
25 24
83 139
130 176
102 177
77 57
25 5
167 97
15 13
22 189
96 139
190 112
187 49
52 6
30 174
188 132
152 188
57 154
100 99
95 115
3 47
195 119
118 31
18 172
70 126
170 52
110 104
70 46
194 73
122 120
156 18
119 86
75 148
62 160
81 118
166 70
103 132
115 189
190 143
169 175
164 139
111 108
103 144
149 99
149 89
56 160
108 55
26 8
118 20
133 152
121 158
88 8
153 162
141 23
159 64
71 69
55 110
116 145
184 181
193 91
68 85
128 189
146 193
23 128
152 73
136 84
137 154
99 87
76 111
188 130
90 114
72 16
3 195
124 28
13 80
189 169
114 86
170 124
129 78
143 141
43 28
132 146
138 82
89 71
53 183
54 131
44 17
50 10
27 113
150 72
37 151
101 88
76 188
167 52
180 124
24 55
60 158
124 183
178 190
117 150
36 158
144 35
172 186
150 12
89 194
109 31
176 3
29 174
168 27
169 63
129 91
188 72
157 159
99 102
133 44
46 9
32 57
172 67
154 48
141 84
136 151
192 171
120 88
48 179
43 42
141 177
142 110
152 102
68 25
73 66
89 10
72 136
57 110
106 75
133 170
4 64
94 31
75 84
133 42
16 22
85 46
74 27
169 161
36 70
151 187
104 55
46 193
5 64
110 45
161 175
12 13
94 161
142 14
190 34
39 14
125 41
135 45
88 50
80 17
190 128
88 72
80 118
87 40
41 168
38 158
93 160
30 85
84 52
163 59
45 143
35 67
169 152
108 45
39 108
10 113
162 129
74 122
127 158
154 10
195 189
32 29
150 78
52 51
95 181
156 139
162 70
103 186
31 110
151 56
130 62
107 54
51 25
120 24
13 109
20 193
15 158
35 57
106 56
98 5
84 7
87 56
98 88
77 50
173 51
29 145
37 153
160 32
109 93
169 160
83 46
51 6
52 142
193 90
1 76
137 56
44 138
14 54
83 114
52 194
176 2
155 158
11 188
54 51
147 141
187 120
145 171
49 155
164 151
40 146
152 183
58 7
147 143
161 33
118 191
93 163
11 65
38 106
162 67
186 34
117 146
155 60
110 48
103 133
3 69
39 127
104 46
47 172
191 5
117 52
109 163
91 118
31 112
139 26
14 80
50 119
131 100
178 189
91 170
192 41
39 106
101 155
143 84
195 86
26 172
76 165
108 45
119 46
4 41
123 6
146 29
194 157
76 55
127 106
86 84
123 7
91 11
6 167
4 155
179 3
135 170
128 13
108 12
77 41
10 172
110 56
174 4
125 88
83 140
165 18
5 12
58 56
145 124
134 102
51 10
179 182
70 44
149 98
121 79
70 40
158 110
72 179
28 29
77 121
168 88
170 86
14 95
14 98
118 112
68 46
87 30
120 144
191 143
59 195
38 168
124 43
10 122
179 55
166 72
193 32
108 177
9 88
107 159
131 112
82 154
80 12
117 176
5 164
164 103
4 9
169 187
11 137
54 35
35 188
113 10
82 97
142 40
112 88
113 51
57 119
2 64
121 156
176 101
142 10
160 150
184 141
153 49
156 63
178 193
143 146
35 192
5 18
189 77
92 102
190 88
99 124
110 108
17 35
51 34
91 4
53 179
125 74
135 72
174 166
95 118
157 79
195 50
3 193
13 120
151 24
172 126
51 115
15 42
73 186
10 124
103 138
133 94
18 177
73 185
39 172
1 60
194 68
84 93
44 68
154 128
158 90
34 67
154 90
106 45
157 75
194 26
131 6
103 29
99 88
33 53
67 94
6 72
52 143
163 54
65 75
105 31
192 130
113 124
90 118
193 193
181 43
65 38
130 14
22 135
25 95
83 77
27 41
121 91
58 8
7 49
79 24
141 3
104 139
120 4
142 187
42 94
161 73
88 10
111 138
169 150
87 53
165 24
78 160
189 61
149 36
177 79
109 88
38 159
103 69
112 91
120 89
81 179
43 38
19 179
38 132
11 117
58 169
165 44
193 101
39 131
174 135
141 169
129 132
148 20
80 26
83 179
89 116
155 56
157 77
154 186
160 29
22 147
161 29
160 123
60 103
96 137
62 45
141 113
20 87
27 183
63 160
189 101
169 18
46 41
166 151
174 159
42 23
126 54
60 81
69 95
60 106
105 67
62 19
165 23
163 85
4 81
182 44
133 75
29 172
145 148
159 95
86 194
33 158
115 63
182 57
177 90
60 78
152 16
134 161
143 41
152 17
60 168
88 98
169 166
188 74
56 34
102 14
9 21
49 67
155 163
71 128
86 53
80 176
189 87
164 98
93 2
139 51
165 152
158 54
118 194
156 180
121 146
77 134
31 168
120 168
77 190
85 164
122 180
162 110
145 62
190 34
154 188
84 25
119 42
180 77
151 11
4 66
41 151
95 176
176 169
89 124
192 5
190 167
8 88
104 21
31 104
147 10
180 150
170 127
108 120
74 159
193 68
190 3
67 129
8 189
135 157
183 183
151 52
32 80
79 194
25 5
179 61
100 124
158 59
155 176
151 54
7 90
65 131
12 28
39 188
112 38
105 34
119 144
27 88
191 15
112 10
12 189
23 130
56 120
178 168
152 166
118 164
126 189
6 71
52 125
29 143
35 128
132 6
160 59
91 100
90 153
89 13
154 175
39 77
75 106
6 63
60 169
155 32
32 145
29 161
108 179
94 4
147 52
170 176
193 94
120 8
2 164
105 36
132 94
176 125
88 99
75 55
86 161
82 192
91 123
109 182
123 88
138 112
29 88
192 162
83 60
82 85
76 175
134 24
169 149
129 27
124 53
66 25
31 62
106 102
192 61
57 142
140 116
20 138
3 83
17 21
80 116
1 87
37 125
92 94
61 167
50 44
30 149
184 6
70 124
20 68
51 51
145 122
32 67
68 54
93 154
108 99
22 93
76 168
83 97
151 8
14 7
67 125
163 118
152 18
163 29
180 165
3 74
192 155
16 66
19 85
70 117
104 119
4 91
89 125
46 6
191 171
3 79
195 23
108 32
48 106
3 81
3 71
68 155
160 75
50 31
27 80
136 54
160 31
56 38
78 17
70 53
162 140
123 146
46 130
57 160
100 97
157 85
141 25
18 179
55 141
134 157
130 195
58 110
129 191
44 51
18 53
97 41
101 85
174 31
59 60
141 29
114 55
41 162
45 128
1 65
16 28
44 49
47 30
117 163
139 52
130 191
128 135
28 30
52 8
142 112
7 175
3 59
43 46
16 137
91 16
90 51
119 55
142 40
102 166
49 116
91 38
110 55
16 26
86 167
148 12
191 64
7 48
87 42
75 147
117 68
27 126
53 168
148 25
18 23
88 53
67 39
197 142
8 159
144 135
74 160
110 7
160 175
133 122
15 8
5 41
8 157
143 85
36 69
109 181
169 164
22 192
14 65
5 100
192 38
169 159
128 133
51 190
93 69
191 130
146 141
178 18
85 93
29 158
119 43
170 148
2 12
176 76
157 176
138 169
8 64
17 110
133 157
100 135
31 183
166 23
89 104
145 141
54 37
159 67
92 118
59 121
181 12
49 78
147 55
161 85
147 34
85 127
187 191
31 122
67 14
66 33
100 74
180 62
126 103
161 3
143 81
42 28
154 5
155 174
86 42
169 162
156 17
75 55
72 171
140 92
104 166
181 33
133 168
103 34
36 142
164 56
3 180
90 188
18 110
83 25
85 43
167 98
100 125
99 139
56 146
89 140
97 126
71 126
195 157
7 117
173 7
91 188
119 195
103 90
142 11
20 56
140 169
19 107
196 156
83 57
145 137
156 174
90 53
181 36
93 193
5 20
106 148
90 123
31 170
171 32
114 8
87 26
91 72
176 123
18 106
184 38
126 81
77 146
112 39
25 182
80 125
49 106
190 111
86 44
32 29
180 194
168 65
169 17
162 122
128 71
16 70
82 153
179 54
34 85
63 22
169 26
175 53
91 37
142 173
69 15
40 71
192 33
81 94
145 142
33 85
74 124
193 23
50 129
172 188
42 134
56 35
39 121
154 31
2 45
137 160
32 87
28 174
130 63
5 42
49 38
158 121
160 110
71 154
101 55
36 53
25 117
114 148
92 91
113 135
104 159
168 161
175 66
174 51
109 125
130 193
51 160
190 15
89 149
38 133
193 121
118 176
73 34
36 20
19 100
129 123
85 128
171 28
67 93
68 156
103 12
117 5
127 79
31 124
143 64
128 42
116 41
145 177
13 192
193 119
73 57
52 90
107 172
173 90
134 148
137 51
37 104
49 32
10 121
104 148
84 107
158 175
34 77
169 90
23 122
46 77
181 147
147 35
181 148
165 148
190 173
131 93
137 27
102 13
35 183
132 134
168 190
169 36
52 92
30 6
153 103
98 99
54 13
159 63
16 176
197 168
85 124
8 62
70 157
20 169
105 76
197 174
67 147
139 53
115 133
130 124
150 52
56 68
180 154
104 22
48 81
113 42
90 181
9 17
2 11
41 143
89 137
46 80
29 74
33 144
93 194
28 172
54 81
123 177
152 71
86 193
3 65
183 166
196 145
125 17
27 101
20 135
184 140
176 15
77 165
31 63
19 97
154 100
56 141
150 29
22 6
52 127
9 150
56 134
71 141
51 78
133 125
193 26
106 183
194 40
67 145
148 109
74 14
106 160
169 48
135 56
157 97
91 165
27 51
195 173
74 51
99 85
85 95
43 143
103 32
141 86
158 192
8 23
102 181
76 17
179 114
120 52
165 131
123 141
174 36
83 161
79 121
175 115
4 83
177 64
176 112
181 138
152 22
163 133
106 176
38 108
5 99
9 155
16 140
85 12
138 37
3 53
97 102
18 149
160 105
142 192
15 12
22 151
95 31
33 96
77 185
121 86
43 28
104 36
115 52
30 87
194 51
54 88
167 51
86 81
115 145
86 125
177 91
70 16
12 77
49 81
183 142
171 166
194 193
50 96
18 177
144 52
119 143
122 135
169 40
149 137
96 193
115 54
35 180
31 108
69 40
134 175
195 30
87 168
54 160
45 27
163 60
8 63
81 27
136 13
190 13
91 104
106 161
44 39
185 33
117 4
48 180
32 172
133 159
109 132
162 71
72 134
109 78
26 170
53 172
36 46
56 78
145 39
51 13
137 188
145 173
157 45
175 92
69 52
186 183
115 132
72 17
52 174
89 16
89 170
141 12
178 170
139 173
130 195
190 109
7 147
52 115
91 31
64 103
192 49
183 3
188 18
19 42
149 113
39 112
48 119
31 158
130 175
72 28
103 9
148 98
176 103
120 68
139 13
18 50
84 41
75 70
146 133
145 76
171 150
50 127
97 128
38 117
33 29
190 53
20 84
109 54
136 161
179 44
136 71
67 54
122 141
155 87
130 122
31 179
20 137
41 158
16 7
33 95
88 150
109 127
104 183
113 50
42 138
54 144
140 84
170 111
191 105
45 26
159 130
9 151
30 167
149 34
85 118
31 32
86 152
24 114
26 119
105 118
89 92
3 167
155 43
21 151
182 38
40 188
94 175
142 172
32 52
91 124
125 33
43 92
182 130
139 110
48 76
139 92
14 188
138 75
16 80
100 189
173 5
86 49
181 107
118 165
77 148
101 5
58 5
156 129
96 84
140 58
125 108
154 9
8 174
55 77
160 76
195 52
187 105
46 44
158 148
166 41
10 125
141 5
31 94
171 5
29 167
182 197
178 114
108 86
167 159
147 110
158 48
10 156
79 189
70 130
114 88
132 13
194 23
57 144
74 164
93 87
88 193
94 64
158 176
175 16
119 77
131 109
2 83
67 52
38 184
17 33
37 38
68 187
174 165
50 97
152 138
90 148
47 194
197 87
111 99
78 148
20 150
12 125
71 129
106 123
49 159
13 23
105 29
77 41
20 35
36 112
85 122
144 122
172 36
59 179
54 31
190 105
160 33
66 143
187 29
48 43
131 74
35 178
95 84
149 71
105 89
75 111
37 118
182 107
6 166
17 106
12 79
123 135
31 39
143 80
101 112
56 17
185 121
4 49
17 41
169 28
130 59
145 157
172 166
95 196
108 123
192 56
95 117
177 141
70 107
121 68
13 110
102 169
24 103
12 137
101 55
10 48
59 144
130 9
35 104
100 113
158 60
4 164
177 138
7 88
57 191
150 30
121 67
148 146
104 142
40 25
70 120
179 41
28 74
60 56
175 18
15 140
81 178
184 93
81 84
93 4
158 66
159 133
99 9
136 154
197 167
29 38
36 68
5 98
78 164
120 162
25 183
27 77
141 12
182 105
109 29
192 68
165 56
142 41
60 196
144 37
85 107
131 178
96 76
162 41
189 18
24 15
8 158
154 139
144 146
168 178
171 37
127 103
178 166
102 86
26 99
33 145
119 194
90 123
46 70
66 190
51 152
129 25
133 92
73 83
181 140
156 45
178 116
121 121
39 107
195 190
105 156
160 141
68 11
68 56
176 98
30 128
6 59
196 86
11 136
56 164
83 93
191 64
91 39
171 39
46 169
179 128
17 99
47 53
52 128
186 193
110 10
118 56
46 167
42 133
105 88
14 53
73 80
146 51
71 181
41 172
58 105
89 185
107 54
173 39
55 52
90 194
156 98
163 3
25 15
183 171
84 27
26 105
1 91
39 180
57 131
128 73
110 30
117 7
10 120
94 182
105 133
188 63
2 181
10 192
194 166
54 92
76 178
167 110
67 72
105 180
157 41
168 49
194 38
130 160
2 87
112 43
146 146
147 22
134 145
190 92
174 192
76 180
21 152
112 9
160 63
192 105
138 73
39 45
15 107
82 194
163 44
58 143
60 170
3 87
72 103
6 53
81 86
110 48
163 114
50 36
149 111
96 42
62 7
120 178
121 25
82 143
65 42
31 76
25 93
51 183
152 34
146 134
74 69
191 169
105 78
83 24
113 126
168 8
190 57
139 4
104 16
134 75
120 161
107 93
74 106
93 92
162 43
90 192
30 74
147 113
44 43
165 100
19 193
40 41
76 159
195 100
84 125
58 131
63 34
112 8
113 7
5 59
46 25
171 65
193 120
43 154
93 138
171 127
73 30
153 129
41 4
83 178
17 146
196 38
46 194
186 32
81 76
9 137
85 166
21 85
4 82
103 136
189 110
141 28
71 8
93 177
58 58
87 124
10 123
2 130
119 51
67 42
84 21
27 34
15 24
74 163
51 98
101 159
68 104
42 159
18 135
193 2
40 67
146 12
90 151
180 78
49 33
153 156
7 98
27 30
134 45
19 41
102 88
50 130
5 155
102 8
137 152
139 72
97 62
174 40
147 52
57 134
131 132
95 152
146 170
84 109
111 91
101 105
107 77
101 74
107 160
3 63
123 125
157 50
134 27
163 83
56 37
119 179
181 181
79 93
10 140
113 137
62 97
145 192
121 19
14 192
118 193
125 73
146 78
132 10
53 55
174 92
109 75
9 127
47 103
45 124
185 23
92 179
154 91
81 28
58 57
145 87
157 108
5 53
186 117
47 128
115 164
36 71
49 68
71 127
50 98
174 75
56 70
193 189
149 28
130 177
36 11
191 134
20 36
37 46
77 110
60 122
116 66
155 66
89 84
17 42
104 120
101 52
39 158
60 120
53 95
84 153
57 155
35 190
122 125
133 100
121 112
98 132
140 119
130 146
32 194
192 129
38 78
191 101
48 83
117 181
97 97
188 53
60 19
102 12
111 108
9 148
88 109
110 133
155 140
191 155
62 156
64 96
41 121
59 74
28 84
146 170
86 118
44 16
86 162
162 123
133 5
74 30
55 33
182 138
193 41
163 172
15 162
4 69
156 61
173 127
28 24
24 52
123 28
159 97
99 132
162 59
91 32
42 25
74 43
81 179
186 112
99 74
115 44
135 67
36 66
16 138
144 38
58 81
182 104
55 47
181 25
172 27
18 70
113 112
45 29
183 179
119 107
68 98
48 129
87 60
40 4
108 93
118 108
21 23
56 72
28 101
75 161
5 48
39 191
138 29
132 126
123 162
29 79
38 172
155 31
125 25
194 49
118 4
169 109
17 152
114 131
5 66
75 149
98 97
67 188
3 128
190 20
47 48
49 154
153 6
179 115
97 103
67 96
102 145
139 159
153 166
62 8
49 37
156 16
194 175
104 189
120 141
13 188
55 17
121 168
175 38
68 116
117 180
122 79
36 44
181 53
142 195
7 45
155 34
126 193
118 109
74 84
49 47
64 32
131 102
21 4
101 9
189 98
133 148
87 74
96 140
189 15
5 32
108 31
11 113
14 142
123 27
160 148
179 13
197 144
139 137
116 31
119 138
36 51
35 109
98 30
196 169
77 174
104 9
105 139
89 58
54 47
13 61
65 169
71 84
135 44
70 118
184 181
188 110
46 171
122 141
105 30
179 153
143 147
165 75
136 68
153 183
75 190
105 88
13 95
51 50
159 74
120 160
131 75
82 175
196 184
134 71
62 58
186 6
23 146
1 63
7 17
178 169
161 1
127 160
192 128
182 92
184 142
120 56
74 190
119 142
51 38
181 150
125 52
163 56
69 96
77 136
172 191
167 185
176 170
16 39
126 192
33 161
170 88
12 160
164 141
156 97
77 81
49 83
57 125
99 84
119 17
132 69
174 161
27 86
104 53
102 142
37 126
179 195
40 69
137 184
15 161
138 173
44 17
187 121
6 172
189 147
112 89
135 75
103 169
111 102
80 24
127 74
110 33
53 28
30 76
122 76
131 72
134 14
130 178
86 110
49 119
117 179
6 12
99 5
132 91
110 171
118 107
5 194
102 90
65 132
22 92
113 138
95 149
41 154
15 159
81 93
124 41
105 32
105 49
85 21
36 184
28 104
101 180
47 83
89 118
88 12
109 97
123 91
80 123
14 97
86 12
51 76
114 195
130 190
5 167
47 25
105 155
64 38
100 166
61 5
104 19
58 134
24 17
70 116
82 118
112 87
94 140
88 101
40 93
128 12
75 53
60 164
34 66
16 106
90 138
125 38
97 78
87 12
63 31
17 85
130 60
39 144
21 22
83 94
122 8
20 55
90 74
60 176
38 188
107 75
94 196
41 38
96 43
61 172
10 87
75 146
116 38
91 137
1 128
8 192
40 158
87 110
28 115
29 184
114 149
59 168
31 184
115 55
112 108
103 134
48 13
114 31
88 110
73 5
31 171
41 155
97 99
113 122
78 150
45 17
53 118
69 54
134 103
36 182
73 171
29 194
120 145
128 158
49 10
110 86
50 83
77 111
21 138
43 138
23 138
31 31
90 147
94 152
21 172
29 49
6 174
52 169
51 104
103 67
91 2
1 127
40 155
119 45
27 39
103 22
48 55
9 149
47 117
24 116
9 188
112 42
62 61
26 24
121 8
33 94
77 159
64 102
6 100
77 186
97 63
5 9
130 194
109 169
103 190
108 34
71 88
89 98
94 193
7 76
92 177
110 110
2 167
108 118
85 152
121 27
40 12
95 88
126 34
59 119
73 168
102 167
28 32
14 8
30 86
123 92
41 189
51 194
69 116
17 25
126 31
54 17
69 177
65 21
12 127
50 156
68 146
123 87
112 44
102 159
76 71
31 96
60 156
48 167
43 55
8 147
46 42
34 78
9 43
123 20
15 67
21 19
127 59
87 33
51 106
24 124
108 49
95 195
100 6
50 154
82 161
42 151
76 148
73 141
3 61
61 56
132 14
83 27
30 88
29 177
7 71
85 97
128 136
26 178
18 96
110 135
34 104
96 175
125 127
54 146
86 117
88 75
88 124
91 75
72 105
20 32
128 41
48 190
25 92
62 132
87 81
129 189
20 162
101 78
25 184
113 131
98 42
32 33
67 119
32 78
90 124
134 146
82 191
102 134
100 168
18 147
107 118
27 122
28 23
18 97
57 193
96 78
68 147
82 166
96 88
6 116
28 105
63 46
76 16
89 142
105 137
54 183
133 158
85 42
15 65
100 20
104 118
78 174
100 187
51 28
50 95
117 182
77 188
13 97
116 55
86 27
104 167
125 78
16 27
4 80
97 98
93 76
96 61
18 84
81 25
119 65
114 65
49 70
25 94
65 188
32 62
102 74
124 92
109 180
30 177
94 141
116 52
100 52
59 123
88 185
131 98
57 153
82 115
24 22
103 146
81 194
51 88
21 169
102 16
39 11
110 127
52 119
19 36
123 138
53 119
16 25
12 175
41 134
114 7
105 135
124 177
91 42
59 146
25 101
77 163
110 49
8 30
19 187
111 93
38 178
2 42
131 70
9 13
10 137
20 57
20 33
16 177
3 156
113 52
62 23
122 4
100 137
43 40
125 20
22 190
67 13
72 27
69 13
51 14
18 32
39 181
51 119
12 78
12 174
75 68
2 44
95 2
40 68
31 127
24 138
89 152
20 69
105 132
84 12
114 44
106 13
42 1
114 150
101 177
48 44
9 125
73 107
38 151
86 50
36 161
134 178
18 137
2 43
131 68
99 97
130 98
101 179
97 84
130 104
17 87
66 93
70 128
113 133
67 53
107 122
110 57
48 181
84 122
64 132
25 4
122 107
28 88
16 24
132 166
52 183
52 193
28 41
74 16
84 166
40 132
21 21
69 56
47 6
69 154
129 162
125 24
78 179
12 11
125 71
37 117
86 163
38 80
75 57
63 44
60 119
115 17
126 190
8 100
101 176
51 174
3 41
36 111
127 104
91 91
129 92
56 193
53 141
93 118
88 192
60 197
126 50
72 169
39 111
87 164
84 123
104 31
118 55
28 113
121 26
1 80
74 15
8 190
128 78
57 16
41 1
116 43
105 65
48 68
33 174
38 170
133 16
131 92
17 109
12 98
89 33
71 13
60 104
129 26
78 147
94 33
50 7
128 72
45 30
113 136
104 168
19 86
100 19
42 141
90 185
8 59
6 74
109 102
92 4
3 178
102 22
20 53
108 169
134 57
36 77
30 122
87 11
56 167
38 66
35 191
54 91
102 55
78 125
52 36
69 83
31 125
56 119
44 40
49 179
62 128
67 15
121 127
119 145
14 79
35 181
15 80
102 189
123 105
93 115
106 12
10 162
31 30
119 178
77 176
82 189
36 76
54 156
21 5
10 161
37 189
30 30
111 136
106 118
58 141
104 5
24 122
3 72
50 115
84 152
88 42
124 123
65 171
100 75
40 53
46 17
40 134
26 184
90 42
108 171
53 156
64 146
80 139
17 51
24 137
77 82
16 42
134 177
134 15
59 105
72 18
119 66
60 20
132 170
104 54
87 69
123 86
31 34
72 29
14 127
21 149
58 74
105 71
2 70
103 55
43 117
2 74
66 21
92 74
22 95
8 125
61 170
14 191
64 128
101 156
106 158
39 154
77 84
44 69
28 5
130 103
91 40
82 190
133 153
94 41
108 13
39 147
79 13
134 109
122 122
120 93
109 123
33 62
97 61
3 45
126 28
135 24
82 181
65 147
54 132
3 191
110 102
7 61
122 42
122 44
124 50
7 54
110 46
13 101
55 134
64 104
131 94
38 76
80 15
109 158
30 124
81 189
88 153
56 125
88 30
21 145
1 88
50 76
34 65
130 100
6 76
70 38
113 40
112 86
52 47
65 30
35 184
9 90
8 33
58 106
50 55
89 115
2 59
42 132
97 85
16 142
116 188
73 187
16 6
69 180
128 162
62 96
134 29
14 138
117 145
10 45
127 189
88 154
110 93
90 33
116 25
59 167
74 171
42 92
88 170
101 103
56 169
132 145
119 76
72 30
34 79
70 71
72 88
6 17
54 133
52 129
114 69
97 33
124 54
126 136
129 9
18 150
68 92
4 90
88 104
52 88
118 52
82 114
124 88
14 11
28 33
89 100
127 34
42 17
121 136
2 61
118 24
7 149
9 49
62 129
29 196
75 40
76 42
110 163
56 197
48 17
102 77
18 42
13 125
108 100
107 49
20 179
93 75
72 85
26 130
75 37
88 40
44 83
36 67
17 65
12 61
80 76
54 182
124 160
21 1
123 137
30 126
33 79
134 101
119 176
110 162
56 156
56 192
122 47
17 19
26 169
6 46
93 195
90 136
131 73
69 98
33 32
135 27
43 2
27 75
119 28
130 148
75 67
47 167
10 189
104 13
92 185
68 13
5 102
40 170
37 121
114 189
28 53
70 45
97 64
90 84
52 179
94 143
120 138
108 183
133 98
15 41
26 126
1 82
67 97
116 65
34 20
39 66
131 12
78 165
78 28
55 49
58 132
104 169
82 78
102 146
75 159
119 67
11 8
95 29
100 190
24 5
71 106
27 99
104 15
46 64
81 114
108 57
105 190
51 65
10 175
96 182
23 57
40 90
34 62
68 154
40 161
28 182
49 118
61 169
36 43
118 178
14 162
132 167
37 127
101 175
117 8
10 46
38 110
54 141
28 118
66 23
93 180
127 191
5 71
72 106
26 33
77 139
8 114
5 179
88 70
115 188
14 9
89 42
122 43
21 87
105 160
14 55
3 9
115 26
25 115
69 44
92 69
25 21
3 73
106 187
102 132
12 95
55 107
46 66
9 162
91 169
93 15
25 113
86 116
47 70
51 173
119 25
93 91
120 90
57 121
56 121
52 152
6 171
86 71
122 181
51 131
83 175
93 88
81 26
65 32
37 112
132 178
78 176
28 117
41 169
118 189
101 183
18 65
132 11
28 129
127 81
120 79
42 160
56 131
113 38
60 77
124 93
80 115
27 180
36 144
37 155
5 191
84 115
82 41
50 25
60 121
3 164
8 101
89 30
4 56
122 106
95 180
34 57
96 142
75 165
93 93
64 101
48 49
114 87
29 195
87 25
35 108
48 172
76 30
130 102
6 61
84 117
7 113
15 136
104 52
36 192
90 49
65 96
8 61
56 143
46 63
90 11
36 14
28 123
48 9
119 30
81 181
95 179
76 50
109 45
104 176
98 126
52 156
108 33
92 99
115 42
31 67
73 81
83 141
133 151
102 5
68 106
20 19
75 34
108 103
14 99
113 110
92 186
108 87
101 132
74 111
13 108
16 64
124 39
49 63
31 177
80 142
108 170
43 153
56 110
100 133
125 120
102 15
23 145
88 74
86 72
20 65
50 78
87 41
123 160
90 50
8 29
57 81
89 60
56 196
21 6
2 76
108 36
52 126
18 134
46 14
134 26
74 161
86 166
109 91
112 99
95 116
9 41
101 109
12 120
90 91
17 100
89 53
54 181
97 177
75 139
33 169
110 9
77 5
15 6
58 77
118 148
15 51
58 146
11 64
6 64
88 69
98 95
76 190
132 98
17 98
18 189
99 86
8 66
118 68
58 68
51 55
39 78
94 114
41 49
77 187
76 124
95 193
68 93
14 50
133 93
4 180
96 160
6 60
86 108
98 31
119 147
17 40
96 77
110 136
93 152
73 35
19 40
117 190
90 30
121 7
45 125
15 155
87 169
31 196
115 161
130 94
70 156
114 30
55 109
68 144
120 64
65 22
95 182
126 194
10 43
39 109
36 178
68 17
121 31
8 172
29 10
85 41
119 8
117 6
13 162
51 89
119 70
67 126
57 169
130 136
90 69
93 12
17 97
11 62
53 170
115 20
128 160
23 147
37 14
33 35
96 141
44 55
63 93
115 16
117 31
9 12
89 31
66 41
127 54
106 67
106 68
57 146
68 120
52 96
63 173
48 53
127 107
61 8
24 105
47 127
12 191
80 141
14 13
91 69
43 93
134 13
75 51
134 110
133 102
105 178
123 43
3 76
117 20
86 7
127 63
94 42
123 169
55 146
108 158
64 168
101 186
82 117
79 17
55 53
121 171
83 152
29 76
6 98
132 75
17 53
77 141
21 147
32 89
51 36
1 156
1 158
47 65
64 173
24 24
54 38
111 88
46 170
64 30
96 75
83 155
29 159
26 182
30 184
125 43
98 136
19 110
34 80
59 147
133 166
119 177
31 145
71 177
91 149
6 147
90 104
100 22
94 1
93 62
9 18
118 16
63 157
37 192
116 26
32 142
100 136
112 127
24 101
117 29
132 175
8 162
122 183
69 42
49 55
119 181
24 4
27 33
66 32
120 75
52 38
37 188
119 91
46 30
13 157
100 105
32 86
39 184
48 51
97 44
25 17
82 76
31 169
94 118
73 139
120 54
8 41
52 190
130 161
114 138
2 178
93 150
123 145
133 145
106 175
126 24
132 73
101 102
53 36
61 21
124 179
37 80
16 110
87 23
62 170
128 24
106 147
40 144
9 136
5 74
52 144
134 42
87 84
86 43
42 13
33 33
65 128
18 162
116 30