108 172
116 20
174 137
120 77
143 183
193 100
103 33
120 47
49 106
42 27
142 14
71 65
188 112
104 139
187 51
164 40
119 170
184 92
167 87
138 58
101 158
113 10
119 4
54 51
36 146
155 49
43 92
111 112
125 108
38 71
47 129
39 71
120 161
181 68
179 13
57 142
110 91
160 188
46 173
191 130
93 4
139 187
110 35
144 169
177 181
139 51
170 147
168 166
162 141
58 78
185 6
31 105
148 71
123 89
139 184
139 22
75 70
98 112
156 188
88 11
104 158
195 100
180 62
59 60
26 29
18 188
67 72
10 171
88 72
87 31
98 5
182 57
52 28
128 39
102 70
53 88
113 44
4 64
39 79
192 130
95 1
147 100
20 68
4 193
77 8
122 156
115 164
8 155
150 143
86 125
23 6
148 30
53 173
70 181
27 182
176 89
175 39
138 157
36 160
30 5
172 190
141 137
27 81
95 147
83 181
134 170
147 103
49 169
118 150
38 169
136 83
99 78
154 139
49 27
191 169
101 178
180 91
81 178
32 81
179 44
30 128
4 126
13 77
154 21
179 12
2 48
78 175
144 194
45 26
4 127
99 137
180 153
44 70
19 109
123 143
161 123
53 38
40 162
163 32
70 41
19 41
175 115
191 157
123 103
150 71
194 87
36 159
77 13
156 63
44 38
29 74
196 88
30 142
116 67
68 187
73 30
174 78
197 94
31 35
109 78
67 145
56 154
172 163
11 6
153 140
3 49
8 174
163 116
146 169
30 79
31 124
132 12
120 146
119 138
136 84
192 4
130 177
50 130
110 8
49 41
131 104
17 66
123 28
129 80
196 156
148 29
30 85
6 167
192 39
67 12
126 193
21 85
116 145
79 190
45 142
163 118
78 190
52 90
90 51
180 156
16 97
138 92
99 99
103 166
39 105
74 108
20 51
75 134
121 123
63 33
86 161
11 122
131 136
167 159
50 43
45 81
92 114
153 159
29 53
158 178
150 9
105 89
155 32
110 124
117 7
127 52
164 70
180 68
179 61
170 188
122 20
115 19
189 173
45 77
97 103
72 178
123 158
86 60
88 81
161 108
37 40
194 72
121 17
106 69
147 113
197 168
128 10
114 55
84 83
19 70
174 5
4 129
32 108
16 141
78 188
121 91
107 102
163 75
117 177
141 14
87 26
97 97
175 36
131 74
62 40
140 121
181 138
125 88
26 28
46 193
176 4
6 164
62 94
179 165
46 130
48 70
197 167
27 87
181 105
27 88
187 77
71 124
74 136
168 67
126 191
81 180
89 93
63 158
36 21
59 148
129 124
32 30
30 179
121 107
74 57
169 38
126 74
123 142
33 20
73 109
42 55
193 120
192 162
183 171
145 141
47 28
54 33
43 13
39 126
3 75
142 112
32 195
82 164
72 156
78 26
147 51
1 79
124 120
91 92
76 180
136 25
22 93
31 149
126 72
74 66
15 137
20 67
155 91
190 3
67 127
4 87
74 18
55 160
11 160
170 134
127 60
151 54
4 49
36 70
187 32
11 65
37 158
19 169
110 138
5 66
31 74
37 128
129 91
67 116
167 115
43 90
78 54
93 63
35 128
81 94
185 32
154 128
165 40
156 180
36 147
26 129
146 39
124 31
58 131
122 127
36 11
123 183
78 50
168 111
133 109
56 123
115 194
21 20
74 163
6 72
177 135
52 33
70 13
50 126
97 88
80 189
119 69
140 3
150 137
165 96
70 43
144 192
193 57
139 67
26 122
6 23
145 62
108 119
189 98
62 60
164 175
46 190
187 120
16 152
128 132
123 168
12 140
142 80
102 181
88 53
178 11
54 35
187 54
122 91
63 42
157 77
143 187
82 143
74 27
149 8
75 141
151 25
85 49
32 77
81 27
45 28
52 147
29 5
87 37
68 157
106 56
73 108
176 154
174 16
76 106
75 64
179 68
133 152
52 51
59 107
153 33
164 140
64 96
6 10
178 168
28 101
38 168
170 164
186 181
104 36
167 48
42 162
52 127
46 10
77 110
171 54
137 6
187 33
45 29
85 127
69 102
28 49
43 28
73 190
164 96
167 56
37 178
53 26
6 31
76 185
144 156
138 83
20 66
121 108
121 126
44 46
109 76
62 46
11 11
36 68
66 46
180 180
88 60
5 156
80 78
14 61
90 191
47 124
115 38
103 90
7 117
27 5
97 27
43 46
63 34
154 174
164 52
9 141
31 111
104 8
132 146
100 9
65 168
130 122
30 97
183 144
83 180
7 23
142 189
93 114
45 141
147 34
3 89
172 67
177 91
83 139
83 60
97 95
45 70
89 194
47 47
110 29
48 183
171 137
21 170
115 40
87 71
92 91
139 171
173 37
188 77
13 123
91 176
15 122
80 140
19 84
116 40
106 144
163 83
7 42
5 98
104 182
110 132
104 122
39 168
182 197
36 79
114 26
12 162
106 54
163 133
141 177
46 24
18 19
181 37
174 55
68 52
164 148
158 175
46 67
28 38
172 66
42 90
2 69
6 21
91 37
194 191
27 30
147 133
54 159
49 65
51 115
132 4
26 6
64 91
14 77
105 87
95 152
9 138
172 68
94 180
134 75
130 61
147 61
31 33
162 70
105 77
48 78
119 171
111 108
180 141
111 122
40 50
76 28
181 26
72 157
82 179
163 51
119 31
162 72
60 158
8 65
95 138
39 182
5 69
98 44
46 43
161 78
154 159
141 53
178 167
191 64
56 134
123 144
62 6
75 137
154 12
41 25
170 31
20 187
76 174
174 159
133 159
47 128
46 172
84 85
49 82
177 11
50 31
132 10
183 124
135 152
84 118
75 79
51 37
194 144
151 184
147 8
56 158
135 166
67 120
95 181
15 97
114 146
154 52
77 185
127 53
147 21
93 153
29 33
87 53
126 52
91 72
44 44
139 13
173 140
192 101
46 7
114 24
194 189
96 162
183 142
54 153
131 100
71 8
69 157
128 13
143 39
186 6
121 137
133 67
135 22
127 195
178 75
165 189
41 120
150 133
153 31
150 55
50 48
100 97
62 56
8 69
89 191
27 10
115 50
15 62
67 45
184 4
49 116
146 30
29 153
100 167
108 122
152 103
140 112
91 154
62 57
130 2
121 19
148 137
119 142
152 22
136 45
120 42
30 183
16 70
14 54
25 119
86 46
162 149
12 171
136 71
156 45
81 86
195 86
144 106
157 75
105 34
197 176
31 112
95 159
86 124
197 174
31 173
137 75
123 17
21 191
126 120
15 157
148 147
70 42
149 120
180 144
152 72
106 46
2 10
178 68
147 10
41 23
56 81
154 188
24 102
146 148
138 95
118 56
126 70
105 186
34 22
54 179
33 29
188 61
30 158
130 175
161 83
47 169
10 174
54 92
121 64
179 57
108 78
119 168
180 167
137 45
35 51
175 102
101 159
104 190
97 195
14 137
60 7
89 140
31 94
87 56
123 170
49 26
170 126
6 173
178 194
27 15
143 188
157 87
167 7
156 190
71 85
136 53
111 103
109 75
77 57
32 35
86 126
155 16
24 1
176 3
26 30
118 188
56 74
137 29
78 52
170 27
41 170
119 93
161 133
72 177
110 31
76 136
64 94
4 79
75 161
138 161
17 86
167 23
28 30
189 90
4 76
50 47
91 170
83 76
37 76
178 191
8 86
77 137
121 122
38 46
73 83
93 160
139 75
178 3
60 192
73 188
131 2
141 28
48 47
51 98
121 121
149 88
94 4
143 119
109 163
190 57
91 33
28 122
77 34
97 176
146 90
109 183
176 126
141 86
177 165
118 4
190 182
150 136
93 92
149 34
60 73
58 133
170 153
91 11
82 85
4 182
109 99
90 118
9 117
95 148
188 29
20 34
186 117
102 186
133 121
91 139
32 67
81 176
32 161
160 191
140 110
130 110
26 172
119 141
85 46
124 156
145 120
92 141
9 22
4 81
42 121
46 124
143 120
91 127
76 14
76 121
123 120
56 132
188 169
64 92
139 4
91 185
192 5
82 163
71 69
106 190
105 134
156 97
118 57
X
171 7
138 29
127 62
158 49
5 59
9 135
138 134
137 151
67 14
80 14
191 71
102 68
184 26
30 178
8 157
2 182
65 23
126 122
107 12
103 183
13 100
134 45
191 184
137 161
41 2
68 84
170 124
104 45
192 87
31 160
22 145
5 33
65 45
187 112
173 3
90 13
43 3
133 44
195 118
22 138
18 169
65 72
15 12
36 38
100 54
126 132
184 140
190 30
192 68
53 17
94 139
133 170
87 166
138 73
148 34
56 80
53 183
X
74 83
146 121
195 32
122 182
168 88
51 190
137 157
129 160
53 27
152 166
75 138
149 103
7 100
176 170
93 14
109 179
157 85
175 135
2 181
62 43
156 41
192 121
4 66
176 151
55 13
141 24
27 38
27 117
85 110
58 58
16 136
68 25
73 12
17 107
193 32
20 178
127 105
187 107
106 104
13 122
67 143
19 108
49 35
171 48
61 173
56 141
44 68
108 31
37 125
163 74
194 3
131 71
13 11
174 104
197 169
162 33
185 150
179 114
152 140
100 21
57 89
89 102
25 122
123 32
5 53
73 18
161 130
17 102
168 17
120 70
92 94
123 106
22 51
120 162
192 160
120 65
52 9
188 134
59 77
63 19
190 15
119 78
124 161
108 179
80 75
118 147
60 179
40 168
103 135
177 170
18 49
33 112
83 85
9 113
9 86
65 149
52 98
37 78
194 167
129 61
81 179
153 130
141 3
88 109
62 176
6 114
47 190
5 48
36 40
81 24
26 113
52 6
113 195
96 76
76 165
2 158
148 20
113 124
46 82
105 156
96 163
34 67
77 134
123 7
184 92
128 59
28 84
161 79
42 94
103 69
54 148
164 152
53 117
173 166
119 55
91 31
86 192
53 143
181 55
132 6
175 61
157 110
117 188
93 182
46 41
60 123
32 177
180 124
87 57
145 137
109 86
165 185
119 31
1 83
146 194
143 145
123 27
47 24
123 24
11 113
114 66
17 107
77 179
188 15
84 60
90 151
141 189
54 160
56 194
194 70
18 24
171 32
155 56
163 109
118 93
2 83
69 92
104 53
31 66
59 195
126 192
187 121
76 146
130 195
154 48
72 82
196 92
166 55
122 111
68 186
6 19
56 33
10 120
70 134
30 192
3 59
94 159
122 179
145 171
47 103
135 70
189 101
69 95
128 42
121 42
187 52
143 195
166 44
105 33
144 155
86 84
133 3
123 106
119 86
24 99
70 16
170 123
141 81
62 91
181 181
179 195
149 25
89 117
63 22
194 38
136 79
86 75
69 93
188 29
104 55
41 53
154 89
192 63
64 93
39 77
8 151
188 34
140 111
99 132
22 135
104 186
134 168
195 155
194 160
96 137
71 105
136 51
121 68
154 99
16 67
37 152
25 117
52 130
118 91
40 94
89 104
188 18
27 119
171 53
115 14
132 110
99 88
114 64
131 9
22 91
175 127
176 103
178 114
14 155
86 49
124 157
124 159
158 50
25 183
162 75
138 79
43 4
60 62
72 135
188 147
123 171
68 87
31 32
43 143
95 117
185 3
88 99
100 138
29 80
67 125
160 105
25 15
47 54
53 169
180 154
39 180
154 140
83 96
103 132
114 131
186 72
130 59
186 18
45 127
51 13
105 142
118 53
18 176
176 101
149 111
142 84
45 140
11 63
51 52
3 56
99 139
26 174
110 54
179 14
103 142
58 125
102 86
163 70
148 144
75 125
126 78
75 71
170 28
165 148
19 19
149 146
103 34
159 105
86 154
59 143
138 82
30 149
177 62
123 146
142 86
78 122
168 69
24 136
177 156
4 166
65 74
10 155
54 36
100 77
39 178
115 63
42 138
147 143
141 184
7 66
76 70
184 144
62 21
167 17
176 135
129 14
57 77
95 154
18 161
23 128
161 175
118 165
8 21
183 93
109 34
40 121
160 148
166 74
93 149
130 176
158 187
124 183
182 124
112 93
154 88
117 195
74 29
106 148
50 41
77 121
39 117
146 120
116 16
171 147
27 115
78 194
79 96
151 11
77 52
15 77
187 20
12 114
121 93
106 31
60 23
X
90 76
190 4
171 63
70 56
143 106
164 41
14 6
78 160
30 180
73 185
153 157
56 71
181 36
168 132
27 172
163 1
74 43
67 117
146 134
5 76
14 110
135 154
4 127
37 38
38 133
85 164
X
103 137
147 4
147 90
57 105
46 8
72 70
105 159
129 81
183 38
93 161
72 69
67 73
88 103
98 29
155 52
1 129
11 140
75 84
106 71
6 172
14 160
196 41
179 17
171 28
38 159
1 126
126 108
72 179
31 108
150 30
18 148
136 187
5 19
169 90
23 129
156 131
145 173
186 181
5 18
132 133
184 5
11 120
86 52
10 141
127 38
78 148
33 171
10 124
35 68
90 186
59 169
32 167
182 144
106 162
2 180
49 33
92 176
60 6
120 86
35 85
27 49
88 9
16 151
60 105
77 40
176 61
16 22
161 67
127 32
27 17
99 113
164 114
192 170
70 157
84 93
14 122
102 179
3 74
149 12
4 71
15 8
46 68
127 195
8 90
18 160
168 164
180 172
29 84
152 119
169 63
115 132
52 125
157 45
6 29
54 49
197 143
192 173
12 97
32 85
187 50
116 27
70 139
19 98
144 116
29 182
153 99
42 133
30 53
155 44
123 135
169 26
161 3
86 76
102 169
133 2
25 103
102 54
20 160
112 43
80 124
78 161
89 74
31 152
40 27
33 142
96 193
38 184
16 79
31 62
175 38
49 156
10 123
173 102
54 81
11 9
155 55
53 148
24 52
5 23
194 175
143 177
165 191
167 19
72 8
68 38
46 6
134 28
175 92
18 170
74 165
60 70
98 102
123 25
25 5
102 139
194 49
135 157
71 136
166 147
122 77
176 154
142 105
102 148
150 71
191 144
163 64
6 56
40 11
88 76
104 65
145 87
7 89
74 40
170 32
96 84
77 150
154 122
52 141
99 132
180 143
187 107
151 100
17 99
100 113
12 140
159 147
120 92
164 83
150 144
115 18
9 175
22 188
170 111
173 100
21 159
176 11
89 10
162 67
71 102
84 128
125 122
122 146
77 148
123 177
158 104
106 145
92 188
193 191
170 151
107 57
86 81
195 145
57 119
55 110
54 32
179 181
76 52
34 51
1 60
171 136
185 38
74 134
121 28
29 77
117 4
33 160
68 84
180 61
175 193
162 67
186 33
169 151
88 191
172 178
141 22
34 77
128 70
25 182
39 170
17 101
5 20
23 130
119 169
26 28
27 40
131 102
70 43
147 112
12 80
154 8
139 92
45 25
60 124
143 143
46 129
1 87
51 92
140 95
51 25
19 85
76 64
138 93
37 42
190 64
123 178
147 6
179 124
142 177
195 141
24 93
139 72
175 37
63 40
87 59
99 109
102 183
93 117
41 28
153 8
195 161
13 158
183 43
90 188
14 49
135 45
96 27
108 46
8 161
129 158
84 155
21 173
168 65
91 102
22 192
54 96
157 41
170 138
130 3
84 9
196 169
121 169
178 110
74 13
148 133
120 141
164 48
113 109
123 44
15 40
190 20
46 28
15 140
149 133
136 185
143 83
161 1
36 71
150 135
191 94
81 76
93 141
119 75
60 103
88 49
53 116
53 92
34 85
127 43
134 56
101 86
82 175
133 91
193 94
100 124
68 56
87 39
84 127
120 171
21 134
54 95
39 158
144 121
82 153
67 56
100 8
140 14
78 11
103 154
75 111
50 179
75 50
101 105
46 13
91 125
191 13
118 181
58 131
28 28
99 139
13 156
69 88
58 148
133 14
71 134
6 70
109 89
37 126
95 151
196 86
60 194
159 96
117 68
181 13
165 19
82 154
50 9
96 139
172 188
133 122
96 159
5 192
36 54
182 61
128 61
142 195
115 65
168 134
159 166
161 40
123 136
146 12
180 11
9 121
49 160
32 112
61 58
147 31
139 52
67 116
170 159
52 191
140 133
56 17
127 160
163 44
93 61
190 143
10 156
40 24
69 178
35 88
27 79
174 53
26 177
92 1
38 180
10 158
6 9
112 133
39 192
37 68
133 15
X
148 146
59 176
110 109
71 4
3 54
54 134
137 22
135 56
10 90
139 177
104 132
56 85
109 124
186 105
156 19
94 177
56 191
181 182
187 119
145 124
1 65
67 94
17 49
75 163
119 87
51 47
142 41
51 116
165 10
193 89
187 55
15 100
194 41
77 50
91 16
178 183
78 164
184 147
73 8
156 91
183 127
142 11
55 106
195 189
35 89
178 79
139 54
135 67
14 53
77 36
195 162
158 120
19 158
141 113
170 89
79 57
114 64
150 100
150 25
4 41
91 136
144 104
114 88
91 94
40 49
148 125
24 54
51 171
98 7
163 53
75 8
127 72
23 146
70 124
128 81
63 159
66 143
152 138
63 21
194 165
123 109
192 132
70 118
190 184
146 141
159 62
92 178
123 104
55 52
58 110
41 45
17 20
78 121
67 96
33 167
169 18
45 130
51 169
10 41
189 18
104 187
156 21
130 6
181 38
89 128
26 31
180 183
160 29
157 67
77 65
41 191
24 91
30 74
46 192
78 189
39 121
121 178
86 193
194 156
194 23
180 138
7 53
69 11
181 41
86 153
6 11
160 110
166 48
65 73
179 42
111 7
20 169
131 132
84 51
157 108
57 158
18 22
190 5
137 56
197 165
160 31
167 162
94 163
17 32
76 175
122 79
2 64
40 133
39 46
122 110
100 189
33 144
32 87
79 189
106 157
4 155
95 87
39 14
33 81
31 98
27 113
159 67
158 79
130 146
108 86
185 34
114 67
83 77
39 112
182 33
3 70
156 137
121 181
178 193
171 166
112 110
137 187
104 22
177 138
125 79
36 108
176 66
112 39
62 101
175 55
97 196
57 197
162 147
167 88
54 80
3 65
40 41
191 145
94 161
49 64
28 126
25 7
148 36
112 104
47 78
130 2
93 74
80 12
184 118
120 89
8 127
124 34
91 38
11 7
179 156
13 95
51 125
33 74
162 71
147 99
192 129
52 55
92 138
67 98
142 183
162 59
77 15
161 29
42 23
155 183
154 164
18 135
42 25
125 54
6 166
172 40
178 18
104 120
56 36
128 14
89 127
50 128
66 43
191 25
11 138
138 169
39 162
34 87
21 86
18 190
77 161
59 142
77 191
187 191
123 19
117 193
151 187
145 146
103 35
12 27
57 157
150 12
171 39
170 52
52 180
192 50
55 77
93 3
77 138
91 141
51 31
72 154
33 168
40 71
101 137
192 23
12 122
14 23
18 187
172 161
19 134
177 191
11 175
89 91
162 139
62 59
30 49
2 79
46 126
50 152
50 63
124 51
70 54
80 13
86 123
190 156
90 141
160 123
156 140
15 121
8 113
2 89
180 139
174 165
119 179
49 154
118 92
28 179
124 107
88 108
66 186
72 83
91 165
118 191
191 52
167 151
90 123
23 91
166 149
118 144
135 75
20 177
140 58
41 162
47 41
10 89
125 41
105 86
195 50
114 56
172 100
197 91
86 73
85 124
196 39
5 31
2 87
59 141
138 171
19 107
31 41
85 27
120 68
24 130
62 97
104 142
92 176
45 143
151 119
178 151
96 140
62 106
119 7
142 155
68 103
31 76
32 104
34 112
40 141
136 74
174 123
22 187
8 116
53 95
188 132
190 128
8 188
142 40
135 58
188 171
185 36
41 90
193 15
179 105
26 34
180 150
161 141
130 91
95 64
155 35
4 12
123 47
185 179
134 151
72 28
68 16
14 100
51 34
87 191
33 53
157 159
109 181
118 111
128 133
153 19
29 151
53 98
172 166
93 73
102 54
151 21
191 15
76 57
157 174
172 176
71 6
104 29
114 145
174 92
144 141
181 44
59 164
192 90
91 167
105 175
78 53
146 174
175 112
49 155
61 62
55 105
65 42
152 12
35 65
86 83
66 33
147 133
20 173
66 72
92 102
10 114
27 6
124 53
75 54
106 57
2 192
190 86
44 25
51 172
76 111
73 186
150 28
88 194
115 162
184 38
105 157
148 34
190 62
74 44
110 137
93 16
20 171
175 65
3 63
X
13 110
143 170
186 34
84 108
141 26
74 64
170 178
45 124
179 66
181 35
120 53
176 13
23 134
154 162
161 168
154 176
84 118
151 52
84 41
188 145
142 156
93 13
170 88
46 171
113 98
112 92
108 56
20 36
163 48
194 55
178 66
168 26
84 84
170 69
29 88
138 75
167 117
161 84
60 120
63 20
58 57
192 41
183 125
102 66
108 48
57 134
47 30
29 86
2 194
138 135
85 53
3 128
87 60
31 35
129 193
89 56
132 132
29 143
97 124
100 135
8 98
158 63
143 80
191 143
78 159
100 127
161 73
137 27
81 97
157 74
8 17
85 166
159 192
157 54
53 179
14 10
110 45
176 102
127 78
163 60
124 121
16 179
183 167
24 95
137 84
11 171
186 119
156 174
63 101
77 83
186 77
64 72
3 53
116 193
162 119
47 55
180 128
154 8
21 57
61 167
40 38
30 41
74 139
159 109
81 84
51 105
85 161
165 133
31 64
10 86
135 52
172 36
157 109
30 181
38 128
59 74
140 51
120 29
83 75
71 126
92 187
76 139
180 55
137 92
160 67
127 24
64 75
67 39
84 153
122 78
140 169
124 86
158 150
143 146
X
22 57
41 131
95 150
168 159
11 63
178 190
117 55
102 53
81 96
72 84
86 114
88 13
3 43
86 122
191 17
187 29
89 16
119 79
124 52
150 22
75 106
32 192
9 127
102 168
169 175
97 193
91 100
176 52
139 27
109 172
110 159
48 193
129 25
39 155
140 177
87 194
68 104
39 118
57 147
95 150
130 99
60 168
134 176
65 172
65 39
35 127
18 53
36 20
49 76
84 21
105 139
106 143
179 53
127 162
55 47
40 25
169 28
44 17
12 13
163 54
164 147
171 65
157 99
51 170
191 155
48 81
80 93
9 121
56 87
125 18
13 161
49 190
92 118
47 68
18 87
89 125
7 33
88 73
153 6
18 51
78 124
52 115
159 98
87 38
31 142
1 64
53 155
14 141
163 120
155 156
193 89
X
52 182
155 34
90 16
16 138
61 23
154 52
31 158
71 107
158 95
36 80
58 179
67 190
177 110
115 53
20 84
20 176
194 94
10 122
50 36
59 86
158 48
182 55
19 106
162 121
190 160
54 13
192 73
31 174
80 194
24 55
130 160
56 72
103 5
32 80
95 178
35 86
162 83
95 31
158 87
60 178
29 160
172 3
127 132
168 178
58 59
176 123
61 101
91 138
117 178
106 169
136 184
68 128
182 170
102 190
181 150
93 74
31 126
85 128
60 160
122 17
146 72
194 71
121 18
186 3
166 70
29 167
31 167
176 152
91 30
182 65
160 188
195 94
3 69
38 112
32 96
145 55
165 44
37 66
98 9
178 63
86 44
184 152
13 6
39 183
46 77
119 51
143 121
116 24
150 8
191 53
133 92
192 64
152 105
73 85
188 191
20 56
56 32
173 90
109 178
48 83
65 38
7 98
194 51
140 113
101 111
109 92
164 56
58 80
100 5
45 128
85 107
164 87
191 134
26 10
102 175
51 90
187 49
116 41
191 128
101 5
172 5
174 18
130 192
188 172
151 24
117 65
14 188
181 34
55 141
56 89
72 66
120 120
31 129
6 175
161 77
48 65
93 163
69 38
95 177
51 78
123 42
103 71
123 46
145 148
178 180
61 19
28 168
118 176
58 164
6 69
108 181
161 76
31 105
193 121
27 52
150 72
55 143
42 155
39 106
188 193
40 143
189 72
60 5
49 31
71 154
180 67
108 54
155 180
19 171
97 194
100 132
58 56
116 165
80 116
136 24
192 38
163 175
99 87
118 14
29 192
167 166
117 24
21 57
44 138
49 172
140 84
181 147
67 149
114 52
81 141
43 51
82 152
145 142
4 165
66 188
187 56
190 94
74 170
190 90
193 98
120 56
12 188
16 66
195 184
102 75
83 114
55 14
154 121
131 126
21 152
48 180
48 16
113 92
68 143
110 30
164 129
89 129
146 157
164 150
151 123
95 143
13 155
167 98
31 109
161 33
85 93
55 108
88 102
70 40
121 162
32 179
26 32
128 135
145 192
188 49
91 152
184 139
122 109
18 192
174 4
86 23
105 85
57 164
168 190
152 21
55 148
159 131
155 130
25 93
60 69
8 49
107 169
130 159
92 103
13 28
65 24
51 32
109 176
70 119
85 59
9 157
70 155
53 33
12 79
159 133
23 122
183 144
49 103
89 59
56 13
197 142
21 53
162 123
140 81
38 172
169 67
94 182
132 120
171 109
1 76
161 67
145 88
141 51
27 181
16 26
27 41
26 22
27 13
138 172
50 190
172 104
73 36
195 143
153 183
154 177
98 33
142 110
190 147
48 182
14 192
124 103
66 190
168 11
56 165
110 172
148 40
13 66
19 102
131 175
93 86
35 64
48 169
194 90
90 165
8 99
105 118
13 106
67 17
170 127
160 150
143 86
33 85
178 166
30 94
32 158
146 137
69 181
47 106
152 104
37 118
115 150
193 2
139 160
152 162
177 139
120 159
121 5
149 125
196 183
168 55
50 65
113 112
70 130
9 120
116 39
39 125
73 71
90 127
2 49
96 181
95 194
184 90
90 180
4 83
183 193
127 28
187 195
112 40
52 31
90 129
60 170
91 71
69 52
85 12
93 154
101 52
183 182
165 146
139 12
20 145
60 71
177 183
21 51
15 61
121 124
167 160
28 152
149 5
104 121
171 152
4 164
16 140
110 99
157 176
18 138
33 95
152 34
88 151
100 109
194 173
176 15
67 128
117 181
131 14
143 185
8 160
100 21
129 121
75 149
36 104
40 151
26 9
188 57
12 189
53 31
105 36
40 14
169 178
90 182
61 105
33 34
125 80
12 96
35 112
186 29
102 13
195 190
192 131
123 168
161 103
132 9
50 129
105 123
7 49
197 175
105 158
133 168
103 136
134 99
164 50
72 140
9 137
52 153
130 111
53 171
93 177
72 137
74 8
90 12
190 107
126 103
174 127
189 76
28 51
67 124
176 141
134 18
118 193
59 193
56 38
98 113
70 88
150 53
100 186
155 43
121 170
179 3
177 18
20 52
31 160
164 105
181 192
180 78
112 10
156 187
74 159
2 191
36 56
22 147
63 73
129 160
160 33
46 25
97 125
30 161
15 107
24 119
86 41
70 138
37 191
21 53
130 147
63 23
6 173
160 63
44 28
74 42
168 177
180 155
108 163
16 23
60 69
68 105
77 36
54 131
161 85
194 162
130 124
140 22
147 73
7 48
101 55
5 29
98 75
90 170
150 51
27 78
195 30
12 160
60 79
148 120
115 68
162 172
141 136
119 107
162 118
153 105
60 7
9 19
82 44
182 103
34 111
142 121
104 9
188 143
113 54
91 71
190 92
130 112
10 88
77 174
51 27
16 100
18 52
52 142
76 27
98 109
17 41
155 165
55 51
116 195
179 107
168 176
164 85
139 56
110 104
31 144
30 98
163 70
179 194
49 183
127 61
57 145
25 130
74 79
49 105
121 125
40 23
X
134 58
58 7
89 124
111 98
177 116
32 52
115 165
117 147
116 29
195 167
151 78
190 111
178 170
12 172
156 138
186 20
94 28
168 187
8 175
71 157
180 142
134 75
145 122
55 17
173 164
47 118
2 91
172 177
44 43
140 6
180 75
41 152
108 175
179 68
195 193
71 16
142 193
146 171
46 70
1 90
137 16
92 154
19 162
92 179
84 110
75 36
84 7
8 156
143 62
3 195
91 1
X
129 63
108 124
89 170
138 113
172 189
149 28
101 181
106 160
154 137
91 104
88 147
170 108
90 53
27 101
87 107
91 93
90 81
89 141
110 56
109 49
154 166
86 45
18 146
120 157
152 121
167 90
85 56
86 42
46 169
183 129
173 123
76 134
139 157
68 11
101 90
8 189
48 43
58 60
68 124
154 123
29 40
176 12
109 31
118 112
108 93
46 16
66 34
180 63
177 136
174 189
162 103
96 196
138 182
99 124
155 166
72 139
169 132
84 11
183 170
127 103
30 6
82 165
63 106
49 152
112 91
72 168
85 118
111 100
121 88
57 160
162 174
70 52
27 127
161 130
98 32
74 14
134 100
151 188
128 38
103 139
2 179
67 52
32 54
54 89
96 42
50 183
74 69
145 90
195 54
128 189
71 83
43 121
89 114
110 88
161 150
165 148
85 155
139 28
51 91
68 189
154 90
68 145
179 129
19 179
74 162
2 165
65 187
144 36
192 56
171 164
77 109
175 16
107 123
105 31
67 129
93 175
22 137
187 193
115 191
197 173
186 182
89 84
88 56
188 14
59 197
117 14
108 97
101 166
104 134
73 56
109 57
11 12
154 11
45 27
12 66
181 57
50 28
57 68
44 82
41 190
60 107
107 91
116 42
108 99
153 49
59 108
177 63
56 164
68 22
103 84
70 41
165 187
18 145
65 131
134 147
18 171
96 76
193 86
46 169
192 15
195 56
149 148
1 130
13 126
113 53
194 41
49 80
139 6
163 33
154 85
178 171
146 87
158 176
82 192
30 196
32 56
145 145
160 103
2 9
127 32
138 170
182 63
17 146
23 95
17 33
87 168
28 150
167 97
25 2
109 177
170 176
158 90
23 123
126 43
114 147
32 88
167 111
177 141
171 69
133 126
190 13
137 158
26 13
29 174
173 104
41 188
48 170
170 125
150 147
115 193
129 126
155 174
170 54
97 31
31 143
22 1
68 24
70 140
31 192
191 24
152 31
101 22
7 175
89 32
143 64
44 49
142 173
145 157
147 12
76 179
155 60
16 69
25 95
95 118
164 151
50 54
84 126
175 65
57 14
87 24
129 78
167 96
90 181
50 10
36 188
133 148
46 78
131 75
104 12
148 134
44 143
113 50
102 143
144 146
98 105
27 184
33 96
90 83
90 193
112 38
4 82
8 191
71 125
157 187
48 76
165 25
40 29
91 175
89 69
150 142
143 189
40 91
38 12
189 88
181 107
169 187
26 15
43 49
50 172
88 193
28 130
41 94
170 136
101 155
147 141
180 183
1 155
44 53
134 25
75 141
1 61
9 139
41 192
95 4
136 67
60 8
73 134
46 80
34 89
149 89
60 78
174 141
177 167
90 37
30 10
39 108
39 76
77 37
72 171
195 51
163 119
47 17
69 15
152 35
175 188
133 42
148 109
134 175
168 8
104 71
17 101
170 30
60 23
89 14
3 71
192 184
28 130
162 106
106 70
187 72
189 147
60 62
123 33
45 138
190 70
89 49
167 99
149 137
165 129
32 55
66 38
99 128
105 76
45 139
123 125
29 149
27 41
94 61
167 109
147 25
117 52
88 71
162 43
94 142
90 94
62 173
158 60
51 51
165 24
26 8
162 87
80 97
35 63
189 143
184 6
64 105
28 81
87 10
183 41
54 180
171 27
46 81
157 79
140 187
27 53
146 133
189 15
170 48
8 19
48 168
134 102
78 162
76 150
166 44
112 122
83 59
102 84
12 99
50 41
103 144
152 18
75 7
101 166
185 26
79 93
33 57
6 62
106 186
86 167
163 103
34 89
93 151
132 94
5 195
192 169
142 106
93 94
59 109
25 3
50 127
70 154
107 104
119 188
28 170
180 66
120 160
132 169
24 16
107 31
110 32
16 176
54 55
47 53
30 167
105 12
102 137
189 143
44 39
145 177
35 180
67 11
33 30
121 120
115 29
12 173
75 136
98 139
170 177
19 42
149 99
85 95
40 4
104 90
122 178
144 135
104 21
163 49
165 10
169 165
59 81
7 55
120 31
51 17
83 166
192 172
106 66
144 51
116 64
185 183
121 67
82 176
14 139
139 68
171 132
165 70
50 70
170 26
52 25
135 167
124 108
77 140
127 159
138 37
105 180
54 90
172 186
139 74
146 7
78 149
94 44
29 78
42 131
133 4
90 114
10 157
132 111
193 5
13 160
51 183
160 187
35 57
62 19
86 164
123 93
137 44
32 174
183 166
110 169
79 26
92 147
42 28
44 54
130 133
135 160
40 66
150 112
75 4
33 161
68 155
141 103
134 112
79 52
146 173
136 154
51 64
65 145
18 149
44 52
171 50
174 98
192 171
62 158
136 52
165 131
171 190
24 21
11 192
193 26
40 1
50 51
88 52
56 86
159 129
78 27
104 189
128 73
102 71
158 103
116 66
19 98
74 17
147 109
172 123
195 23
82 43
155 186
47 50
43 17
5 182
82 93
58 197
101 88
42 15
12 101
179 16
88 37
19 160
93 159
76 44
4 74
197 145
45 126
64 106
169 25
141 6
27 183
36 55
128 43
7 45
164 141
124 106
29 130
32 79
76 159
138 27
89 11
128 70
67 25
55 13
131 93
19 32
33 55
19 24
70 83
129 158
28 29
75 65
168 66
18 151
136 28
86 82
192 34
49 69
20 87
176 127
62 41
83 58
6 172
39 128
28 79
179 110
96 64
182 38
150 52
108 101
76 176
130 162
100 96
51 103
118 31
51 15
47 125
181 12
6 49
33 145
59 56
121 66
81 139
18 148
28 116
82 194
161 167
62 178
12 23
42 26
114 10
95 196
93 194
66 30
119 24
127 27
153 52
17 150
48 103
143 154
105 84
2 46
52 174
53 168
134 27
169 162
19 65
177 16
22 6
48 182
148 100
70 46
191 57
8 171
36 45
104 46
52 92
153 119
19 96
91 32
182 126
5 54
77 190
43 44
63 96
18 34
105 90
192 133
96 33
162 138
35 179
144 40
187 33
130 120
105 29
85 7
49 25
31 81
177 182
33 170
101 19
106 16
124 126
110 160
194 26
41 138
167 108
191 147
86 152
122 125
123 122
182 104
49 153
52 51
53 47
77 11
38 117
125 32
146 41
14 7
91 98
33 31
6 117
82 155
140 117
186 19
76 4
120 4
141 51
175 75
155 163
2 81
49 158
105 146
95 153
69 130
154 175
109 87
139 36
162 63
14 96
134 68
102 67
113 126
107 77
153 128
165 188
95 41
83 97
60 101
30 182
46 194
36 22
10 13
7 31
155 67
116 40
158 88
3 79
40 54
116 193
8 62
12 117
75 148
15 25
146 146
33 74
193 189
195 119
168 9
121 135
58 8
143 61
167 118
7 86
105 69
118 54
190 53
23 55
148 28
191 146
33 172
110 36
189 97
155 89
84 46
58 61
62 8
105 183
90 142
154 179
20 150
17 42
159 130
155 60
8 31
71 129
4 79
73 82
168 48
140 135
13 61
133 120
26 105
160 174
112 97
40 70
114 8
167 136
97 126
17 152
24 53
119 44
76 141
91 104
35 192
18 191
33 143
83 142
164 86
5 193
27 77
92 94
117 165
146 29
171 134
106 170
161 105
194 121
118 149
108 137
77 66
21 3
98 74
146 55
91 4
74 71
144 52
195 55
132 124
176 172
7 75
103 30
98 77
29 41
38 104
136 42
193 30
98 74
11 125
189 167
150 49
63 91
94 88
127 31
153 10
192 2
123 108
114 86
183 6
31 122
3 180
126 133
188 130
171 138
36 158
77 135
67 147
196 141
22 191
134 154
133 17
143 86
171 56
110 133
10 11
1 91
124 40
110 134
146 36
75 27
58 176
10 159
18 176
180 76
197 141
49 157
139 14
121 70
148 25
192 105
111 97
106 102
6 44
92 11
111 127
93 147
36 162
170 132
152 56
50 33
13 188
106 179
83 24
160 172
194 34
59 191
86 165
66 96
88 166
154 187
182 56
84 8
146 71
36 78
43 151
12 28
19 101
169 187
23 93
141 83
167 161
5 42
142 169
117 146
188 110
93 2
193 119
183 196
94 138
135 170
63 97
47 76
78 25
185 73
98 8
40 1
28 103
52 148
77 42
102 76
34 108
165 151
6 63
11 117
45 63
47 29
157 178
72 87
67 93
107 172
99 74
160 175
15 28
102 147
X
66 149
75 185
181 168
132 136
155 63
28 102
158 86
80 121
15 39
134 111
189 128
158 147
74 30
39 104
152 4
189 110
182 105
76 13
169 160
150 29
8 149
57 87
100 78
62 7
75 42
31 151
134 22
169 48
41 158
35 62
107 98
5 41
193 90
193 101
79 179
104 47
194 177
14 64
28 149
155 176
156 43
84 56
134 74
33 67
109 126
133 123
140 116
186 19
54 78
73 64
185 35
193 193
34 23
41 3
59 104
115 24
115 54
118 163
41 4
48 171
98 124
169 109
13 23
28 119
100 53
18 102
51 118
137 160
160 189
171 148
40 46
178 16
104 49
62 62
40 38
9 192
3 81
163 87
51 126
90 187
72 102
93 70
121 65
126 38
87 124
10 116
28 31
152 188
165 4
98 97
120 91
132 67
76 188
1 59
29 169
100 111
98 41
120 190
119 146
92 71
124 158
128 11
187 105
53 157
40 67
192 94
172 64
84 109
3 89
160 42
6 150
20 24
11 135
60 191
179 125
43 154
68 149
128 28
98 128
164 174
26 119
52 168
52 143
192 33
188 55
40 55
169 40
21 189
144 120
73 16
144 148
41 171
134 104
3 155
193 41
65 186
188 167
58 85
84 161
14 28
119 180
138 22
147 98
89 16
33 51
76 171
156 59
184 179
147 78
39 172
56 77
39 143
100 99
179 110
171 150
88 165
177 64
173 53
175 113
57 195
155 33
165 185
177 68
60 159
150 72
51 129
195 101
19 150
19 39
145 41
37 46
133 170
82 193
137 3
181 148
86 107
186 183
3 126
180 165
50 119
69 94
14 52
91 39
186 191
37 153
93 11
27 14
64 95
188 62
143 85
12 24
24 13
91 168
75 5
39 188
161 4
164 98
92 98
132 177
102 154
41 42
62 156
73 110
156 48
57 17
84 10
168 27
55 31
59 89
189 92
49 159
146 78
113 132
57 155
89 147
137 152
62 39
114 63
18 39
160 164
79 176
51 95
7 29
8 71
157 52
167 187
191 16
176 168
120 168
57 156
60 68
29 182
186 121
94 31
113 127
104 166
190 34
171 159
75 140
9 140
119 57
104 137
119 47
188 73
71 179
102 144
125 70
159 95
38 38
10 121
129 125
194 97
35 66
143 192
110 34
169 159
72 14
92 104
78 163
39 134
158 51
151 56
104 119
18 54
74 124
142 81
104 159
107 160
29 51
184 183
159 74
174 51
175 123
55 48
88 127
132 148
90 153
171 186
185 33
116 44
139 173
186 195
36 142
123 6
183 194
21 148
144 38
181 25
17 145
14 66
171 127
192 189
31 183
86 56
191 180
84 50
96 177
58 143
7 87
48 42
103 159
188 129
127 193
187 111
156 130
37 151
180 44
122 141
111 138
189 77
87 165
143 173
109 127
177 137
108 55
88 50
80 118
51 32
61 156
118 18
44 51
187 20
34 76
150 113
124 162
18 173
192 118
103 133
113 111
35 189
67 130
188 53
62 169
74 168
151 12
186 192
123 141
167 186
122 138
85 96
77 191
154 180
171 123
43 53
16 28
31 159
24 104
37 44
64 46
71 127
39 2
100 139
191 105
68 23
87 74
40 69
62 40
93 87
47 116
5 22
172 192
87 42
32 193
8 60
38 108
144 64
158 192
68 96
130 4
183 90
31 65
125 25
145 89
101 190
133 100
171 32
125 103
180 194
155 158
177 61
120 52
126 195
17 21
196 173
12 79
181 53
68 46
180 53
111 91
65 172
34 21
135 37
84 52
103 31
80 114
146 193
3 62
161 44
60 157
105 67
193 68
48 41
137 4
131 120
21 146
176 68
180 18
7 147
108 104
88 150
180 107
36 13
192 49
112 90
185 76
73 13
68 107
45 64
92 100
153 132
83 143
18 158
170 40
54 145
195 41
119 144
3 130
69 107
49 104
40 92
33 89
190 112
161 164
92 182
32 76
119 77
193 14
8 126
27 28
15 162
76 79
159 64
130 109
54 143
91 73
108 75
48 119
145 154
6 71
57 152
169 164
185 74
38 158
134 157
171 52
196 169
3 12
43 152
74 123
52 10
164 84
2 193
30 172
45 83
65 74
14 140
60 72
41 142
155 184
11 61
13 120
176 76
161 147
197 144
54 47
152 163
37 104
171 48
165 48
115 51
53 16
32 51
145 195
89 116
15 161
149 121
173 138
68 83
124 38
89 139
123 162
77 7
157 50
176 188
60 169
50 82
151 77
129 93
39 42
113 125
20 135
135 13
56 78
8 64
196 165
178 13
158 42
164 43
133 5
159 168
163 62
73 79
161 74
187 53
151 185
178 191
190 29
179 113
158 91
77 55
139 57
67 55
84 23
132 176
73 34
4 167
162 104
132 2
158 180
115 133
166 9
145 63
191 19
159 192
156 139
181 43
118 108
47 44
106 176
110 123
192 61
100 74
88 41
40 43
107 175
31 110
140 118
89 57
173 127
60 177
38 161
131 178
38 132
35 126
103 9
54 77
83 46
60 81
11 162
192 167
79 50
70 102
6 41
72 136
75 69
78 51
19 100
155 137
177 192
108 177
5 64
33 159
83 176
179 79
33 89
169 88
144 118
28 99
169 166
119 42
4 88
144 193
161 132
10 11
147 28
154 138
136 51
9 45
67 74
165 56
146 28
169 161
12 113
179 115
149 31
88 33
9 151
114 133
62 44
90 98
101 154
189 193
164 54
143 148
172 101
124 181
97 127
180 130
143 176
114 68
144 136
120 57
188 168
181 142
162 110
117 26
41 144
167 189
137 79
87 167
70 126
171 51
72 104
10 6
27 16
138 187
169 152
164 139
56 120
32 53
5 21
119 86
154 101
182 62
91 74
180 192
32 94
146 51
104 88
9 150
119 5
50 44
4 128
72 4
43 42
166 41
71 139
110 161
53 90
149 71
19 34
146 8
172 164
75 147
180 105
113 7
174 77
164 99
176 139
190 109
194 93
194 73
62 92
155 59
107 159
132 148
147 39
42 24
9 23
109 182
128 63
15 55
118 182
37 162
85 60
140 106
27 178
190 162
30 33
28 169
47 48
98 99
184 181
75 121
194 68
158 167
27 174
173 36
185 121
36 180
27 184
17 55
146 136
176 1
166 191
195 31
73 105
66 42
22 152
57 191
47 51
78 192
147 125
98 111
166 23
194 142
58 177
183 23
4 158
135 160
106 146
13 137
149 87
56 158
158 74
121 112
58 143
100 98
36 51
183 3
94 154
121 168
97 96
73 57
88 10
117 176
50 193
7 49
74 125
70 135
94 29
41 55
94 147
69 124
24 117
171 55
73 37
176 155
147 120
170 148
13 127
129 123
95 141
84 27
86 127
183 138
181 24
127 136
110 158
127 79
107 16
96 44
121 25
120 121
90 82
72 181
15 63
161 138
144 133
98 6
6 73
158 43
28 172
40 42
181 167
75 66
40 142
7 90
172 98
158 174
111 104
146 172
60 195
182 152
99 126
110 48
92 104
127 80
57 143
52 172
51 152
14 126
27 7
82 155
33 104
38 134
95 44
79 95
132 134
18 170
189 94
5 158
178 165
184 121
24 113
192 155
158 99
112 9
65 143
121 20
165 98
65 190
176 98
8 117
29 30
155 164
146 122
46 69
39 151
47 10
155 162
180 77
16 7
49 36
177 66
44 42
49 44
63 160
77 106
28 74
109 29
190 88
35 55
166 96
3 66
153 162
49 194
188 20
32 196
72 86
134 24
165 132
122 120
124 178
125 52
47 49
62 156
163 172
62 95
194 141
19 191
155 87
59 62
182 107
19 96
50 182
31 194
60 196
6 31
25 13
184 120
178 116
4 69
126 54
62 160
3 47
77 165
32 74
14 12
190 31
51 33
76 66
70 136
18 36
27 85
73 7
173 91
163 175
41 168
27 126
118 145
57 125
27 105
88 188
5 164
123 90
138 69
66 31
49 68
190 173
53 25
132 12
171 111
104 34
5 158
72 170
162 122
40 145
196 40
21 160
70 69
192 167
27 77
71 128
187 34
167 188
43 119
84 154
105 34
49 126
88 98
68 190
59 145
49 81
57 85
194 40
105 30
79 24
40 117
24 118
10 49
177 180
168 52
106 161
89 94
156 159
147 62
139 137
129 195
6 45
54 98
88 100
175 66
147 22
120 181
89 81
104 148
120 112
76 40
131 112
71 64
83 25
127 51
68 130
192 32
29 161
131 148
28 29
116 190
174 17
162 40
76 178
137 37
106 49
19 147
50 97
182 106
74 82
31 179
38 131
47 26
28 184
151 19
102 166
148 90
188 19
182 23
103 169
67 118
119 112
60 166
80 74
143 34
115 163
74 122
2 130
81 143
125 126
130 191
111 131
95 1
68 126
82 139
106 159
86 194
52 8
130 145
135 75
93 148
72 65
101 112
126 81
188 17
50 42
36 52
38 182
154 91
36 112
154 130
190 56
150 141
154 33
150 73
174 28
165 131
132 122
52 95
41 29
41 143
8 88
78 178
195 120
176 169
136 81
145 36
134 145
111 86
85 57
116 14
83 140
161 59
39 179
38 106
71 7
98 27
139 169
53 146
64 149
111 133
38 171
36 69
176 99
47 172
173 164
51 26
46 65
173 137
149 101
10 172
58 191
142 103
109 121
166 43
117 176
56 105
49 115
110 112
156 98
38 13
28 171
90 151
125 28
174 126
141 25
4 178
106 183
79 125
18 106
88 148
127 161
86 53
62 131
94 161
52 172
53 152
106 190
141 23
69 40
192 57
139 71
10 48
30 84
12 6
123 45
160 41
169 19
149 113
48 14
168 151
2 166
154 51
98 88
177 67
149 4
182 130
91 118
55 152
51 33
140 120
169 86
106 142
18 70
82 46
6 66
118 192
115 15
190 73
144 154
45 76
64 103
20 193
70 137
8 159
158 54
179 104
77 80
24 14
37 147
162 107
15 23
5 30
6 148
125 17
156 129
26 7
130 158
76 177
30 52
153 21
120 178
158 166
26 119
193 49
6 75
41 141
83 41
146 170
147 52
10 42
141 186
120 24
81 78
60 56
76 170
36 105
113 97
22 151
176 63
160 168
53 13
108 30
155 159
118 161
36 46
82 141
181 33
184 141
163 29
185 23
39 39
56 35
98 110
42 46
169 110
129 120
189 87
157 76
50 194
102 177
18 193
22 134
158 165
65 169
17 24
143 106
194 176
88 149
63 128
18 50
167 186
175 100
86 40
197 92
191 49
51 179
141 52
120 87
120 88
196 90
173 135
37 11
36 41
171 192
194 32
26 168
68 102
150 74
176 110
144 37
171 5
147 37
55 50
12 25
149 98
147 87
100 169
179 182
125 50
89 12
76 84
2 66
189 171
165 152
153 156
6 113
102 9
97 128
93 71
15 13
119 126
143 157
110 10
106 65
24 135
26 170
92 16
166 42
91 70
57 144
176 124
26 21
89 188
3 64
5 100
102 187
51 105
56 124
105 180
181 197
122 135
121 160
143 103
73 27
179 153
99 95
148 136
170 56
21 55
138 24
177 79
144 105
74 14
135 43
157 180
114 38
77 4
54 147
31 168
27 80
39 191
109 104
160 75
31 170
31 107
109 90
38 162
162 74
145 76
21 150
150 76
172 191
49 77
108 101
28 151
137 17
4 9
41 51
138 34
77 81
119 18
157 56
167 100
124 28
115 192
107 54
121 77
17 34
6 151
113 99
136 161
56 88
127 106
184 3
124 162
162 76
128 40
36 53
33 173
8 174
38 38
155 64
74 4
2 128
139 110
20 70
87 22
75 56
138 177
194 57
80 17
105 75
154 119
161 86
57 164
47 126
7 56
142 10
121 156
35 178
107 92
151 50
173 159
69 14
21 161
192 157
149 100
17 179
106 48
163 59
104 48
75 30
123 34
118 194
182 138
162 83
42 142
133 178
40 13
9 88
120 189
163 141
107 29
137 51
180 79
84 86
29 38
129 122
51 6
5 55
139 11
127 33
124 125
5 99
152 32
115 145
38 14
39 38
171 135
59 70
181 66
181 42
36 42
36 79
40 172
174 76
71 130
19 152
90 71
59 58
63 72
8 158
72 155
41 92
24 115
122 86
167 52
113 193
69 46
93 196
109 131
143 184
60 102
172 175
47 105
156 18
106 182
191 26
167 185
177 92
120 55
177 75
155 66
30 81
194 158
4 195
90 52
91 180
50 96
106 170
13 192
6 65
13 159
150 78
54 142
191 171
30 151
5 32
153 158
133 94
16 68
88 82
109 77
176 92
60 106
56 70
124 122
71 130
10 7
42 134
61 106
1 74
59 125
4 53
10 192
181 171
21 151
119 125
12 192
188 173
124 180
59 110
158 164
193 38
141 12
117 180
6 53
126 135
44 13
137 43
165 100
101 139
30 9
163 129
88 186
86 109
137 184
88 187
120 188
162 175
19 176
51 170
116 31
161 110
103 19
95 161
56 152
3 87
20 138
122 180
53 160
49 37
169 17
187 32
75 171
10 113
166 190
42 14
123 109
184 142
77 146
74 190
5 178
9 17
190 105
151 73
14 98
73 111
130 126
93 162
132 15
12 13
19 158
180 167
125 72
154 9
7 88
80 143
106 123
41 139
188 63
188 74
62 38
105 133
100 169
50 69
62 179
114 50
70 107
118 110
15 42
126 135
53 172
122 112
112 41
38 78
75 150
196 41
176 100
195 33
121 79
157 188
19 97
100 134
140 53
45 129
168 86
108 123
47 104
62 58
139 53
24 23
34 105
39 45
159 97
38 11
141 187
12 77
43 38
86 155
70 44
38 155
115 131
118 190
156 192
195 24
110 55
20 54
179 191
4 91
18 23
162 117
52 13
95 63
21 4
57 15
49 78
119 136
78 177
86 25
131 67
145 125
39 168
106 188
116 28
40 188
118 29
156 61
107 76
108 136
88 167
54 97
62 130
114 148
132 112
124 44
50 106
88 84
32 172
78 146
164 105
183 152
91 126
24 126
135 71
142 192
76 122
4 59
155 132
15 64
72 141
24 114
171 175
12 8
173 54
21 187
89 154
195 25
158 56
148 143
144 61
101 84
100 128
54 79
7 59
169 149
38 192
68 148
39 189
21 24
77 35
138 111
130 5
91 128
80 179
98 28
137 95
83 23
116 18
61 171
12 137
43 91
42 38
33 143
76 8
107 34
113 51
60 74
13 121
76 34
7 41
87 40
102 65
40 147
144 143
73 84
194 184
133 13
112 131
144 157
168 23
106 163
169 56
170 108
35 20
107 158
141 169
94 32
189 73
78 24
175 62
174 192
152 137
176 112
49 79
21 23
54 37
139 24
91 117
138 174
154 5
63 30
195 99
58 107
124 43
13 80
28 114
156 156
69 12
36 23
116 150
120 156
82 87
123 107
169 36
142 187
166 43
30 51
139 159
135 72
151 103
18 172
87 127
174 191
4 130
74 51
154 16
183 126
67 188
53 55
145 121
10 44
15 156
29 142
150 50
155 178
103 30
147 72
60 21
166 187
109 122
70 177
12 116
3 60
196 38
60 80
190 183
194 2
181 61
154 7
14 80
113 108
82 97
92 175
193 73
136 29
178 192
80 51
121 162
17 110
145 39
119 52
186 180
70 117
189 105
153 131
15 24
106 29
52 131
150 146
16 39
170 86
126 193
118 188
31 172
52 160
182 67
16 80
1 62
164 4
55 131
172 99
168 10
162 140
67 75
107 121
12 115
154 86
71 84
152 20
65 75
179 172
104 183
188 72
13 192
164 138
156 96
31 153
23 125
109 175
3 83
136 34
13 107
86 122
197 86
98 135
106 171
91 124
142 13
51 63
12 100
102 19
116 68
127 158
193 23
181 169
89 138
142 104
5 45
63 74
162 61
87 49
3 182
152 17
91 115
121 47
97 105
27 177
27 21
113 123
132 168
194 86
189 192
159 187
123 156
5 157
80 117
165 23
121 109
58 5
190 97
169 150
128 74
179 126
162 41
39 127
6 62
42 159
180 151
104 84
87 71
154 178
32 145
189 61
32 178
124 124
84 49
190 110
15 106
67 23
147 41
182 3
18 188
59 106
111 110
101 85
5 101
37 162
19 108
165 75
39 110
30 130
121 29
96 161
82 83
72 180
188 168
50 98
135 169
73 55
120 8
30 38
167 110
14 78
180 17
99 105
17 106
17 35
7 151
142 12
192 134
93 84
27 76
165 18
24 103
27 169
14 106
51 77
88 107
163 114
82 42
192 31
110 169
164 104
163 56
185 24
138 71
47 49
119 143
118 26
194 30
134 161
120 127
47 194
118 20
119 46
58 89
78 193
10 47
117 161
25 6
94 30
110 170
121 4
123 8
138 185
175 104
91 123
80 50
190 50
38 142
151 4
147 63
15 120
79 121
64 148
32 51
14 120
178 190
95 115
28 153
168 68
39 3
110 47
77 189
129 136
101 113
182 92
127 70
192 180
197 93
106 78
41 140
163 55
174 139
26 4
77 17
183 179
61 106
173 52
99 78
44 50
171 151
71 5
30 7
174 161
2 126
50 38
84 124
50 180
30 145
168 161
12 157
112 9
196 181
69 118
110 111
139 35
110 122
61 176
189 169
167 114
79 97
179 112
176 2
134 71
167 51
95 137
100 189
26 23
30 153
160 141
9 20
166 56
80 176
76 11
68 143
161 172
65 93
119 16
73 189
5 56
185 75
48 15
191 118
77 41
6 165
75 136
112 88
156 132
104 175
90 154
143 81
57 74
57 131
123 89
49 83
162 148
12 101
87 43
36 65
145 34
169 138
19 193
186 112
163 29
166 48
9 148
153 103
191 23
186 193
35 53
179 111
174 162
88 83
190 180
25 105
51 38
133 6
121 75
108 138
64 145
153 20
129 24
5 181
79 11
136 93
122 88
191 100
114 193
74 55
145 119
195 53
103 148
27 86
92 101
143 147
125 33
35 182
196 145
89 76
197 90
105 138
16 137
89 92
135 44
22 189
11 137
114 25
84 25
74 141
165 26
147 146
136 151
113 93
157 91
153 35
49 38
67 16
70 55
23 1
189 29
23 53
144 39
191 120
120 158
138 84
36 66
59 68
168 49
124 127
35 183
25 1
51 35
136 27
43 94
139 3
137 188
50 160
104 86
150 77
74 107
58 62
8 23
35 104
119 195
95 176
83 87
113 56
189 18
168 63
175 64
148 120
41 39
6 33
169 163
153 12
69 96
181 153
174 135
142 84
107 163
81 85
125 27
74 160
96 41
14 189
68 116
54 34
189 112
75 35
121 69
68 85
91 114
26 5
158 66
160 32
67 95
121 138
74 12
191 5
119 15
56 160
14 65
31 79
191 18
106 75
65 34
147 110
118 65
47 81
28 167
133 43
148 73
47 13
31 104
4 10
46 9
190 134
48 106
28 76
104 6
192 93
16 77
188 128
89 71
130 135
141 110
9 147
189 34
32 106
35 23
147 63
188 131
56 37
158 179
77 6
109 88
153 166
125 34
74 41
184 119
167 189
49 66
10 160
140 57
114 27
29 122
103 186
42 46
140 137
1 89
39 3
32 75
86 21
118 8
29 172
11 127
59 144
101 87
136 56
119 20
109 54
164 133
190 101
89 137
147 146
129 94
160 74
194 169
90 152
162 73
135 158
4 61
123 127
36 128
170 175
63 75
35 109
49 32
39 142
177 65
20 137
191 73
117 5
110 7
10 140
152 33
184 91
166 146
28 100
59 179
180 150
191 144
73 136
80 125
83 22
162 105
29 75
191 156
4 191
152 16
103 36
189 74
99 111
152 73
146 6
64 147
41 118
41 172
48 115
142 154
147 35
197 145
183 128
166 73
80 122
31 39
146 143
154 6
47 173
87 107
52 192
50 82
175 141
80 28
56 148
166 49
172 63
37 67
116 161
81 87
125 73
192 86
60 167
150 145
172 126
5 155
27 125
66 75
30 169
161 120
174 166
159 63
33 97
147 74
130 132
15 142
11 157
53 14
83 179
179 106
53 174
135 42
163 110
47 63
76 15
31 106
72 16
44 81
81 177
133 12
13 124
95 175
55 36
135 35
59 121
111 99
159 187
107 45
49 47
98 133
131 109
138 112
9 127
17 23
26 173
74 169
154 53
114 188
65 129
50 6
151 23
166 20
27 34
142 172
52 54
144 117
76 17
145 77
24 56
55 105
174 31
159 164
182 44
134 148
115 189
29 179
63 32
44 14
75 66
119 68
69 181
74 164
28 86
35 67
166 40
56 122
104 7
101 157
41 117
154 183
79 94
86 69
182 68
179 41
160 173
91 3
27 167
9 21
183 140
166 148
16 139
40 146
141 84
178 5
34 81
75 56
101 74
178 189
126 134
97 62
15 110
179 183
73 190
83 74
166 151
122 108
82 85
44 41
148 12
89 15
44 16
2 79
61 160
121 24
80 77
76 169
108 120
188 105
45 13
161 75
140 93
17 70
89 136
107 78
170 192
20 134
33 98
175 53
154 10
83 78
18 178
22 94
192 191
163 132
139 175
197 177
83 21
190 181
168 148
7 64
37 154
100 125
43 155
109 138
127 50
121 86
43 118
63 132
37 71
26 123
9 141
183 183
188 13
171 153
36 125
48 126
40 159
143 84
67 42
153 123
77 44
113 88
123 26
60 19
89 185
104 20
66 25
119 190
121 141
58 6
21 171
56 68
147 102
73 69
154 100
149 78
67 54
133 161
181 93
2 11
191 157
72 138
28 173
89 58
78 17
17 22
190 167
179 130
104 154
38 121
136 13
168 56
80 74
194 155
59 88
149 36
69 179
68 156
195 173
115 69
102 12
179 54
85 43
26 17
28 24
10 117
121 30
101 9
134 166
40 51
93 69
182 151
11 66
84 107
72 134
183 195
68 98
179 15
102 8
32 57
188 144
85 94
98 78
192 128
76 29
35 125
83 93
136 54
154 132
79 194
75 190
49 28
191 68
158 52
112 7
152 183
106 189
124 42
56 146
99 102
30 8
85 122
158 110
87 32
37 142
195 34
119 29
72 68
40 192
47 115
101 182
105 35
14 95
166 72
95 33
9 171
133 154
103 32
9 155
21 162
57 72
94 175
17 39
96 138
38 125
24 134
105 179
192 183
108 91
74 84
94 180
170 161
137 67
20 158
71 141
51 16
119 127
193 91
129 59
146 76
2 155
112 8
180 193
141 176
172 27
117 150
59 87
191 162
163 130
179 1
107 36
76 189
187 106
147 104
176 51
130 193
102 6
51 118
157 97
135 18
5 49
93 1
179 18
123 41
174 36
119 137
157 189
98 84
27 24
9 160
33 87
191 119
111 101
69 97
183 193
36 105
105 78
113 194
135 18
1 81
138 173
101 169
138 67
67 21
48 191
115 31
187 108
40 52
141 173
195 52
7 171
33 158
42 117
125 19
147 89
115 44
74 106
72 71
40 28
29 79
183 24
108 121
160 30
84 125
60 193
162 1
113 134
46 168
155 61
77 180
96 74
63 168
180 197
99 134
98 27
191 18
166 100
107 97
75 135
52 7
93 138
161 166
10 191
171 187
118 164
54 53
158 148
190 72
156 186
173 139
58 81
182 53
83 161
102 20
13 8
182 90
23 124
134 23
148 4
11 13
45 77
106 36
137 24
113 55
65 130
10 188
189 147
131 13
129 28
29 144
55 81
138 186
139 73
193 118
73 4
128 71
110 108
97 102
120 107
102 142
60 165
154 4
13 13
143 116
24 57
39 80
8 32
103 175
53 115
47 52
5 12
147 62
113 86
89 126
57 141
106 55
141 82
30 174
21 158
59 72
109 36
39 120
32 169
190 155
160 59
74 121
46 167
46 44
138 6
141 133
111 10
72 64
102 70
108 102
119 135
81 83
20 152
47 119
154 31
68 88
170 124
168 7
131 6
50 169
48 63
50 103
56 195
75 52
50 191
150 145
184 33
74 34
X
174 7
50 158
102 187
67 46
1 157
136 157
54 31
89 165
76 168
62 5
37 184
42 49
111 108
77 79
86 118
179 170
86 74
191 14
138 176
57 148
26 113
163 85
196 155
194 159
123 5
52 159
61 168
76 125
75 168
186 30
61 158
126 189
196 184
33 76
163 4
173 27
137 53
64 144
109 93
191 2
58 87
147 75
192 107
177 13
31 38
69 16
109 125
102 52
144 121
154 187
31 130
91 76
184 23
18 179
61 104
99 85
131 69
181 130
141 29
10 135
65 170
179 128
32 110
162 173
105 154
143 144
27 130
18 110
163 67
155 41
49 34
180 41
67 186
163 73
179 56
73 80
155 31
146 34
20 35
84 53
59 5
110 97
102 21
48 6
18 136
48 10
19 173
183 42
86 191
106 45
122 75
129 79
1 75
25 24
185 72
9 47
186 179
189 64
62 42
164 100
88 8
62 93
173 141
140 92
5 19
174 163
36 44
70 53
192 106
56 34
103 16
195 193
99 84
139 29
132 147
26 99
40 26
58 119
125 74
99 104
125 86
25 91
101 104
26 167
166 9
140 27
110 131
63 130
105 148
84 114
179 75
98 134
133 124
36 143
181 144
163 63
152 71
113 137
23 126
70 179
133 157
42 16
194 118
148 98
182 167
91 41
106 172
52 48
151 120
27 179
123 18
79 15
162 129
4 11
92 152
140 10
118 195
43 1
2 164
144 177
108 35
5 180
119 194
164 103
145 169
29 158
95 85
166 114
172 65
74 185
50 131
168 65
41 4
180 65
109 136
189 71
57 123
131 4
154 35
115 52
122 171
36 12
88 152
194 181
168 175
11 139
46 76
53 95
197 87
78 57
131 91
128 195
124 24
21 84
57 159
52 17
147 36
195 26
95 3
135 51
54 88
115 190
165 7
182 91
64 34
94 149
191 64
176 156
147 38
137 154
121 158
169 37
67 12
174 75
180 90
119 19
146 61
69 120
173 89
42 4
147 55
6 59
150 75
100 102
138 51
187 109
16 150
143 41
104 157
65 25
55 54
119 27
71 181
73 106
87 76
79 56
122 168
156 129
195 49
88 103
77 136
60 22
156 65
114 9
147 54
123 31
163 52
168 28
141 186
101 89
67 38
153 4
188 16
11 188
120 144
11 155
80 16
13 109
41 121
170 187
28 21
43 25
191 132
89 15
133 18
15 160
89 149
113 42
89 49
97 175
32 194
52 146
72 108
108 16
174 190
79 191
24 6
133 45
19 189
24 15
112 93
54 152
19 138
15 66
49 6
156 16
62 168
96 143
136 68
28 177
122 93
138 53
186 34
102 88
28 22
131 145
130 14
139 25
34 75
52 153
152 102
88 7
80 52
184 93
36 57
87 31
134 98
35 190
52 128
51 129
108 45
132 69
139 158
1 63
171 6
48 194
136 183
18 158
1 66
75 55
174 160
173 51
63 38
176 165
166 17
18 187
68 118
159 103
106 34
72 13
52 8
163 3
76 12
3 158
194 157
175 68
150 21
127 108
175 114
134 161
76 55
3 91
12 26
125 81
15 158
184 34
103 52
70 141
46 79
17 67
12 155
152 100
6 149
186 5
41 46
29 193
119 15
56 69
130 62
166 11
57 110
31 128
64 32
24 51
189 107
123 170
94 43
68 21
46 83
26 171
30 96
107 93
106 15
156 17
58 169
10 127
114 137
175 111
146 10
91 188
5 61
39 4
151 122
94 27
172 102
35 87
65 173
167 185
38 147
102 145
6 115
108 29
95 163
27 51
90 194
54 144
97 87
127 25
8 70
146 4
132 104
158 89
3 157
77 64
97 41
174 192
28 174
40 54
84 108
177 90
30 50
107 183
27 103
143 142
30 194
149 124
72 103
138 110
15 49
44 16
31 123
83 177
31 40
159 132
132 109
2 41
163 115
16 49
181 183
106 103
120 51
185 25
155 140
112 89
158 121
181 140
90 192
155 185
57 154
102 69
144 55
91 182
7 102
51 50
106 69
194 69
73 66
116 163
143 63
87 21
133 175
35 107
64 130
119 43
173 40
55 33
90 148
132 13
183 169
14 142
98 30
68 86
34 74
91 166
98 132
162 44
33 85
104 49
144 35
142 39
180 140
92 149
77 43
6 102
112 112
92 71
98 43
76 37
32 23
24 100
142 184
41 151
136 93
175 115
147 71
100 55
60 192
83 26
104 123
123 88
47 27
95 27
78 55
72 67
77 108
145 143
51 10
72 17
160 76
162 85
173 7
58 178
24 128
77 125
197 88
81 118
74 8
18 100
101 110
179 55
32 20
30 95
133 125
56 133
160 108
98 137
194 166
121 24
93 85
159 79
152 139
189 91
64 143
29 145
155 85
79 28
108 32
181 151
189 49
103 138
80 97
23 127
39 131
114 29
31 150
141 85
65 189
65 46
23 51
16 8
182 192
129 132
14 190
32 98
93 64
100 188
176 116
119 26
95 61
129 27
176 125
94 84
57 13
61 60
74 37
129 191
144 122
8 63
158 67
20 147
178 169
164 149
48 129
48 179
191 86
2 12
120 135
90 149
174 6
105 136
18 152
189 130
123 4
178 172
154 156
162 4
51 63
91 147
112 103
2 195
120 125
78 191
133 94
68 87
80 11
58 105
103 65
4 89
82 74
10 13
151 8
29 39
83 118
143 141
59 85
104 179
56 166
183 192
133 112
177 151
31 63
17 84
195 180
27 74
124 182
187 57
18 159
102 14
42 26
62 177
52 194
28 10
18 55
145 64
105 88
25 99
86 70
94 64
27 50
59 8
145 87
22 193
172 187
108 14
95 84
82 162
7 69
74 50
175 18
3 55
163 30
136 186
30 87
120 26
10 126
113 135
183 130
191 101
105 144
15 53
83 83
49 67
68 54
176 137
14 51
133 160
91 129
139 135
139 26
154 186
85 165
17 36
26 171
72 15
108 98
89 13
176 53
95 62
108 15
160 108
52 97
112 110
150 103
186 194
100 95
194 68
2 47
155 42
114 8
153 56
99 9
72 107
173 98
174 40
39 152
179 63
40 131
35 188
137 85
174 193
100 126
108 12
12 125
139 95
125 42
144 34
87 170
86 162
92 76
151 5
31 161
91 140
139 58
130 9
184 117
39 107
119 17
32 22
112 136
176 18
16 65
179 106
99 103
37 119
61 179
32 29
75 44
172 165
80 26
83 57
154 105
104 16
55 38
70 70
56 168
153 129
102 78
139 5
86 115
194 193
15 109
19 87
17 176
195 157
77 107
21 2
60 125
186 32
171 37
180 64
171 39
76 122
47 128
133 75
2 45
139 55
87 30
160 133
7 100
162 106
122 162
87 7
112 138
89 37
29 81
180 103
125 31
11 10
105 45
81 28
3 167
128 9
92 180
125 87
109 132
37 120
158 122
133 104
3 193
74 28
103 12
70 39
36 145
130 189
83 178
189 161
9 11
192 193
19 99
144 137
182 147
193 13
27 84
130 101
158 59
118 162
147 88
116 63
55 55
14 157
140 119
97 104
92 181
95 114
101 134
191 160
138 137
51 160
X
8 102
16 55
42 161
85 114
193 157
32 21
189 90
87 27
43 120
167 20
124 20
170 191
126 121
83 56
184 35
36 39
48 194
37 153
63 156
182 5
82 45
192 53
16 78
97 29
7 17
132 135
179 167
19 145
147 31
46 191
57 70
173 55
90 150
146 176
118 109
68 188
33 23
146 154
171 108
140 24
165 188
130 63
70 120
196 177
173 5
55 16
5 17
194 53
82 154
190 134
149 11
17 84
127 52
49 129
28 179
132 71
10 125
13 140
171 67
123 181
97 74
44 45
54 53
118 146
176 193
169 65
52 145
139 113
114 28
141 5
84 87
60 122
134 67
56 73
71 71
132 126
135 168
166 52
160 140
26 29
39 1
78 56
103 29
117 163
84 97
175 12
56 31
192 13
184 143
93 193
42 158
145 78
48 7
93 72
147 111
63 32
81 74
155 21
24 52
18 177
11 136
181 165
121 146
42 143
45 68
115 195
105 16
16 178
21 193
146 4
182 66
173 39
98 138
124 17
62 45
193 155
136 55
119 14
134 110
28 105
91 91
118 178
75 165
48 68
56 169
37 155
8 125
101 109
77 188
82 161
12 175
128 160
89 60
109 97
32 33
102 134
18 147
7 113
119 45
31 96
54 132
24 22
30 76
73 107
118 24
24 5
84 166
79 17
63 44
72 88
86 72
123 169
81 181
38 170
37 189
90 104
15 65
124 39
6 98
114 149
68 144
28 53
128 41
24 4
88 110
108 33
25 17
33 33
110 162
28 33
91 75
9 43
48 49
26 126
76 42
21 21
93 195
110 57
69 54
99 5
88 12
83 175
71 106
57 169
109 180
108 169
62 96
53 141
97 177
66 23
74 16
62 61
108 103
3 73
11 62
71 177
12 98
93 15
46 14
6 174
110 136
108 171
102 74
8 192
123 87
104 176
93 115
84 152
123 86
107 118
9 188
77 159
19 110
117 179
73 35
127 81
102 55
127 34
65 96
72 29
16 110
131 94
54 38
2 44
126 136
132 73
42 1
106 147
54 181
47 117
96 141
57 16
30 30
25 113
128 136
80 123
12 120
55 49
52 190
2 76
77 163
117 190
121 8
72 85
76 124
113 122
88 69
132 145
100 19
52 183
55 107
119 30
69 98
42 13
123 137
119 76
130 190
108 158
15 41
77 141
84 12
1 80
42 151
10 46
117 8
32 78
115 42
60 77
113 110
26 130
19 36
89 42
56 156
43 153
37 127
50 154
124 41
108 183
93 88
120 93
69 180
39 66
56 167
77 186
26 184
97 44
115 20
58 134
127 191
64 146
73 139
57 153
81 26
20 69
32 86
82 76
64 128
90 136
106 12
20 179
39 181
30 88
52 88
60 104
88 101
61 169
132 167
109 158
122 4
56 119
131 12
14 127
97 85
17 85
34 66
62 129
40 144
64 30
108 118
56 197
90 49
112 108
133 93
50 25
90 50
126 194
58 77
123 160
88 124
4 90
18 97
114 7
63 31
77 84
115 17
100 137
27 99
29 76
76 16
66 21
15 136
47 83
21 145
52 193
121 31
105 32
117 6
108 170
29 195
122 47
120 79
23 57
58 68
133 102
59 146
68 147
88 70
132 14
57 81
53 170
65 32
101 180
105 49
124 50
26 182
66 32
112 87
40 12
87 84
10 162
107 122
69 83
56 131
96 75
116 26
80 141
93 93
89 30
101 179
44 40
9 18
48 167
96 43
80 139
63 46
88 154
6 64
24 24
88 74
1 82
52 179
134 146
130 136
112 86
70 45
40 90
63 173
61 56
16 142
32 142
1 128
86 27
42 132
60 20
68 17
3 156
77 187
83 94
82 115
54 182
11 8
21 172
70 128
92 74
106 187
114 87
64 102
63 93
134 42
4 80
21 19
35 181
81 189
62 23
87 41
84 123
21 6
105 71
16 177
87 25
73 81
23 138
51 55
34 20
133 166
51 36
100 136
49 118
131 70
26 178
130 103
89 115
97 99
20 32
122 122
15 51
127 54
75 57
75 34
109 102
121 27
39 109
116 188
39 154
10 175
74 171
8 162
94 33
121 127
94 193
17 51
69 42
36 184
51 28
103 22
130 178
134 109
90 124
26 24
17 65
81 194
37 188
15 80
132 170
5 194
72 18
133 158
38 80
40 93
8 114
114 195
71 13
28 32
112 44
119 66
128 78
33 62
109 169
86 43
7 71
95 2
72 106
76 71
57 193
75 37
38 178
1 127
120 138
71 88
124 179
110 135
16 25
91 149
34 80
97 61
105 65
88 192
122 42
84 115
46 30
38 66
47 127
50 83
34 78
18 65
86 110
25 115
118 16
34 104
100 133
83 27
105 178
119 177
11 64
119 70
86 116
3 164
106 175
94 143
97 63
119 25
36 192
70 156
8 100
104 169
117 182
113 133
15 159
85 97
52 144
3 9
122 107
6 60
22 95
126 24
134 14
65 188
52 129
67 15
84 122
111 93
88 30
103 55
110 46
105 135
51 173
105 137
130 161
96 78
78 165
28 5
65 132
108 13
106 158
9 13
60 164
87 81
129 92
73 171
29 177
119 65
28 113
50 95
60 156
25 184
24 122
70 71
8 59
40 134
8 101
104 15
101 183
64 132
113 138
86 117
88 42
113 38
3 61
66 93
67 53
129 189
6 100
43 117
109 91
100 20
28 182
91 137
14 162
103 134
95 193
9 12
45 125
84 117
93 76
12 174
14 138
130 102
29 49
16 64
120 54
104 168
25 101
128 24
67 119
37 117
56 110
8 33
10 43
74 15
31 67
76 190
72 30
62 132
8 41
37 14
89 100
126 34
29 159
69 13
73 168
36 144
1 158
97 33
102 167
27 75
40 170
133 151
100 6
65 30
6 74
91 69
15 6
101 186
97 98
104 5
2 178
134 103
124 123
60 176
37 112
100 168
18 32
61 8
124 88
126 28
39 147
135 27
17 97
39 144
129 9
110 33
78 28
87 169
125 20
82 78
130 98
69 116
42 160
93 12
101 175
124 92
38 110
72 105
115 26
29 194
110 86
34 62
31 125
131 72
111 102
109 45
67 97
24 116
39 11
88 104
128 12
28 41
75 67
65 22
90 69
21 22
86 7
18 189
130 194
47 6
87 12
44 69
114 138
103 190
5 9
125 127
119 147
116 43
100 166
72 169
50 115
121 7
68 92
114 30
25 92
12 11
47 167
19 187
129 26
25 94
14 11
51 88
64 38
33 32
42 92
24 137
133 153
92 186
131 73
52 36
89 33
98 95
17 109
101 176
96 175
118 148
48 181
67 126
51 131
77 139
79 13
87 69
86 71
75 139
118 52
52 119
51 76
87 110
116 30
121 26
124 93
40 161
72 27
50 76
122 43
40 132
57 121
112 42
44 55
78 179
129 162
82 191
10 189
90 185
39 78
30 126
108 100
35 184
80 115
9 162
10 161
113 52
94 140
53 119
41 189
50 78
67 13
131 92
9 41
134 177
112 127
59 167
35 191
88 75
118 55
65 171
96 142
59 119
75 68
116 25
69 154
10 87
123 105
2 59
107 75
15 67
122 106
68 120
60 121
133 16
122 181
89 118
5 71
63 157
21 169
132 166
92 99
52 126
102 22
89 53
102 146
37 192
119 28
27 39
28 118
124 54
18 42
43 40
37 80
89 98
98 136
51 89
131 98
55 53
58 74
94 141
68 93
46 64
28 23
82 118
54 183
123 92
98 31
9 136
87 11
116 38
12 61
93 152
5 167
115 161
59 105
21 149
119 178
130 148
118 189
125 38
90 30
104 31
20 53
106 118
115 188
134 101
110 171
39 111
48 55
34 65
54 141
131 68
2 70
104 54
119 67
31 127
45 17
89 152
56 193
31 145
105 155
33 79
64 168
53 28
114 31
102 16
6 46
134 15
94 118
51 119
104 52
41 154
43 138
5 102
6 171
14 99
127 74
97 84
38 188
65 147
14 13
65 128
4 56
21 87
113 136
73 187
122 76
95 149
52 156
106 68
115 16
46 66
81 114
101 177
90 33
120 90
18 150
121 171
6 12
1 156
96 88
117 20
61 172
20 162
31 34
3 41
130 60
110 110
104 19
123 20
69 44
134 178
75 53
18 84
14 8
55 109
80 142
102 159
62 128
126 50
28 129
78 174
15 155
59 168
95 179
100 187
51 65
85 42
39 184
83 155
134 26
36 76
3 178
69 56
94 196
108 57
93 118
102 132
36 77
127 104
5 191
37 121
47 65
30 184
82 117
61 21
78 147
56 121
97 64
32 89
20 65
68 13
3 45
70 116
97 78
104 118
49 55
16 106
105 160
6 61
134 57
7 76
101 132
96 77
108 87
24 138
31 196
96 160
125 24
78 125
21 5
9 149
95 195
28 123
2 43
48 190
116 52
46 63
110 102
70 38
95 116
12 78
49 10
35 108
48 172
29 184
22 92
110 127
59 123
21 138
17 98
51 14
49 70
118 107
14 97
6 17
78 176
40 158
103 67
13 157
80 24
31 30
56 125
64 104
55 146
25 21
9 125
20 19
83 141
76 30
116 55
82 181
100 190
38 151
23 145
28 88
7 149
47 25
85 41
36 111
132 91
77 176
3 76
96 182
7 61
82 190
30 177
8 61
109 123
31 169
89 31
132 175
52 152
128 158
135 24
46 170
81 93
59 147
133 98
18 137
27 122
123 145
76 50
122 8
17 25
87 33
52 96
81 25
132 11
48 44
100 52
51 194
74 161
5 74
117 145
58 146
104 167
110 49
111 88
134 13
49 63
42 17
115 55
95 29
75 159
58 106
13 101
124 177
110 163
77 111
94 1
50 156
128 162
102 5
85 152
114 150
4 180
110 93
46 42
9 90
6 147
32 62
61 170
75 51
7 54
33 174
13 125
113 131
130 100
92 4
94 114
102 15
126 31
105 132
103 146
6 76
25 4
14 191
101 156
132 98
93 62
33 94
69 177
53 156
114 69
49 179
102 90
80 15
122 183
30 122
91 2
62 170
20 55
91 169
119 181
54 91
17 40
30 86
43 2
68 154
23 147
127 189
41 155
121 136
8 190
113 40
108 34
47 70
60 119
123 138
2 61
36 14
102 189
51 174
119 91
49 119
93 75
100 75
95 88
114 189
42 141
102 77
90 147
33 169
80 76
98 42
6 116
125 43
122 44
117 31
40 53
94 41
17 53
50 7
14 9
31 171
52 47
19 86
54 146
127 107
125 78
54 133
31 177
8 29
108 49
90 138
66 41
108 36
40 68
75 146
56 192
36 178
3 191
120 75
17 100
48 53
94 42
91 40
120 145
86 108
94 152
123 43
14 55
93 180
77 5
27 33
75 40
73 5
48 13
36 67
31 31
98 126
76 148
28 115
50 55
44 83
2 42
48 17
60 197
101 102
64 101
100 105
18 96
99 86
54 17
119 8
128 72
34 57
16 6
22 190
41 49
24 101
90 74
51 106
28 104
58 141
96 61
117 29
34 79
2 74
107 49
127 63
88 153
8 172
86 166
134 29
13 162
53 36
95 182
41 1
116 65
56 143
64 173
90 84
41 38
45 30
17 87
1 88
20 33
111 136
10 137
126 190
57 146
54 156
61 5
48 9
104 13
53 118
58 132
88 185
8 30
85 21
24 17
10 45
112 99
26 169
52 169
31 184
89 142
82 166
18 162
29 196
43 55
8 147
87 23
28 117
93 91
92 69
21 147
73 141
13 97
74 111
95 180
51 104
92 185
127 59
17 19
29 10
123 91
18 134
27 180
77 82
90 91
68 106
120 64
130 94
124 160
14 79
5 179
119 176
119 145
9 49
86 163
16 24
19 40
82 114
36 161
16 27
99 97
130 104
88 170
100 22
90 11
101 78
46 17
52 38
105 190
91 42
93 150
41 134
101 103
40 155
106 67
133 145
36 182
87 164
86 12
90 42
82 189
65 21
132 178
68 146
38 76
114 44
48 51
83 152
12 95
41 169
118 68
20 57
82 41
55 134
88 40
2 167
92 177
21 1
26 33
13 108
125 71
24 105
33 35
14 50
132 75
12 127
78 150
114 65
125 120
8 66
56 196
110 9
106 13
43 93
30 124
86 50
24 124
3 72
12 191
16 42
36 43