166 96
83 176
120 135
176 169
166 73
47 54
68 189
59 72
68 21
46 78
133 168
155 59
48 70
84 8
75 55
26 6
58 110
81 179
68 143
147 34
35 188
40 29
26 4
69 118
74 160
138 92
160 75
55 36
176 66
73 69
49 160
55 108
47 52
61 173
113 132
104 132
56 87
116 31
120 91
185 150
100 132
193 57
154 178
165 44
27 172
85 110
132 12
95 63
18 190
138 58
77 106
155 140
53 152
180 90
123 47
96 74
169 162
65 130
81 177
21 160
99 126
118 112
96 139
31 174
87 74
111 101
115 162
28 31
12 122
45 130
74 64
95 178
98 41
56 164
174 53
161 79
52 143
118 181
103 166
56 17
110 91
30 87
119 68
166 52
162 59
33 89
62 39
170 69
197 176
87 42
153 129
88 50
177 79
2 66
38 108
58 107
41 144
46 167
188 16
84 97
73 111
86 40
155 63
109 93
128 13
74 41
115 24
40 52
138 95
102 187
25 95
30 194
190 30
192 121
112 9
179 3
3 167
192 64
140 120
60 6
33 144
133 109
81 83
79 26
106 190
96 163
6 62
38 11
84 83
16 68
135 158
148 137
158 99
46 81
165 70
175 113
74 160
83 78
142 112
76 177
195 55
159 166
96 76
47 28
72 69
53 33
85 122
61 158
18 191
39 152
84 52
97 105
46 190
24 104
147 8
192 23
106 104
127 106
133 121
139 68
32 178
186 191
165 25
93 86
154 99
195 118
190 70
14 66
40 141
58 58
160 174
23 55
28 51
196 41
136 25
177 135
70 134
127 27
108 91
159 132
146 6
76 134
135 160
105 86
30 181
5 61
36 11
163 74
122 88
56 148
5 157
116 193
121 25
100 77
29 153
195 173
162 74
188 29
126 192
60 78
160 140
31 108
17 146
162 129
159 62
88 107
57 145
105 16
46 193
139 71
196 155
51 169
125 70
50 31
179 68
140 6
89 49
191 171
84 86
74 190
80 189
48 83
104 16
15 107
112 93
76 188
67 143
181 151
182 130
90 165
118 4
172 126
133 92
86 69
106 78
147 41
142 10
192 31
51 152
60 5
39 108
132 177
194 142
7 53
53 169
138 110
126 38
38 184
50 127
9 137
52 174
146 194
128 39
167 87
58 57
167 109
7 171
70 52
32 96
181 153
181 43
165 26
112 38
166 49
177 66
138 157
138 134
42 14
179 57
157 87
165 146
73 188
187 57
38 104
142 14
160 150
185 33
65 170
169 67
41 3
157 97
155 185
65 186
72 104
108 138
36 147
52 130
190 31
82 163
104 142
159 147
121 125
91 41
27 115
11 66
148 134
2 41
95 33
76 106
4 88
49 79
98 74
29 169
130 159
77 66
182 5
130 59
173 55
17 41
156 19
152 140
164 86
88 167
142 13
180 103
22 192
134 175
32 80
181 171
22 135
154 89
158 187
53 174
19 19
176 141
129 81
103 35
15 120
113 42
26 122
176 116
117 24
89 114
3 60
93 153
190 4
145 64
9 151
135 75
157 45
25 24
190 73
163 33
84 154
57 157
93 177
12 26
16 100
3 155
90 53
54 77
60 169
101 74
30 7
65 187
12 66
145 177
88 37
4 158
5 48
135 157
190 72
15 142
192 160
3 56
135 37
122 125
93 160
104 189
183 179
52 28
189 98
43 152
167 136
13 66
139 13
13 100
16 8
149 101
164 175
83 24
77 189
104 157
25 3
48 16
107 91
112 136
51 6
9 148
102 168
21 134
69 38
188 169
34 76
107 76
11 175
124 53
93 71
39 121
91 100
115 145
140 51
179 79
145 148
110 170
54 180
128 70
72 134
165 132
59 68
86 53
196 86
96 177
59 144
10 157
123 24
47 41
81 96
59 60
89 104
14 51
3 75
124 180
104 65
127 105
136 56
29 81
24 115
58 176
68 104
179 63
109 183
141 187
114 147
109 57
89 147
32 77
149 100
30 9
85 7
102 12
42 133
39 178
175 38
56 86
91 11
169 138
121 141
19 109
131 9
162 122
15 110
67 130
67 74
31 76
44 45
47 104
171 175
71 85
9 113
96 181
18 148
101 166
39 105
162 72
174 159
13 122
162 83
35 53
38 142
55 131
173 91
170 32
74 170
68 107
123 25
144 193
146 172
21 53
19 107
143 80
104 53
120 159
93 63
77 150
172 100
170 88
53 16
144 156
194 2
172 186
180 142
68 190
157 110
159 129
95 137
139 24
131 175
39 127
35 178
194 156
184 139
189 72
178 171
167 185
152 31
87 26
148 146
95 196
12 173
38 168
76 13
127 162
23 134
176 193
112 122
163 132
15 64
22 145
172 27
30 49
152 121
78 163
25 7
136 81
170 164
11 120
95 177
161 74
123 4
119 43
155 132
68 22
59 85
152 183
142 189
123 90
105 136
50 96
8 65
37 42
71 154
34 67
88 73
11 162
99 111
83 46
54 98
192 155
80 97
142 172
31 64
167 162
38 128
194 162
1 157
81 87
144 38
90 152
75 52
15 77
177 67
151 11
44 17
53 160
146 141
61 176
82 192
130 175
88 187
146 28
15 62
92 1
68 83
57 14
195 24
125 50
108 35
115 53
18 177
188 15
143 145
118 161
184 35
6 172
98 84
120 88
165 189
138 37
186 105
56 141
46 16
119 4
192 61
155 164
192 56
80 176
76 8
125 25
76 79
130 14
127 53
5 54
158 166
172 104
13 156
8 188
54 147
40 50
43 151
103 12
42 28
108 54
94 31
49 28
144 133
42 131
27 103
25 122
172 65
107 29
183 43
100 127
93 159
24 135
2 45
49 152
161 168
120 55
160 59
99 104
4 191
21 23
149 98
39 151
62 5
161 141
186 195
87 37
185 3
190 53
2 155
108 75
86 114
140 10
19 102
89 71
75 84
168 166
176 1
31 124
32 52
195 31
121 122
137 85
156 156
93 16
40 146
194 97
67 21
16 70
119 170
14 100
8 23
73 79
56 89
30 169
15 106
14 10
84 109
86 126
95 27
115 50
77 34
106 71
2 192
54 142
85 124
67 190
144 194
125 72
88 7
172 5
119 136
88 84
169 161
152 73
49 66
123 33
145 55
171 136
9 127
32 88
29 5
80 52
102 186
109 177
155 178
71 102
9 86
1 61
2 191
190 64
156 131
182 55
58 87
129 25
139 175
145 143
78 188
150 12
9 45
148 25
194 155
49 33
175 188
180 193
190 5
115 191
119 137
16 97
110 35
180 76
88 148
114 38
91 104
178 5
74 162
160 63
167 117
83 139
51 190
167 98
137 17
139 135
195 193
115 65
33 160
164 84
197 167
38 71
150 30
163 119
90 123
107 121
102 169
10 47
40 117
66 43
52 48
93 3
157 99
26 29
52 7
45 81
37 66
184 119
186 20
156 18
86 154
82 152
14 98
103 5
30 52
155 60
8 69
4 9
142 103
129 125
85 107
124 124
11 157
136 71
109 76
29 179
181 197
160 148
181 26
65 42
122 77
166 146
170 136
123 8
18 158
132 168
52 125
59 164
173 39
39 170
158 174
76 40
22 57
67 56
68 98
167 99
188 77
114 9
130 145
171 56
133 159
101 158
192 38
92 182
116 20
144 36
174 75
183 195
96 196
72 71
27 126
89 11
49 194
44 13
102 69
15 121
9 88
38 117
153 128
47 106
139 52
42 94
179 75
66 96
129 123
95 181
153 131
192 134
137 157
167 100
189 173
83 41
113 132
167 48
46 7
105 85
90 71
87 191
194 68
154 174
35 62
90 149
103 169
39 188
47 47
63 72
41 25
50 158
64 34
24 117
197 175
75 27
82 44
47 55
140 137
26 17
44 53
144 64
6 41
32 172
141 85
27 117
39 76
195 141
144 40
31 159
150 74
103 183
78 164
139 55
57 152
9 120
155 34
24 128
68 124
110 133
33 34
51 38
61 101
158 90
2 195
30 5
195 157
17 39
57 105
163 29
146 36
176 99
121 42
88 13
36 105
136 28
104 55
143 121
197 173
18 55
6 113
183 130
194 70
32 53
133 91
26 105
53 171
163 109
130 162
118 111
41 192
183 140
145 76
36 143
47 17
175 36
129 124
74 69
92 103
43 49
17 150
152 138
134 75
44 49
172 176
180 139
97 124
162 106
58 191
176 102
181 147
107 45
154 33
158 103
137 24
8 155
113 93
69 107
190 182
44 138
30 74
177 66
83 22
76 15
78 148
119 143
177 181
108 102
122 109
88 9
147 63
174 160
71 8
179 129
121 121
187 77
102 137
34 51
122 162
60 81
27 10
74 50
119 5
149 148
47 30
155 176
194 157
106 29
174 18
31 32
184 6
21 4
47 128
62 130
110 55
51 78
159 95
176 100
114 145
100 9
86 118
43 17
82 155
121 79
134 18
24 126
15 63
89 14
184 5
31 152
39 126
157 77
112 7
90 186
119 141
49 82
160 41
158 89
20 68
122 182
61 19
35 189
72 66
79 93
147 111
30 151
62 156
51 105
87 53
41 170
89 59
39 162
171 55
109 54
86 73
142 156
187 52
105 133
11 135
30 96
26 170
121 91
191 120
92 175
46 8
21 20
101 88
12 99
72 14
99 85
72 16
89 69
129 122
185 24
103 5
5 100
147 89
144 137
89 12
1 66
8 62
161 77
186 18
41 190
182 3
191 53
87 7
58 60
72 181
75 56
80 140
144 61
137 6
178 151
139 57
142 184
153 35
56 85
136 27
152 166
95 150
170 159
51 13
99 134
194 189
8 126
187 111
18 22
107 104
193 101
132 147
16 49
191 146
85 165
178 63
132 169
188 61
22 152
32 76
176 110
19 87
146 122
161 138
158 91
41 168
138 174
134 111
74 18
123 6
170 30
79 176
63 38
132 148
131 102
13 109
113 53
187 108
120 112
76 15
80 179
47 49
54 36
51 103
125 52
173 36
30 38
93 64
110 134
31 35
7 33
91 152
37 158
190 13
64 130
189 192
7 147
5 76
78 192
118 29
54 131
169 26
102 9
101 104
134 102
155 21
39 46
57 17
92 91
105 183
133 13
117 65
135 35
181 192
28 21
110 35
51 183
114 28
120 92
180 167
3 56
9 155
92 104
4 41
139 110
63 160
121 109
176 4
33 159
119 125
3 130
193 13
77 137
32 21
19 70
76 64
98 30
95 41
179 130
47 116
23 53
153 140
106 169
166 40
188 18
191 64
65 172
168 148
103 29
167 189
124 86
189 143
1 129
133 67
86 70
104 12
94 180
119 142
2 128
71 126
197 174
7 17
91 1
60 191
35 126
154 4
11 61
114 52
184 140
156 140
36 188
102 6
175 68
86 165
77 107
5 195
159 192
69 179
12 189
60 102
14 95
45 124
26 15
31 170
12 114
9 141
63 22
169 90
145 124
13 140
94 182
192 130
189 130
127 32
15 109
188 132
13 160
105 156
130 62
47 103
69 157
139 29
158 86
158 187
8 99
81 76
101 169
93 196
50 193
192 15
137 53
78 53
71 65
27 78
52 131
144 116
8 102
132 71
2 79
65 149
178 172
28 81
16 140
82 165
52 168
42 27
93 14
92 180
109 179
41 45
22 191
113 127
21 148
72 178
58 89
13 106
31 79
48 179
197 177
79 15
90 76
34 112
110 45
123 146
62 97
5 64
13 121
1 130
178 166
6 102
139 26
11 11
150 49
86 191
175 141
14 64
76 70
93 148
182 138
62 59
50 183
138 176
116 165
176 101
55 17
74 17
22 91
161 132
129 28
156 61
77 136
29 172
150 29
56 34
160 31
154 121
71 136
174 28
26 171
71 129
136 186
5 22
151 52
102 67
98 112
162 44
89 194
152 56
168 67
143 185
103 84
163 172
151 23
8 156
41 172
117 195
140 84
173 52
95 84
141 25
54 81
17 86
47 68
70 179
38 12
148 120
36 180
40 147
24 51
112 10
146 30
11 136
121 124
84 25
29 145
161 175
123 18
140 14
138 67
114 68
94 177
147 78
109 34
43 143
109 104
143 184
70 120
124 42
60 177
13 137
43 4
142 40
74 121
9 140
32 35
130 133
154 85
175 16
16 79
29 192
40 13
153 19
44 70
139 28
78 52
154 123
90 127
93 193
50 38
134 99
142 187
76 44
147 102
138 161
81 118
180 55
188 55
141 53
116 161
175 61
39 120
156 180
44 43
188 130
181 150
172 66
61 104
109 126
43 94
75 150
120 156
86 52
3 157
48 171
73 106
43 38
169 109
93 182
43 44
83 114
51 125
197 86
124 121
194 175
143 64
89 154
168 176
34 111
105 45
188 131
140 187
14 142
36 142
113 56
134 28
98 132
113 112
140 57
147 98
121 88
100 167
174 92
113 93
94 154
42 143
144 143
7 64
127 72
47 50
45 143
196 39
147 72
147 37
74 28
18 192
81 177
154 119
118 195
175 55
170 151
169 65
126 74
156 43
15 137
114 67
6 75
182 66
164 43
90 82
150 75
60 166
131 120
45 126
147 4
116 41
143 183
160 108
154 138
190 62
40 43
87 21
89 76
174 17
109 163
41 140
37 11
70 53
49 77
168 48
29 74
7 23
155 89
106 148
143 146
178 169
41 191
51 77
191 16
89 191
38 169
193 26
181 68
56 146
12 28
105 87
128 189
63 106
180 124
141 14
193 94
102 52
90 170
190 112
194 69
119 87
60 168
32 195
151 50
187 55
121 138
3 128
66 143
24 95
126 195
131 148
163 110
195 145
93 163
64 32
97 195
111 104
125 34
121 30
89 94
46 10
39 183
50 190
138 187
58 56
27 84
31 111
163 118
27 49
33 67
103 135
17 33
152 104
100 78
35 128
97 87
37 151
54 92
118 146
120 125
103 137
98 32
83 143
98 8
187 54
70 137
187 120
171 186
128 59
177 91
128 11
28 86
125 31
186 32
10 42
3 74
96 33
160 191
1 74
193 120
116 14
19 41
56 77
69 124
183 169
13 110
146 55
62 56
91 140
92 16
90 150
124 24
74 164
142 183
53 55
18 172
58 143
51 95
133 122
158 63
60 158
172 191
195 119
68 116
91 92
37 78
57 15
106 36
12 113
183 93
51 126
60 193
123 42
190 160
171 151
32 193
36 22
29 158
103 71
191 57
41 53
46 65
163 87
178 167
94 163
119 26
186 32
63 156
8 161
12 13
20 150
133 148
190 183
114 66
80 14
88 76
181 37
193 30
179 181
10 171
91 30
174 40
88 109
197 94
13 95
14 188
180 107
165 129
185 150
52 17
78 177
4 76
102 154
36 128
142 173
148 28
47 115
83 26
19 189
65 129
56 194
78 193
78 124
10 127
39 38
138 169
32 161
99 105
80 74
5 20
168 175
42 15
166 17
19 98
24 113
86 109
17 32
121 86
43 120
154 130
191 24
129 94
55 38
7 90
7 88
128 74
110 137
174 104
91 74
13 161
54 55
34 89
100 99
123 125
195 162
5 23
189 167
34 112
180 155
11 122
127 193
140 113
54 134
139 36
193 118
104 8
86 194
57 141
184 152
147 52
52 180
191 52
119 27
83 60
74 44
44 28
73 83
170 123
29 84
99 103
50 51
60 195
181 44
192 191
191 94
25 182
192 169
60 23
162 63
160 164
175 62
35 182
9 19
22 193
137 16
174 190
45 26
75 42
48 180
39 118
57 68
57 147
48 41
84 126
51 17
104 36
135 58
135 168
52 95
193 91
175 37
123 156
51 172
97 193
149 121
102 65
74 43
101 86
91 31
77 6
109 172
38 106
171 48
65 74
100 77
101 19
135 170
24 14
174 36
194 166
162 148
45 68
96 196
46 43
84 49
54 96
22 134
113 124
116 40
113 123
78 57
93 4
38 133
119 107
197 87
106 161
51 91
80 13
106 142
147 125
157 41
42 26
99 132
153 33
68 25
36 80
158 74
106 172
177 11
51 129
3 180
92 152
85 161
89 104
128 42
15 66
166 42
167 17
143 187
131 4
98 134
81 28
149 25
50 98
70 107
151 5
70 130
124 157
13 123
62 106
127 28
181 93
16 141
12 101
48 169
20 137
186 5
158 42
92 147
169 132
123 17
45 139
164 41
49 183
2 9
72 170
149 8
6 70
121 66
167 19
27 30
6 175
175 75
193 155
87 30
84 87
78 50
51 63
115 132
75 69
16 178
151 78
54 153
145 63
108 122
45 129
192 128
141 14
105 186
18 170
21 173
173 98
70 140
45 70
146 136
89 124
109 132
190 134
188 73
111 98
53 143
187 191
38 46
34 81
31 167
97 41
1 126
15 28
3 54
95 152
164 50
63 159
103 142
47 125
124 178
177 167
161 120
47 126
180 172
60 56
95 138
49 27
9 11
154 21
29 143
45 140
27 81
5 30
106 102
120 77
69 93
80 117
5 18
133 2
133 44
83 23
148 133
75 36
132 135
105 139
18 136
51 160
92 11
73 30
62 176
36 53
11 188
168 8
73 80
89 127
28 76
191 73
88 149
64 96
28 24
26 22
30 81
169 160
20 56
130 63
124 127
180 61
175 65
47 129
162 67
41 162
88 193
12 23
175 66
189 73
146 157
197 165
90 181
66 46
56 72
10 48
29 122
103 175
145 169
74 79
50 160
174 78
181 42
28 79
166 55
79 97
181 138
119 16
188 57
140 106
120 68
131 69
6 19
64 75
28 22
92 188
27 21
84 114
47 118
149 5
175 12
27 52
29 144
170 147
2 179
87 59
168 11
192 106
165 7
181 13
170 54
76 66
119 112
129 93
55 50
124 28
119 42
4 128
33 158
166 56
75 138
43 119
169 88
128 81
193 90
29 142
80 77
193 191
194 40
185 74
111 110
175 64
156 17
160 123
77 15
194 86
81 178
95 117
77 55
48 103
190 128
110 111
2 12
121 146
94 30
21 189
23 122
51 38
8 161
183 42
27 182
102 86
126 135
117 55
46 124
48 42
32 169
53 27
188 20
175 127
151 19
73 84
16 28
104 190
48 115
154 140
112 8
155 183
155 35
107 34
40 54
60 167
27 182
108 124
96 44
101 181
170 175
46 82
120 141
174 139
9 171
77 125
154 6
50 97
181 12
19 42
33 97
169 19
93 194
68 148
125 122
13 6
150 113
102 181
95 4
182 33
91 123
164 98
39 71
70 55
138 34
57 89
120 42
136 157
169 38
46 126
85 114
197 141
136 52
30 94
113 97
12 171
49 126
46 25
50 33
119 29
139 22
74 139
123 135
121 75
192 106
138 135
113 125
119 69
18 19
40 28
12 116
27 178
189 169
31 104
165 188
49 78
167 7
90 153
12 25
50 70
126 54
110 104
80 12
52 127
191 156
5 53
24 6
7 175
33 23
52 55
67 23
86 153
128 38
8 21
138 71
152 16
113 195
76 27
80 16
41 118
83 179
127 78
90 16
190 167
123 104
161 73
150 52
74 44
75 190
26 13
177 62
39 107
3 79
10 125
90 141
158 150
76 8
78 146
27 40
182 65
54 143
194 177
191 49
101 154
97 128
177 90
118 92
89 93
174 189
108 32
87 27
11 117
184 144
130 9
32 106
60 195
130 5
28 150
147 6
100 96
122 146
6 10
16 150
173 40
148 34
148 90
10 49
151 8
107 169
167 97
75 163
99 99
132 2
101 182
7 89
148 143
171 166
138 24
147 51
17 24
106 146
35 64
127 43
138 29
124 125
180 138
102 71
127 51
130 4
28 103
16 176
20 68
4 193
49 38
156 98
9 192
127 60
8 71
95 148
120 52
48 63
178 18
156 139
143 86
174 51
56 69
188 112
118 56
132 133
93 154
58 105
39 189
168 28
70 42
123 178
68 54
36 68
158 66
9 135
82 153
138 6
60 122
51 15
143 61
103 65
12 115
130 111
105 12
143 141
139 51
170 52
102 84
143 177
195 94
57 158
128 43
88 186
93 72
9 47
158 148
112 103
141 169
71 7
187 53
114 188
84 124
27 113
52 54
46 70
68 24
153 49
155 162
141 110
93 11
152 17
47 29
138 112
6 71
5 49
40 25
60 178
164 56
174 162
170 89
104 6
1 79
173 135
134 98
117 150
72 84
11 65
116 150
33 143
178 192
49 47
24 1
167 159
68 86
176 165
192 170
7 66
86 155
3 89
161 83
112 92
85 96
47 53
101 105
167 187
62 158
192 171
15 61
118 110
129 14
71 71
86 115
71 134
10 159
63 22
150 9
190 180
35 89
138 172
94 154
149 124
160 103
150 21
26 13
158 167
168 88
35 88
38 121
53 17
49 36
85 57
58 179
179 1
74 106
110 56
143 103
5 64
66 188
30 192
36 55
136 34
35 180
192 118
156 137
97 97
74 71
75 168
188 173
170 111
40 142
174 191
93 69
51 34
32 87
2 181
98 137
5 156
17 99
160 188
149 11
180 130
15 49
3 182
164 87
122 180
61 60
4 53
171 50
96 162
20 147
136 13
162 71
192 133
36 145
151 24
118 188
27 7
62 58
45 142
60 106
122 75
94 175
174 77
57 143
64 93
3 53
194 55
153 132
28 149
30 6
157 176
91 139
145 145
85 49
191 147
179 113
93 149
16 80
15 97
85 56
155 56
152 12
155 52
42 49
146 39
86 45
25 130
4 178
138 22
52 90
116 28
73 57
10 114
151 77
163 64
31 112
37 40
123 181
164 139
27 34
14 12
86 161
91 170
172 68
113 98
119 18
1 75
68 105
27 74
46 130
42 138
158 49
189 161
103 9
165 185
110 158
192 63
65 72
113 50
139 158
160 110
88 56
126 103
119 52
142 12
194 3
155 174
20 52
76 171
105 180
159 79
81 27
113 88
107 175
186 182
194 169
53 173
155 163
74 57
161 1
81 85
78 159
165 133
90 114
156 91
180 140
14 137
3 65
83 25
150 55
100 113
174 55
88 147
2 91
123 144
57 148
158 121
167 98
24 6
132 69
66 75
119 168
18 110
193 100
168 164
108 55
135 70
2 49
163 118
162 174
161 76
92 114
141 184
107 12
181 57
109 125
143 81
105 134
6 45
12 77
115 164
24 118
18 161
137 79
90 13
14 53
72 70
194 181
175 75
170 178
177 156
25 2
133 45
19 24
138 27
100 97
81 84
171 53
70 43
76 111
172 163
168 134
144 118
20 187
145 78
40 49
28 173
40 69
191 132
152 32
121 64
55 16
147 10
157 74
188 110
73 190
91 33
80 194
56 152
23 124
133 3
119 146
28 99
102 183
196 183
70 54
101 111
140 117
192 49
41 28
16 78
45 128
133 104
54 88
3 87
180 141
141 82
52 6
68 46
35 190
130 176
21 150
105 67
33 173
83 97
137 29
12 192
153 20
76 29
101 88
171 192
131 100
116 44
135 45
146 7
51 92
11 140
72 65
104 158
76 121
172 98
31 110
143 120
162 147
77 121
186 34
123 143
58 119
125 18
36 56
51 160
155 44
123 168
123 41
158 79
34 87
62 44
176 126
104 137
86 74
71 179
167 23
53 157
91 37
5 181
51 129
3 49
183 152
72 157
190 90
124 43
29 88
147 22
92 102
179 170
138 69
179 61
173 5
120 65
68 11
119 135
190 110
68 88
50 33
194 41
104 154
5 192
24 103
152 18
180 153
147 21
121 158
189 18
192 68
108 86
146 8
68 102
59 195
162 139
74 163
88 60
2 165
157 50
78 27
194 93
147 25
116 67
170 125
37 152
129 121
67 98
89 91
145 137
176 125
75 125
194 165
41 188
74 125
137 67
68 188
82 139
105 35
109 182
25 103
171 65
153 183
70 44
17 145
75 134
168 9
50 43
69 52
160 189
38 38
105 148
115 189
7 56
178 11
155 184
91 74
120 162
29 51
88 98
166 43
4 12
143 116
100 189
105 75
89 16
177 110
163 73
131 14
65 143
124 107
12 140
1 91
181 33
49 35
117 52
73 134
105 69
67 74
133 178
63 97
127 161
154 187
146 87
125 88
60 101
87 107
192 94
66 42
186 112
101 9
26 167
97 102
48 168
82 85
30 172
163 130
134 67
39 4
137 152
162 43
88 100
183 167
170 134
72 171
190 184
13 155
76 176
194 173
27 6
191 144
145 62
9 21
95 159
14 122
109 78
132 134
186 119
139 12
171 150
131 67
36 20
70 177
120 189
176 139
60 68
66 149
57 144
134 71
196 165
60 196
25 1
24 114
45 28
21 2
83 166
163 44
176 2
98 88
101 113
194 32
8 31
84 128
77 57
54 53
66 72
167 118
5 42
167 114
187 34
162 73
165 48
14 189
133 125
159 164
58 131
70 136
120 31
24 13
48 183
155 63
107 160
179 53
179 112
35 127
29 33
30 196
74 122
80 75
75 66
163 75
2 47
152 22
145 192
158 165
73 105
20 54
179 111
127 50
110 10
169 56
151 120
94 138
77 4
42 159
15 12
142 104
39 131
67 17
143 154
90 165
55 47
31 183
2 64
75 8
71 107
100 98
126 108
184 120
142 177
25 5
21 162
104 119
37 142
109 92
25 183
82 97
142 106
68 38
188 193
121 24
140 116
96 143
33 98
144 106
72 13
181 41
55 31
176 3
174 16
191 25
28 169
182 152
163 51
77 36
136 79
173 53
98 138
154 188
85 95
46 41
49 115
101 159
159 97
183 128
58 197
88 53
143 39
143 192
20 138
147 87
104 175
49 116
88 83
134 154
121 112
163 32
57 154
38 125
87 127
13 13
95 175
36 146
177 65
120 121
18 160
56 154
161 44
161 147
67 52
39 155
134 151
45 27
180 62
67 55
84 27
71 181
43 118
121 29
142 41
4 59
121 88
110 161
86 107
145 122
86 193
92 176
115 163
3 126
91 129
151 100
13 158
187 72
162 33
106 45
148 100
58 78
35 65
25 182
72 138
76 165
3 89
44 54
24 136
117 146
6 73
164 133
155 87
104 21
15 157
73 36
11 160
76 185
149 34
163 67
33 29
52 10
195 155
110 8
44 14
75 161
114 88
102 6
122 179
123 158
13 28
43 90
115 54
12 100
10 13
137 27
172 101
195 32
158 122
194 53
9 139
24 54
120 107
104 20
48 76
195 30
33 95
175 114
53 152
95 87
92 181
169 166
59 145
67 96
166 149
145 119
88 11
132 132
168 178
164 104
168 27
91 71
164 52
110 48
16 7
75 71
31 143
30 194
191 101
132 120
162 149
168 66
186 179
13 61
27 50
134 56
121 93
42 134
78 149
157 109
65 93
182 105
127 195
80 78
188 49
124 183
118 18
108 12
130 191
141 186
181 183
140 110
63 32
12 96
147 110
176 126
196 173
45 138
130 177
118 145
108 179
61 160
64 94
147 112
106 160
153 56
180 144
26 168
149 71
119 14
31 151
113 135
27 77
176 137
65 46
165 18
169 164
141 137
70 83
99 105
7 45
179 12
124 122
123 120
177 116
87 59
55 33
30 183
69 16
189 105
182 3
170 26
178 79
22 151
104 123
50 41
14 141
62 43
135 166
67 72
83 93
192 33
137 22
28 168
6 166
32 94
139 75
72 64
36 71
49 34
58 164
145 171
153 130
50 36
31 173
78 11
12 97
161 75
192 162
45 83
91 167
87 43
93 70
68 16
104 134
88 150
16 70
141 173
56 31
12 80
32 167
8 63
182 147
118 162
139 72
180 165
179 14
155 180
144 35
176 11
111 7
140 121
179 165
12 8
148 4
150 135
31 142
173 3
153 6
72 68
137 51
73 27
171 39
134 112
43 92
83 76
89 37
8 32
172 40
58 133
155 165
40 159
121 4
134 147
18 188
38 161
41 171
22 137
77 110
76 180
94 64
89 15
173 51
61 167
103 69
89 56
73 16
82 179
185 183
190 15
93 84
53 26
4 164
121 107
106 170
180 76
169 159
141 177
146 169
141 29
162 83
15 100
189 171
49 129
195 101
161 85
59 5
158 50
31 63
179 16
84 93
49 31
17 42
49 103
6 31
24 130
12 79
125 33
119 46
190 3
94 29
82 175
84 7
143 85
151 185
81 176
26 99
13 77
147 73
59 110
148 109
195 184
3 59
6 165
123 183
121 178
179 42
119 17
32 194
87 22
76 139
19 169
28 102
29 160
181 105
74 84
189 97
162 118
135 22
84 110
67 42
4 87
178 183
88 72
172 164
97 96
84 155
170 153
141 12
9 157
54 13
102 68
52 153
116 63
52 31
6 56
54 35
51 118
171 28
31 149
78 25
89 126
122 171
91 93
170 192
101 5
77 79
188 143
56 158
146 41
192 53
105 175
69 97
181 43
176 156
11 10
177 182
191 130
154 132
193 98
33 85
52 141
91 154
190 94
155 158
33 167
163 4
21 57
185 26
125 17
88 81
29 182
21 193
60 78
82 143
57 159
101 178
165 152
80 26
51 52
83 21
191 134
189 76
102 88
94 147
109 178
30 85
27 125
51 35
153 52
162 110
113 111
130 158
163 59
134 166
189 15
180 180
181 66
33 53
77 190
4 81
39 79
140 95
27 177
1 61
59 191
110 54
30 158
108 75
160 42
74 4
85 94
168 23
66 33
2 194
101 89
179 183
35 107
128 9
31 179
118 54
48 182
48 43
26 23
104 29
55 77
146 76
148 144
157 180
97 62
173 141
163 3
129 59
41 117
118 192
97 95
182 63
7 48
139 68
60 123
165 100
67 14
152 119
183 183
39 172
159 133
106 171
86 123
104 49
137 154
108 181
194 71
17 66
72 83
182 57
50 47
88 151
77 64
26 123
107 183
156 192
154 128
150 76
152 102
6 173
105 142
185 32
128 132
94 161
48 193
138 82
44 143
30 167
179 153
194 90
161 166
89 138
68 155
106 69
98 133
107 57
144 141
176 51
100 21
90 187
150 100
196 145
170 138
170 86
120 8
165 75
100 21
102 190
189 94
10 140
176 135
27 119
116 64
131 2
168 68
163 56
58 6
108 163
106 15
180 143
4 74
186 183
102 53
52 145
196 90
50 106
90 94
147 109
107 93
126 134
75 111
170 48
31 62
184 141
37 120
158 120
60 70
9 23
46 83
34 85
178 167
189 88
142 169
188 172
115 51
129 93
146 8
59 169
66 186
161 4
13 192
88 71
50 126
151 12
179 182
5 155
104 159
177 75
130 126
119 75
183 126
119 190
60 179
17 110
50 69
174 123
114 86
27 130
125 87
78 54
64 105
175 18
98 43
173 37
50 194
194 26
10 172
8 189
152 100
136 187
14 6
131 74
113 134
171 27
44 82
27 88
95 153
160 29
164 140
41 121
49 65
108 97
155 31
44 38
33 172
39 80
5 32
143 189
114 148
194 167
94 28
126 193
171 127
179 56
167 96
12 162
170 40
177 138
148 98
76 52
163 1
160 172
94 31
103 31
187 20
189 74
195 26
120 171
13 8
144 105
29 151
171 137
187 193
103 159
35 68
36 12
77 148
27 169
183 171
18 149
154 180
175 123
87 31
3 55
68 186
110 138
180 41
174 192
124 126
170 177
143 142
89 188
139 177
156 130
82 42
129 91
72 87
36 147
153 119
19 147
184 142
32 85
108 29
135 67
162 103
4 10
115 69
71 157
54 33
68 87
150 25
83 56
114 24
155 166
147 74
67 145
76 178
61 62
54 37
167 88
160 76
51 27
93 61
61 179
48 194
175 102
2 158
156 45
115 18
101 157
114 193
90 151
45 63
64 147
59 143
68 156
84 60
109 175
103 148
78 161
105 123
191 18
64 95
32 54
25 119
92 179
56 38
42 25
3 91
172 36
119 138
52 25
18 151
41 90
176 188
115 38
197 144
192 2
76 179
27 184
66 190
117 163
189 64
87 57
49 80
185 36
50 191
120 26
170 27
56 68
96 27
14 139
76 4
76 136
132 111
121 135
75 5
192 50
39 180
101 155
130 2
29 161
131 71
27 87
102 20
18 173
89 32
89 57
83 143
58 8
149 89
28 101
150 71
103 90
158 67
70 138
39 42
93 74
167 56
118 14
188 13
32 110
155 55
91 176
115 19
29 78
110 109
100 5
177 192
171 67
194 184
41 138
95 3
105 144
195 33
67 16
79 125
148 71
159 109
17 34
19 193
7 151
118 31
180 79
33 171
175 53
146 174
57 155
100 124
190 86
115 31
51 33
11 138
155 159
132 148
155 64
18 100
190 173
101 105
157 56
101 89
137 160
161 123
85 93
120 160
117 178
99 102
71 125
11 139
129 195
93 162
93 117
111 108
173 54
24 119
75 106
48 41
150 77
150 51
5 69
7 31
183 166
190 109
67 149
154 52
193 15
123 93
180 194
50 182
20 35
22 138
53 38
71 129
146 12
152 16
91 38
55 148
158 176
128 133
87 127
108 78
8 157
6 65
118 91
27 14
157 85
77 134
73 7
123 88
33 51
99 139
70 16
178 3
43 155
53 95
93 94
12 155
186 77
73 18
6 167
5 164
92 100
6 148
124 159
109 122
22 188
190 20
107 16
141 3
35 20
187 107
76 84
111 112
194 57
13 159
159 187
129 79
104 9
119 77
104 34
36 42
30 97
93 87
153 21
173 127
146 121
20 87
166 100
194 30
35 51
123 127
176 52
18 169
116 16
172 188
58 5
146 29
5 178
153 140
189 107
155 61
173 7
83 83
175 112
84 56
22 93
48 170
140 22
55 48
78 122
97 126
73 186
149 28
15 40
171 135
23 6
58 148
31 194
115 193
125 81
72 179
184 91
71 128
63 158
181 53
173 90
119 169
104 90
10 86
187 119
104 154
80 118
20 145
191 23
107 98
139 5
75 54
40 92
39 142
119 194
118 108
193 49
195 25
28 151
121 20
107 123
48 126
168 69
73 66
67 16
162 141
65 24
100 55
125 79
55 14
143 83
77 83
50 119
158 56
127 132
120 161
174 166
175 92
133 126
139 6
188 105
183 90
90 81
158 147
147 120
53 98
86 21
59 89
123 109
14 54
51 31
18 146
16 66
67 46
191 14
183 196
168 10
146 176
146 143
2 11
16 68
68 56
44 44
57 110
88 10
36 65
48 81
140 58
92 71
101 87
121 108
142 39
53 172
31 126
43 91
2 164
125 32
60 160
8 60
1 90
102 183
35 104
35 183
191 19
154 183
93 13
35 88
30 153
104 22
170 161
31 65
27 16
12 27
180 77
175 188
29 40
132 136
123 44
53 88
134 27
38 158
30 51
71 105
108 45
149 113
177 191
77 17
18 187
103 36
187 106
160 74
48 180
145 36
155 67
79 191
100 169
105 88
30 161
82 154
157 91
58 62
59 77
171 7
93 138
156 16
154 100
16 77
26 113
88 166
141 189
161 103
106 144
77 44
108 93
195 180
62 21
43 1
4 61
92 98
140 3
87 166
119 31
169 151
186 3
79 121
76 12
38 155
57 77
147 38
39 3
112 104
36 52
10 89
166 190
98 99
98 110
139 55
105 183
91 141
93 85
5 98
138 93
70 157
164 152
5 99
95 115
196 92
162 174
105 84
39 77
103 19
6 151
10 155
43 42
82 141
57 197
33 170
104 71
72 177
11 9
42 161
130 122
91 166
95 176
91 182
158 110
106 48
191 5
53 31
164 54
94 32
16 22
31 158
130 6
93 161
150 145
81 141
149 88
195 99
134 151
58 60
153 103
156 132
88 103
145 77
122 120
161 40
75 125
13 28
43 53
194 51
75 135
76 174
106 162
85 118
165 191
74 82
155 41
128 71
27 17
122 86
32 81
59 145
190 97
15 161
33 30
139 160
134 58
115 52
99 124
46 171
155 91
182 61
115 40
62 57
17 179
79 24
152 4
150 147
129 160
158 54
69 15
165 96
18 152
28 49
182 151
47 27
48 70
186 6
14 28
63 130
173 166
91 3
15 24
41 92
105 30
127 61
60 105
14 78
121 79
40 188
106 34
152 188
144 192
188 147
161 86
9 150
89 129
187 29
67 25
123 27
140 133
163 30
143 119
3 65
121 28
21 146
62 41
155 16
106 143
134 161
49 154
50 129
35 125
145 154
69 92
81 74
5 45
191 160
124 34
70 46
109 86
158 104
142 195
171 63
72 103
139 25
145 90
135 52
4 91
121 169
62 46
162 104
87 107
75 79
181 34
74 169
182 103
17 152
178 191
188 34
56 124
77 7
147 90
139 113
42 46
37 147
59 87
131 178
77 41
106 46
6 63
74 13
177 68
178 170
188 129
114 137
101 84
91 114
161 59
64 147
14 126
80 116
97 104
45 127
100 109
122 127
87 38
40 172
32 55
95 151
33 161
46 13
100 135
40 121
61 106
143 34
47 119
91 128
193 193
5 101
79 190
95 141
99 109
108 31
181 181
41 46
161 108
77 40
15 8
10 7
21 187
153 166
163 141
25 13
169 40
41 143
77 42
177 75
161 130
3 47
33 31
149 78
176 103
19 100
118 57
2 182
11 113
91 102
149 125
143 143
168 52
121 47
184 117
76 125
127 108
39 45
93 141
105 36
27 28
189 110
91 94
196 184
50 28
168 55
150 143
18 50
97 88
170 108
138 137
74 136
146 193
184 183
133 112
14 100
31 98
140 81
5 158
48 7
193 119
97 175
25 91
164 85
19 138
159 74
69 107
54 95
123 28
46 194
26 174
54 78
31 66
92 141
25 99
187 105
176 124
144 169
172 187
35 87
110 160
74 66
128 13
189 128
110 30
136 55
114 131
40 41
139 4
129 120
146 72
146 146
173 100
105 146
177 63
79 95
173 89
14 23
114 63
114 24
128 135
149 120
147 100
179 114
121 160
60 73
5 29
147 71
154 9
117 4
73 106
105 154
102 66
68 23
115 29
180 128
80 17
186 180
16 139
27 24
7 98
93 1
27 179
108 177
108 46
172 178
40 23
155 32
73 82
21 24
171 159
88 52
7 29
11 117
67 94
130 135
69 40
91 118
193 119
31 39
18 106
106 123
49 106
39 104
142 110
187 51
154 11
65 173
165 191
50 180
121 68
94 88
185 121
116 42
158 179
105 89
77 161
93 147
169 36
70 56
113 99
183 41
30 178
125 126
30 84
134 148
20 152
82 162
88 194
169 178
138 171
104 148
95 181
12 117
124 106
34 77
32 57
113 92
132 124
54 89
73 56
10 121
56 168
107 78
19 97
36 78
162 41
76 168
111 86
10 120
1 76
159 129
104 86
197 91
60 69
195 86
148 29
131 132
53 179
119 144
145 125
38 112
87 60
72 137
124 103
12 66
78 190
59 148
8 62
114 29
120 127
68 187
152 22
49 105
3 195
187 32
44 14
152 34
86 152
8 70
120 70
5 41
70 102
182 53
79 121
31 106
154 31
170 188
21 158
129 27
65 190
85 127
106 183
83 57
146 137
18 49
81 83
121 135
169 86
68 52
150 136
106 189
129 126
183 142
33 171
160 33
42 117
133 12
127 52
36 159
49 169
10 116
98 105
65 131
136 67
57 131
116 195
106 176
18 179
156 187
93 114
64 145
87 22
136 74
106 55
29 167
190 143
166 146
142 105
84 10
72 136
28 100
52 142
120 144
61 105
46 44
18 102
1 83
136 93
37 67
185 35
133 175
21 55
139 95
77 191
116 29
177 165
21 152
180 183
63 128
164 4
14 110
72 140
168 17
69 95
136 184
23 127
126 121
102 139
108 14
24 21
160 41
109 127
67 75
154 186
67 117
104 166
59 74
47 172
131 104
147 133
152 139
94 84
26 172
74 165
98 113
45 141
141 6
131 91
5 193
91 185
168 49
37 184
51 37
137 187
82 93
38 180
137 4
127 136
180 156
77 80
53 168
183 3
129 63
143 144
79 28
19 160
56 105
120 120
196 141
176 68
106 157
1 81
194 118
102 70
77 13
27 5
56 37
59 142
111 91
55 81
59 104
8 127
43 46
70 40
177 156
20 70
110 124
178 193
82 164
144 146
118 31
73 34
158 180
157 188
130 132
126 132
30 182
101 139
175 111
31 130
144 154
164 70
144 104
122 111
151 21
184 147
113 193
55 54
32 174
106 163
18 54
80 50
146 34
162 123
62 45
115 68
153 10
83 177
161 79
120 146
23 93
154 10
72 180
165 4
138 75
179 124
192 129
118 164
10 122
183 6
181 165
18 34
192 4
17 70
16 138
18 87
84 85
74 8
108 99
187 49
192 101
29 77
29 75
95 62
42 121
27 181
9 147
147 143
17 101
162 105
19 84
135 72
147 113
53 14
197 145
138 113
177 18
62 8
40 27
49 37
87 168
163 53
88 33
104 48
108 119
176 61
193 41
152 33
7 49
133 170
174 98
36 66
98 29
41 139
6 115
168 7
186 30
67 128
90 51
127 80
147 28
62 94
112 112
167 188
110 7
23 130
100 102
35 109
11 7
183 170
105 90
24 16
184 33
149 133
14 7
91 115
31 144
142 81
86 82
99 95
50 47
60 72
18 19
71 16
72 17
52 148
169 63
29 79
159 67
188 19
167 166
18 53
28 177
159 63
123 177
14 77
110 132
28 114
117 165
187 109
27 174
32 145
151 103
188 63
62 60
172 63
98 111
188 110
123 7
45 77
194 160
78 191
19 101
83 77
95 143
28 10
176 15
81 78
58 61
170 127
144 118
102 54
79 94
133 160
140 24
62 177
106 57
84 21
153 156
60 166
83 118
119 57
97 176
54 49
74 123
63 19
108 175
88 165
183 182
19 150
133 14
56 81
40 67
158 60
85 46
110 99
192 34
196 181
65 75
39 192
162 173
76 64
26 10
103 139
190 155
152 105
88 127
121 69
47 78
64 148
122 78
171 153
43 3
51 171
88 8
89 137
138 27
21 171
145 157
104 183
152 137
14 49
156 137
101 22
115 165
66 33
102 68
131 112
86 41
173 140
191 169
68 145
108 123
129 78
120 178
70 88
140 135
102 177
121 70
137 16
6 9
30 179
116 145
161 29
28 173
20 24
103 154
141 136
33 112
125 41
28 126
33 104
196 88
42 142
162 107
144 34
50 179
76 122
144 37
51 90
89 140
38 78
110 32
195 184
144 154
97 74
121 123
1 62
71 127
157 67
68 128
24 100
108 16
190 111
98 28
100 95
179 115
112 97
145 88
140 93
57 191
72 15
16 67
85 164
33 55
120 89
132 147
147 54
194 191
152 21
75 136
76 28
116 18
130 61
141 81
90 37
12 160
192 32
148 147
39 125
173 138
131 13
159 64
58 143
141 133
76 150
57 123
45 140
89 84
58 89
47 129
103 133
181 140
19 173
108 14
56 70
9 175
172 161
144 136
103 132
41 141
107 54
8 64
80 125
111 103
31 74
158 175
15 23
40 46
119 86
137 184
60 165
2 69
18 193
180 44
127 38
84 125
161 3
138 111
1 89
192 131
8 175
161 150
135 18
127 62
75 140
30 8
49 158
124 52
131 136
75 148
182 92
76 17
20 134
104 46
47 173
120 29
142 193
21 161
173 27
128 14
44 68
104 45
2 191
145 120
146 173
114 27
96 140
180 91
138 51
50 169
191 155
3 53
105 118
26 31
6 59
177 183
92 154
123 122
85 27
19 162
46 77
133 43
64 144
166 11
65 23
91 124
52 128
77 180
126 43
5 31
163 70
74 108
189 61
137 44
142 156
17 67
74 27
179 195
86 167
91 165
183 23
93 175
139 184
130 101
95 44
147 22
106 186
62 178
9 22
66 30
9 138
84 161
56 35
145 87
117 180
2 192
91 188
17 176
145 146
86 84
133 75
79 50
182 56
86 23
78 121
113 44
148 73
62 168
127 70
126 133
103 186
71 4
28 116
86 56
57 160
191 184
154 53
47 106
129 80
181 182
36 158
10 88
160 168
35 86
19 65
185 23
182 197
76 55
113 55
19 108
52 98
163 48
177 61
119 19
141 83
27 183
120 190
33 81
32 23
170 28
156 174
194 159
123 103
129 158
84 84
57 72
28 38
48 65
181 130
159 98
9 117
78 51
194 72
69 94
26 32
64 46
110 122
25 93
16 152
81 94
179 194
146 154
185 179
56 73
137 188
141 28
152 163
98 135
69 92
88 99
105 29
76 170
106 145
123 5
132 15
61 23
80 124
81 97
49 104
28 103
133 157
102 148
52 97
164 138
62 7
27 80
170 126
18 39
19 85
17 22
52 168
157 87
152 103
126 72
60 124
149 146
63 33
172 192
54 47
121 181
154 101
111 133
27 38
178 194
66 25
137 3
193 23
67 188
146 90
45 64
93 73
15 53
41 42
59 81
87 194
179 126
23 129
69 181
146 61
136 42
73 8
50 54
118 65
26 177
77 179
75 111
55 51
90 98
90 194
113 51
139 14
70 135
182 90
73 85
154 176
7 100
193 157
181 138
121 77
105 31
29 174
107 158
4 49
169 150
95 114
181 35
185 6
76 169
135 42
49 67
51 98
168 166
120 86
37 125
8 49
189 29
118 191
125 19
39 179
192 172
110 123
98 5
108 56
161 133
40 133
40 145
110 47
2 89
110 31
177 170
94 43
104 7
75 171
6 72
18 171
100 8
184 4
36 13
31 38
147 75
174 165
3 69
164 83
20 193
89 58
123 171
3 63
110 88
136 54
62 173
131 109
85 59
189 90
4 41
166 151
183 3
191 100
130 146
195 53
133 161
60 120
182 124
194 73
190 92
191 143
32 98
109 131
163 83
197 93
51 64
141 52
65 38
147 88
89 92
153 8
167 51
164 100
88 151
184 93
155 49
183 138
48 6
46 76
4 71
76 146
52 194
137 37
37 38
100 134
194 87
69 12
17 106
131 145
139 159
65 25
158 51
164 103
128 61
14 65
51 32
67 118
124 51
150 8
45 13
36 145
52 13
171 54
124 108
138 84
197 142
183 38
101 134
194 38
70 41
195 56
154 139
182 62
21 3
75 70
184 26
15 55
179 191
13 127
160 173
160 175
158 52
194 144
101 85
159 130
122 91
4 182
102 8
76 84
166 74
143 63
27 105
107 102
99 88
28 30
135 71
145 142
97 127
23 128
168 56
127 108
32 67
171 69
52 51
107 92
168 159
106 188
32 56
112 90
3 43
117 193
104 120
71 5
171 123
142 192
130 147
87 56
184 179
144 55
116 27
68 149
59 70
2 87
165 19
191 118
173 123
19 145
15 156
8 49
50 152
154 122
16 69
137 43
9 121
69 88
140 118
154 7
135 51
24 53
65 168
59 176
195 120
24 99
188 74
20 178
171 187
192 132
106 179
127 52
175 39
111 10
156 190
178 116
62 40
171 111
100 54
154 156
58 178
70 69
156 159
38 13
74 134
119 78
114 10
142 155
163 85
197 168
56 74
10 174
148 40
53 25
28 29
101 112
133 123
86 25
73 110
1 64
16 151
10 135
178 114
118 163
36 40
109 77
166 147
72 155
118 193
171 5
169 175
151 119
1 60
161 67
157 178
112 110
196 40
146 71
181 55
33 74
59 56
105 159
193 14
168 177
74 159
49 26
98 44
26 5
28 130
139 51
167 108
180 18
86 162
78 194
10 11
74 51
37 46
154 179
42 38
176 12
107 97
40 91
139 67
106 65
42 158
109 90
174 127
112 40
72 141
52 9
109 49
67 54
150 78
68 126
22 189
5 180
80 143
62 101
154 164
138 83
188 128
105 76
120 168
188 62
20 84
186 19
49 44
149 137
165 24
174 193
179 167
31 160
164 151
115 133
153 158
85 60
8 171
17 102
57 134
97 31
151 25
56 36
118 182
67 39
111 100
14 155
192 13
40 168
195 52
50 10
8 113
85 128
7 87
72 82
125 28
135 43
153 159
43 51
47 10
173 137
118 165
60 170
132 109
39 2
46 28
108 104
183 193
174 76
83 85
2 158
42 90
132 110
125 54
180 154
71 124
180 66
64 72
178 68
169 152
8 88
134 25
171 132
191 71
195 100
10 117
180 150
130 99
31 168
31 81
75 141
187 56
89 56
31 122
37 76
84 50
169 165
134 100
69 11
119 51
63 40
57 125
113 126
187 20
28 74
109 75
123 136
23 123
43 28
117 188
174 141
192 107
130 160
186 29
7 102
196 169
94 44
54 159
107 163
182 106
21 86
164 105
38 134
109 36
151 8
47 194
56 133
103 135
83 161
96 137
143 106
46 129
181 24
67 38
175 135
147 39
110 97
121 65
187 121
165 148
53 183
124 181
100 139
37 68
8 17
40 143
29 38
148 36
173 139
177 13
122 110
86 164
36 21
94 61
154 8
113 125
154 175
180 11
91 37
58 177
110 169
113 54
124 38
178 110
102 179
17 21
13 120
197 92
183 124
4 166
147 35
194 94
177 16
144 121
84 11
60 21
176 92
100 53
27 167
184 92
59 179
175 100
169 19
139 54
21 170
117 147
181 36
100 111
49 25
56 120
143 148
188 167
20 51
79 96
6 29
138 79
161 33
116 163
38 147
99 113
60 74
72 168
95 194
163 129
48 191
113 109
97 88
20 36
55 106
82 176
162 175
164 96
127 25
101 52
101 90
193 5
108 48
50 82
3 158
89 125
184 23
78 26
179 15
156 63
22 147
104 139
68 130
59 8
140 112
2 81
98 102
190 34
138 173
83 140
88 152
103 138
11 6
144 155
60 62
138 186
98 128
60 125
137 84
114 8
26 173
30 142
75 35
56 160
109 138
25 6
63 132
76 189
135 56
33 142
27 79
74 14
86 76
115 15
161 164
137 92
163 59
81 180
163 115
115 195
74 37
158 148
31 41
147 62
142 154
90 142
149 36
54 31
8 151
123 141
13 123
119 195
185 25
3 83
194 193
52 159
132 122
179 106
190 88
53 116
83 59
162 138
9 20
75 50
1 59
47 124
12 172
141 5
56 32
176 155
28 84
133 154
139 14
54 97
146 78
27 53
147 35
130 110
35 57
192 90
25 15
67 93
143 62
184 118
90 12
140 111
127 33
55 54
166 114
8 149
151 188
134 68
87 165
41 152
7 49
31 33
147 31
61 171
77 81
94 149
25 105
167 110
102 147
168 132
192 157
99 137
32 104
28 184
68 103
105 158
90 191
122 20
77 109
36 45
181 107
164 147
78 17
114 146
192 189
108 30
176 63
85 27
115 14
44 39
22 6
63 96
26 34
145 154
150 142
85 53
26 9
38 131
150 137
52 192
145 63
127 160
171 48
57 195
119 93
136 154
87 39
151 122
94 4
187 112
49 159
33 20
49 64
124 44
133 17
182 44
21 51
143 84
146 51
126 38
149 103
189 34
44 51
144 52
170 56
34 75
46 168
91 136
170 132
107 172
190 107
30 180
114 56
191 86
85 12
134 168
180 105
64 103
59 121
108 121
10 41
37 104
23 91
137 75
85 166
83 58
153 162
195 190
191 15
132 104
167 151
88 191
96 41
99 84
129 132
119 47
31 128
78 162
62 19
19 152
27 41
135 169
103 136
61 58
120 56
165 98
36 41
49 68
80 93
143 173
117 181
86 49
31 150
124 40
126 191
171 164
107 159
191 180
114 25
175 104
130 5
28 10
192 162
139 171
15 13
162 119
51 115
60 125
192 53
46 82
89 10
15 39
70 181
98 33
86 124
56 78
191 26
19 34
115 150
130 91
119 55
100 74
112 39
29 41
27 85
42 55
141 24
73 37
28 171
118 149
125 80
150 112
171 6
49 81
44 41
150 53
88 102
48 14
57 119
70 118
133 18
102 14
106 54
104 121
121 125
169 149
4 182
191 2
154 35
123 108
179 128
148 12
73 108
151 4
126 122
180 17
150 72
76 37
127 79
108 98
150 146
82 45
2 193
119 127
30 149
33 172
20 173
153 31
32 20
16 152
10 123
92 181
184 34
14 61
75 65
99 78
132 4
59 58
6 49
109 29
193 32
5 33
128 40
167 160
121 156
146 134
30 179
138 185
30 95
8 90
6 164
7 86
100 188
163 54
133 6
87 168
80 51
118 161
53 155
133 120
139 56
90 148
86 81
162 85
194 23
105 175
192 184
169 17
145 121
194 49
72 102
49 76
19 96
163 120
117 26
54 160
33 145
19 39
40 11
142 80
189 112
32 192
97 27
138 177
10 44
36 57
16 65
84 46
91 72
41 39
28 172
37 71
47 44
188 17
146 10
154 162
41 53
85 96
108 172
131 126
37 126
164 129
90 188
17 36
125 103
56 80
29 193
29 149
152 20
24 102
6 150
79 179
135 154
13 126
104 122
154 88
92 1
67 116
82 193
179 17
28 28
27 51
103 144
181 181
130 3
54 80
196 177
186 33
120 47
94 139
104 186
152 72
95 154
169 28
182 167
16 179
60 194
56 166
22 51
69 102
15 42
46 192
181 167
167 115
61 156
5 12
76 159
93 2
160 32
86 75
171 190
155 85
30 10
67 129
158 178
118 53
161 110
145 141
21 151
56 88
167 111
65 169
66 34
107 77
176 112
18 135
119 188
193 73
66 38
26 30
4 64
36 51
59 109
70 126
148 30
62 6
195 50
54 51
23 125
176 53
194 34
118 109
164 141
71 141
145 34
20 67
36 79
176 123
82 83
10 188
38 171
19 191
181 61
126 81
140 119
149 12
122 141
60 7
168 161
95 118
108 137
24 56
92 118
186 117
7 59
24 57
109 99
172 102
121 168
78 175
54 145
49 190
151 184
134 157
57 13
62 97
24 15
51 125
39 39
74 124
87 167
5 182
159 131
37 119
151 73
153 4
51 10
130 124
51 170
64 149
44 16
190 181
86 60
54 32
4 155
134 24
56 134
19 134
134 148
42 16
57 156
160 30
114 133
30 130
45 29
4 69
70 39
13 80
66 31
74 185
147 103
53 115
73 4
171 134
170 124
95 85
182 23
158 43
120 127
157 174
86 122
55 141
36 54
98 139
46 6
102 19
133 100
182 104
77 37
151 56
194 121
197 88
91 180
96 138
92 76
136 51
155 137
89 74
31 94
155 33
99 87
181 148
164 149
134 104
65 189
140 92
132 112
166 56
119 180
82 44
116 68
119 79
115 194
81 24
106 66
79 57
5 59
67 45
18 178
4 83
178 66
71 139
157 52
86 46
193 68
113 7
68 85
59 125
8 191
192 167
191 17
52 147
7 69
137 45
29 86
136 68
74 12
112 110
91 4
55 105
194 141
81 139
57 134
32 29
92 187
117 161
64 143
174 6
87 40
117 14
192 73
40 94
108 120
119 44
121 67
89 13
50 130
174 126
39 168
79 194
154 90
178 190
158 164
72 86
129 14
91 41
181 169
124 31
171 138
8 117
156 187
73 13
136 29
38 182
60 157
160 187
182 38
60 71
54 179
28 174
179 41
6 114
130 120
172 67
103 30
10 191
16 136
115 191
91 147
42 155
196 38
102 144
132 146
31 123
48 15
126 189
113 137
138 182
123 45
159 105
106 182
3 62
37 154
123 19
125 86
155 43
161 105
73 110
77 165
67 124
23 146
130 112
137 161
70 154
39 117
172 3
169 48
67 147
125 80
176 89
136 151
47 81
41 142
12 24
180 75
87 32
190 101
6 69
64 106
152 139
141 113
35 179
78 189
15 158
59 106
55 110
133 124
83 74
90 154
81 143
11 171
34 21
126 52
135 167
174 5
164 148
51 116
118 8
84 153
19 189
127 31
110 108
185 72
36 69
11 125
154 12
121 19
40 26
48 129
7 55
107 31
130 195
148 20
172 64
26 129
109 181
168 151
122 108
144 51
168 190
157 50
49 103
89 165
84 118
115 192
35 53
98 78
154 48
18 51
8 158
52 51
35 63
71 130
90 180
32 108
100 138
129 136
76 34
75 147
18 138
188 171
77 138
156 65
195 167
40 71
17 23
9 160
95 61
173 104
149 111
141 22
52 33
10 141
99 128
62 158
192 5
158 88
38 192
162 75
119 169
154 166
158 59
18 52
115 131
117 7
188 144
87 124
13 11
10 192
109 176
105 157
83 96
118 93
162 40
111 127
120 157
41 151
41 55
55 143
30 128
117 176
5 66
156 96
166 23
190 147
151 54
46 80
150 28
16 141
32 79
172 99
80 114
54 148
183 129
4 79
4 167
106 56
161 172
155 42
120 188
43 13
176 154
139 169
155 156
40 131
156 48
49 83
123 31
74 83
132 67
30 174
89 102
41 2
68 96
53 92
189 147
132 176
165 187
77 107
174 163
55 55
109 124
131 93
52 8
139 74
149 31
77 146
127 158
97 194
60 79
31 129
98 7
84 128
58 169
59 141
162 121
190 57
16 39
163 49
3 193
35 192
45 76
192 39
106 16
2 180
101 139
186 193
146 148
17 20
164 114
139 158
28 153
155 41
70 137
193 121
92 101
81 86
98 9
85 43
118 150
154 105
112 88
12 6
50 9
4 126
4 129
166 44
2 48
69 14
35 55
10 172
29 80
26 7
191 68
33 87
47 169
161 84
163 103
46 169
189 91
74 107
106 161
165 10
8 116
51 16
48 78
127 103
46 67
150 22
89 136
71 6
139 92
154 137
84 51
175 115
62 62
70 70
176 151
191 128
108 101
14 192
41 29
40 14
153 12
18 23
72 141
118 144
40 55
105 179
12 97
17 84
67 120
75 149
46 173
3 81
34 74
181 144
186 72
36 39
38 162
134 176
94 27
40 38
37 178
171 52
165 131
106 75
125 108
117 68
176 76
101 110
80 28
20 135
24 136
109 87
179 55
105 78
159 96
160 105
110 112
127 159
31 153
172 175
15 160
166 191
52 160
124 20
136 185
63 23
154 51
24 55
4 11
150 50
182 144
111 99
30 98
14 160
31 192
28 122
140 27
167 161
95 161
70 124
6 149
44 16
72 102
112 133
123 26
121 162
90 52
86 127
137 56
39 112
75 185
174 137
174 7
176 98
172 191
155 130
93 151
73 136
139 73
141 23
23 51
72 154
195 41
123 142
91 175
2 10
179 18
104 179
100 125
121 137
72 135
44 25
130 109
166 70
178 75
143 147
192 86
94 159
113 86
95 64
133 152
19 176
91 16
172 177
70 13
21 84
144 122
14 140
58 105
32 112
171 51
123 34
69 130
179 13
105 138
166 41
194 158
109 89
84 108
119 24
57 85
79 189
59 193
135 152
150 21
2 166
185 76
28 179
121 5
37 162
1 87
20 52
27 101
88 194
47 105
182 68
112 91
91 72
114 55
40 66
110 34
56 71
10 113
32 196
65 45
183 194
144 177
13 23
172 123
177 92
125 27
52 146
77 65
166 20
63 91
167 90
78 55
36 70
23 126
185 38
178 189
109 90
51 179
140 169
40 192
103 132
70 119
46 69
10 126
16 137
162 76
183 127
48 119
40 162
197 90
32 177
104 88
12 137
87 24
39 158
141 84
34 22
179 66
161 138
176 170
163 63
80 122
90 182
39 110
30 50
93 92
57 74
38 132
10 124
45 25
37 118
77 35
99 9
36 46
174 31
75 44
104 84
106 159
75 136
168 86
152 71
131 6
11 127
28 74
50 172
19 99
19 32
63 21
59 62
8 159
29 130
60 103
134 28
7 41
98 75
72 139
177 151
48 106
37 153
63 42
5 17
73 134
143 188
193 38
96 193
162 41
49 172
35 23
182 126
24 91
8 174
77 43
127 24
125 74
116 24
84 107
87 71
44 81
40 70
92 149
176 168
186 194
147 12
60 22
8 160
102 21
147 99
67 73
185 34
68 157
91 168
179 172
89 141
178 180
75 4
139 53
118 20
184 143
91 138
44 46
172 166
192 93
36 160
104 46
156 97
83 180
122 112
62 42
102 78
163 116
156 59
62 95
39 143
30 79
28 170
85 155
106 70
72 8
82 74
169 37
50 103
6 44
121 126
189 193
153 99
74 141
11 155
72 107
163 133
184 3
119 7
89 124
162 172
104 187
59 86
3 64
46 191
89 117
56 13
71 64
39 128
189 101
18 24
90 83
30 145
80 121
158 87
4 195
148 28
6 53
35 67
75 137
179 44
154 159
74 29
181 168
3 70
180 67
13 107
134 23
71 83
27 86
2 46
154 86
65 34
43 154
33 96
13 124
122 17
46 172
69 120
104 182
154 5
134 170
139 58
39 106
11 13
58 125
76 175
124 182
17 55
141 176
123 89
170 187
91 32
15 25
129 24
11 137
185 75
173 102
67 98
124 180
169 110
78 178
10 158
150 103
190 56
69 178
89 128
74 168
139 11
162 61
142 121
191 162
138 53
29 30
187 33
55 52
165 23
78 160
189 112
119 126
195 51
53 90
174 161
130 192
104 119
55 160
123 170
96 84
72 28
122 138
64 92
6 11
73 185
176 127
132 9
17 107
123 135
129 61
77 174
51 51
6 66
123 107
188 53
1 155
30 53
188 168
54 152
60 107
14 80
182 192
63 168
187 50
36 38
27 15
100 126
12 157
128 10
103 52
70 139
18 176
88 108
88 188
162 4
187 195
180 65
164 84
30 33
56 123
121 107
89 185
181 142
156 186
50 44
111 122
143 41
154 91
105 77
68 118
15 140
191 145
88 41
168 65
117 55
8 19
124 158
67 186
4 130
111 97
2 130
141 26
52 182
76 141
190 105
118 176
2 126
71 134
104 47
86 192
32 30
157 189
49 69
20 177
164 48
86 44
119 171
65 73
73 71
28 119
119 15
87 10
145 41
33 23
175 193
57 164
137 92
6 23
157 54
192 57
88 82
118 190
109 136
42 159
97 29
175 141
49 156
25 117
39 182
16 26
143 176
24 99
20 176
47 63
84 53
16 55
39 14
35 85
146 170
5 55
101 190
165 56
146 4
10 123
77 140
193 189
165 151
150 144
40 151
32 51
67 95
144 120
75 7
144 148
122 146
155 186
88 49
54 90
184 38
103 34
70 117
192 183
138 73
51 50
143 170
83 75
14 120
150 141
6 117
51 26
114 56
63 34
63 101
63 73
120 87
37 128
20 158
67 11
98 27
126 78
179 156
160 133
132 69
164 40
87 76
149 99
97 103
11 192
189 87
140 53
22 187
31 109
133 112
115 63
120 158
24 52
20 56
174 135
126 70
136 161
132 126
91 126
49 6
113 10
166 148
122 135
182 107
33 168
40 24
58 81
107 45
151 123
139 3
33 57
12 24
170 191
75 30
24 93
195 189
5 19
114 26
72 156
59 5
167 52
92 94
123 106
49 41
156 129
124 120
83 87
53 146
21 159
135 13
114 50
4 165
44 42
12 188
190 50
84 23
36 162
131 4
195 34
16 23
123 32
170 148
67 12
63 20
38 172
139 35
84 9
109 31
121 17
192 87
119 179
196 156
40 142
171 192
175 37
151 187
120 53
171 108
89 149
168 26
27 40
41 51
125 73
191 119
189 77
35 66
171 148
90 118
158 95
46 9
41 120
62 179
146 120
18 36
184 90
50 48
147 55
36 23
51 118
121 18
157 188
189 71
135 44
32 75
122 93
36 104
157 159
7 89
43 25
123 162
31 32
53 148
29 53
95 1
116 66
24 23
109 121
53 13
37 44
9 17
96 41
10 49
22 94
102 175
197 143
41 23
189 92
60 192
56 132
102 142
56 33
86 42
42 4
133 5
32 22
82 43
53 47
128 63
7 42
128 28
195 49
110 159
177 180
183 24
113 108
52 191
146 171
195 161
62 160
186 192
124 17
157 108
70 155
91 76
101 137
132 6
36 44
6 33
136 53
10 6
137 151
49 32
180 78
52 172
162 117
77 135
35 112
77 52
167 20
168 187
156 21
117 195
96 159
2 83
105 33
15 122
30 81
11 63
144 39
42 23
50 63
128 73
133 15
63 74
139 27
138 170
190 156
14 49
40 4
166 96
178 13
142 84
17 35
28 152
172 165
184 121
50 131
136 183
95 147
188 191
53 157
176 18
168 111
14 106
152 163
150 133
102 75
163 175
158 48
148 125
52 31
161 78
195 54
124 156
10 160
77 8
59 88
181 25
194 176
91 98
73 64
38 159
65 145
37 191
58 80
125 42
106 49
129 191
133 4
84 127
47 26
183 125
62 38
118 147
105 34
149 87
59 107
20 34
19 171
139 173
63 30
75 64
8 86
126 43
144 117
163 52
57 70
10 156
186 121
55 152
44 52
11 12
62 91
50 65
40 1
95 163
92 178
103 16
190 29
36 112
3 66
183 192
115 44
133 94
156 188
102 76
56 195
70 141
31 172
90 193
154 177
19 179
48 47
77 50
21 85
161 167
89 116
110 36
164 150
73 55
152 162
177 139
58 7
4 82
156 41
118 194
103 32
41 158
18 159
166 72
142 11
122 178
150 73
8 98
57 87
112 138
61 168
58 59
120 181
136 84
107 36
21 191
60 19
145 39
76 11
80 11
118 26
180 68
124 161
101 19
166 187
162 1
76 57
50 128
67 127
83 142
134 22
126 120
63 75
43 121
177 141
20 160
139 157
133 42
4 66
162 140
179 125
180 64
178 168
172 189
32 158
182 67
91 127
112 131
54 144
74 40
114 64
119 20
193 86
59 197
89 81
54 79
73 12
68 84
77 185
145 89
180 63
22 1
19 169
195 143
51 47
163 62
49 153
120 51
37 40
106 103
184 181
128 195
169 163
132 10
79 56
145 195
5 56
3 71
153 105
6 21
121 120
2 83
152 35
41 4
76 14
134 145
20 171
65 39
56 191
164 174
100 128
188 145
39 1
134 45
178 16
34 23
34 105
192 193
173 164
155 33
166 48
36 125
56 122
69 46
188 72
191 157
82 87
41 131
86 83
4 127
28 167
74 34
83 178
62 169
10 90
57 142
91 39
73 109
185 73
78 56
47 190
47 124
98 124
147 146
20 169
177 64
17 49
147 141
136 24
26 8
67 17
180 192
107 91
180 53
83 181
87 170
52 172
171 109
146 171
23 1
134 74
31 105
49 157
153 123
86 82
41 94
3 12
89 170
163 114
1 65
98 109
147 36
42 24
56 165
91 70
160 67
171 152
182 91
177 136
4 89
102 143
102 145
142 86
95 31
172 190
176 13
170 31
102 13
124 162
173 159
56 123
112 89
117 177
72 4
82 194
188 14
94 142
82 46
31 40
157 76
38 14
174 141
139 35
60 159
32 74
26 28
31 161
67 125
23 95
162 70
136 83
145 173
79 11
158 192
162 87
89 139
139 187
47 76
47 13
23 134
52 92
132 13
96 42
116 39
40 42
74 42
18 70
26 21
15 162
185 32
74 30
100 186
59 108
179 54
14 96
54 34
178 165
103 33
137 158
123 46
77 108
43 91
101 55
98 77
7 117
12 125
74 55
110 29
192 180
116 190
29 79
110 172
120 24
32 179
180 151
179 107
145 124
174 4
50 42
7 75
163 55
51 25
188 134
5 21
46 79
31 107
97 196
33 76
180 197
148 136
72 67
96 161
169 187
98 6
168 63
69 96
52 115
72 108
58 85
30 41
79 52
122 168
102 166
122 141
176 152
191 105
176 89
91 117
4 91
159 168
197 169
108 136
176 135
47 51
111 138
146 133
98 97
46 24
71 84
170 176
87 49
47 48
176 172
84 41
184 119
29 39
117 5
143 195
163 60
183 144
131 75
171 37
113 194
96 64
27 76
24 13
159 103
73 189
186 181
147 104
191 13
154 16
55 141
111 131
177 137
192 41
19 106
46 68
97 193
192 173
137 95
62 131
18 145
122 79
62 93
139 137
90 192
171 147
27 127
110 131
164 99
166 9
97 125
153 157
109 88
157 75
167 186
24 134
174 139
140 177
14 157
157 79
14 190
122 156
14 52
42 162
156 138
44 50
141 86
55 13
53 117
1 63
143 61
195 23
60 80
60 8
132 94
193 2
99 74
136 45
19 158
34 108
71 69
189 49
158 89
75 121
77 11
39 134
90 129
92 138
179 104
157 187
192 105
28 21
112 41
130 193
171 32
181 38
154 128
20 66
50 6
160 141
27 13
182 170
91 125
62 92
106 31
108 15
143 157
179 105
120 57
141 51
169 25
39 191
47 24
130 189
26 119
165 40
179 110
49 155
149 4
91 73
121 170
112 43
48 10
78 24
141 103
13 188
40 51
169 18
129 193
193 89
64 91
64 103
147 61
190 162
144 135
115 190
108 137
36 108
155 66
19 84
144 157
163 67
120 4
86 125
134 101
123 91
94 42
6 100
134 29
110 93
3 76
1 158
114 189
8 66
117 190
52 190
37 127
81 189
82 41
106 147
68 147
92 4
78 174
51 14
125 20
78 147
106 187
18 96
27 122
75 53
3 72
57 146
16 24
8 59
8 147
58 68
12 11
99 86
21 147
120 64
43 2
120 90
8 61
3 178
87 169
68 154
100 187
44 69
31 169
128 158
52 129
14 162
69 42
32 142
43 153
91 75
84 122
50 154
36 14
63 173
89 60
118 16
58 106
31 196
51 89
89 33
31 67
123 169
100 105
95 2
86 7
56 192
102 146
21 22
65 147
111 93
76 30
48 68
100 20
97 177
122 181
93 180
96 141
103 55
101 78
6 74
91 2
104 13
80 24
125 127
62 132
110 49
88 104
41 189
1 80
80 76
51 119
118 55
119 178
74 15
93 75
113 131
82 117
72 29
43 55
114 149
42 13
50 83
72 30
8 125
93 195
77 141
74 111
93 62
97 78
103 67
99 5
14 191
74 16
58 134
41 154
123 87
91 169
108 57
18 42
60 119
54 17
65 171
6 147
76 42
118 68
38 110
131 98
77 176
121 7
94 33
94 196
83 27
42 17
127 107
63 157
118 148
13 125
78 176
76 124
41 1
10 189
58 132
51 131
39 11
115 42
48 190
97 61
130 194
28 33
84 115
15 159
69 154
106 12
72 27
97 33
135 24
34 104
102 5
9 41
1 128
130 190
6 46
101 103
100 75
15 65
3 156
40 53
96 75
55 49
127 59
8 114
86 72
102 167
65 128
94 141
131 12
122 42
72 105
8 100
63 31
20 53
87 12
37 121
78 179
126 50
27 33
100 166
3 73
36 144
25 115
40 170
114 31
82 114
28 32
114 65
55 53
85 41
132 75
123 20
56 167
21 21
53 156
81 181
117 29
29 159
130 98
87 11
114 195
81 25
26 182
39 184
112 108
28 23
28 41
50 95
130 60
83 94
88 170
77 84
105 137
123 92
122 4
25 94
52 179
94 140
42 151
53 170
56 131
101 179
83 155
48 53
3 61
18 84
100 136
15 51
113 52
75 67
97 44
24 22
127 104
106 175
10 46
25 21
63 44
56 125
116 25
128 72
11 8
18 97
37 192
103 146
3 9
73 5
89 118
29 49
97 84
9 90
110 57
14 13
47 117
32 89
88 75
125 78
26 33
121 27
28 118
119 176
42 132
56 121
75 139
134 109
130 103
53 119
125 24
77 186
112 44
121 171
52 38
81 26
95 193
20 69
8 41
127 34
119 76
34 62
124 41
60 176
101 177
82 181
31 30
49 10
28 88
105 132
83 141
50 76
49 70
17 97
89 31
31 34
128 162
62 61
40 134
127 191
54 38
60 156
70 156
105 190
21 5
88 40
134 13
40 68
93 152
94 118
77 159
96 142
77 139
67 53
73 139
121 136
96 175
59 147
113 38
111 102
2 61
119 28
130 178
2 178
75 51
56 169
109 158
114 44
17 25
91 137
100 190
120 138
72 88
131 72
132 91
5 194
86 163
60 197
104 118
17 65
90 147
39 144
104 176
8 29
134 178
52 183
120 93
37 189
122 106
111 136
40 93
109 102
10 175
36 43
14 79
111 88
73 81
46 66
97 64
96 61
30 88
80 142
90 104
123 43
131 68
94 1
70 128
82 118
73 107
101 109
28 53
91 42
108 36
114 30
127 189
93 12
92 69
5 179
122 8
126 190
14 127
107 118
56 156
9 149
104 5
5 74
8 192
129 9
84 123
82 161
89 53
22 95
6 60
67 119
134 26
6 98
92 177
44 40
48 44
10 43
24 124
57 81
108 87
71 13
52 156
130 148
121 127
46 42
24 137
119 145
15 67
86 12
88 101
48 9
96 88
40 90
90 138
80 141
79 17
130 94
95 116
119 30
25 4
41 134
6 171
58 74
54 182
17 51
66 93
90 136
16 142
39 154
49 55
108 158
24 105
83 152
68 146
119 67
90 30
133 145
43 117
106 118
15 136
21 87
59 105
94 152
126 34
112 87
84 12
130 136
109 180
44 55
132 145
107 75
14 8
10 45
125 43
134 14
32 33
104 52
5 102
102 74
92 185
54 156
69 56
57 121
102 134
62 96
43 40
37 188
92 186
27 99
75 146
2 42
75 37
17 40
12 95
124 93
105 155
116 188
97 98
72 106
40 132
95 180
94 193
110 110
24 101
7 149
7 76
96 78
90 42
94 114
64 132
74 171
61 169
10 162
4 80
69 177
61 172
12 127
93 150
81 194
128 41
69 13
114 87
89 100
48 172
88 124
117 8
122 47
84 166
102 22
51 76
128 12
46 64
40 161
15 6
51 65
100 133
53 141
9 188
73 187
53 118
26 184
46 63
123 138
16 106
65 32
52 47
27 75
9 13
38 80
109 97
60 20
87 69
2 43
34 80
83 175
93 15
77 188
36 184
87 84
115 188
135 27
132 73
134 42
66 32
8 172
62 128
80 139
108 13
52 126
104 167
61 5
51 88
9 43
23 138
93 88
58 141
60 121
131 94
17 98
1 82
65 22
5 9
93 91
24 138
21 6
61 170
124 160
42 92
40 144
25 17
19 40
43 138
64 146
68 92
124 123
93 118
42 141
73 141
40 12
101 186
125 71
21 145
129 92
56 193
91 40
59 146
24 116
33 174
9 125
104 19
71 177
8 33
38 178
123 86
90 50
2 59
35 181
26 130
125 38
14 99
125 120
47 70
46 170
85 21
102 16
60 77
121 8
74 161
28 115
102 90
123 105
82 190
16 177
30 177
123 160
51 36
18 134
12 78
88 42
39 66
29 196
118 178
78 150
42 160
37 117
117 179
30 30
101 180
64 104
50 25
100 52
32 78
20 33
130 104
124 179
112 86
107 49
134 110
49 119
109 169
92 74
31 96
101 176
90 91
41 38
47 83
33 169
115 20
47 65
34 65
18 147
6 116
55 109
110 33
21 138
47 167
27 39
100 6
106 68
51 106
29 10
20 57
87 23
119 147
17 19
102 77
79 13
124 54
3 164
105 32
21 169
69 83
120 79
88 110
100 137
70 38
6 61
22 190
117 145
133 93
16 25
8 30
122 44
89 98
48 181
23 147
55 134
20 162
115 26
122 43
36 161
75 68
31 127
16 42
115 55
45 125
98 136
118 189
32 86
52 96
93 115
37 155
88 12
68 144
31 125
92 99
133 151
113 138
85 97
17 100
82 189
14 50
68 93
132 166
99 97
50 115
108 33
81 114
3 41
86 50
131 73
33 33
78 125
88 74
10 161
59 167
116 43
110 102
101 156
54 146
31 184
128 136
88 69
37 112
100 168
129 189
76 71
12 61
31 145
134 57
116 26
14 11
86 116
82 76
113 40
86 108
47 127
91 69
77 82
76 190
28 123
16 6
117 20
73 168
128 160
34 79
18 189
52 36
15 80
114 69
53 28
69 116
119 91
84 152
68 120
103 190
132 167
5 71
103 134
69 180
19 110
91 149
20 179
1 88
124 39
86 71
132 175
30 76
132 14
13 101
36 111
108 103
9 18
62 23
5 167
3 45
65 188
14 97
42 1
24 24
8 190
36 182
95 182
86 110
80 15
76 50
115 16
134 177
89 152
32 62
104 169
130 102
126 136
133 158
48 13
13 162
25 92
90 84
78 28
55 107
88 185
38 188
28 129
133 166
96 43
53 36
56 197
57 193
52 193
127 54
124 88
23 57
21 149
134 103
71 106
17 53
88 70
116 30
18 150
39 78
77 187
112 99
75 57
101 132
113 110
28 182
87 41
106 158
29 76
98 126
18 162
101 183
127 81
112 127
24 4
63 46
2 74
96 77
82 78
64 128
50 55
35 191
102 15
60 104
73 171
9 49
4 90
133 16
28 105
106 13
97 99
87 33
15 155
91 91
37 80
6 64
115 17
124 92
117 182
12 120
15 41
127 63
72 18
122 122
109 45
61 56
114 150
68 17
102 159
47 6
54 181
49 179
6 174
117 31
20 65
75 165
38 66
8 162
82 115
133 98
48 17
56 196
52 88
67 97
60 164
35 108
62 170
64 38
51 173
12 191
19 86
102 132
100 19
51 194
116 52
51 174
39 111
108 34
28 5
64 101
19 187
134 15
90 11
46 17
28 113
21 172
64 168
94 41
30 184
128 24
9 12
81 93
21 1
22 92
90 49
23 145
89 30
13 97
70 45
34 57
126 31
40 155
3 191
54 183
58 77
56 119
119 8
94 143
26 169
82 191
12 174
105 49
43 93
72 169
58 146
116 38
95 29
54 91
9 162
19 36
87 81
73 35
8 101
118 107
64 173
77 111
119 65
56 143
33 94
25 184
108 183
26 178
133 102
90 69
84 117
110 127
116 65
95 195
82 166
36 76
76 148
105 71
59 168
127 74
20 32
36 178
85 152
70 71
66 21
90 124
69 54
33 35
16 110
54 141
129 26
104 168
26 24
124 177
20 19
110 9
66 41
104 15
67 126
29 184
31 31
33 32
122 183
118 52
17 87
98 31
47 25
33 62
98 42
106 67
89 42
119 66
90 74
2 44
75 40
133 153
24 122
86 166
40 158
108 171
36 77
68 106
49 63
36 192
126 28
14 9
122 76
55 146
119 45
30 122
87 164
118 24
38 151
132 98
30 124
27 180
68 13
30 126
101 175
64 102
13 157
96 160
17 85
90 33
132 178
35 184
88 153
65 132
4 56
124 50
24 17
48 55
80 115
63 93
12 175
7 61
120 145
105 178
46 14
95 88
6 12
86 27
57 169
5 191
12 98
65 30
38 76
110 86
65 21
66 23
52 119
87 110
48 51
56 110
88 154
6 17
123 145
110 136
110 163
93 93
62 129
48 167
100 22
59 123
34 78
88 192
119 70
38 170
20 55
57 153
16 27
61 8
105 160
10 87
105 65
2 76
1 156
108 118
59 119
114 7
13 108
101 102
45 17
7 113
113 122
50 78
9 136
67 13
108 49
41 49
89 115
113 136
39 181
89 142
30 86
107 122
75 159
52 152
34 20
44 83
18 65
65 96
86 117
49 118
95 179
105 135
64 30
95 149
57 16
119 181
31 171
2 167
129 162
34 66
98 95
108 100
16 64
29 177
37 14
122 107
28 104
52 169
51 104
110 162
110 135
24 5
7 54
14 55
128 78
113 133
86 43
61 21
4 180
85 42
69 44
39 109
131 92
29 194
130 161
97 85
108 169
76 16
109 123
110 46
71 88
11 64
121 26
33 79
114 138
120 54
25 113
50 7
96 182
1 127
18 32
103 22
28 117
48 49
102 189
90 185
54 133
134 146
121 31
36 67
78 165
93 76
10 137
77 5
25 101
87 25
39 147
54 132
126 194
108 170
131 70
14 138
29 195
97 63
112 42
2 70
70 116
17 109
123 137
75 34
88 30
11 62
80 123
26 126
120 75
117 6
119 177
51 55
110 171
41 169
67 15
52 144
46 30
109 91
69 98
104 54
119 25
116 55
6 76
50 156
132 11
72 85
51 28
18 137
115 161
21 19
132 170
7 71
41 155
45 30
102 55
130 100
126 24
104 31
77 163
31 177