19 96
122 180
51 50
46 16
107 172
97 176
71 107
27 179
56 35
158 147
196 88
168 66
27 24
91 37
168 10
93 61
84 23
12 23
36 12
7 42
106 172
5 20
13 188
159 74
143 195
87 57
162 110
54 180
32 30
114 10
131 13
133 75
167 111
192 87
120 65
73 55
85 43
11 12
124 124
18 158
190 94
130 158
194 72
186 105
25 3
115 133
70 140
158 50
99 103
31 143
86 75
48 129
128 59
189 88
74 55
83 23
178 192
174 127
167 160
47 172
89 170
115 63
120 4
40 24
194 71
62 56
152 16
28 179
93 94
10 120
189 49
54 88
13 95
90 186
168 11
162 106
160 175
109 93
133 175
119 190
193 193
191 17
176 155
154 48
158 164
158 52
24 13
39 182
27 177
17 107
27 7
88 83
179 61
41 171
169 17
102 69
138 58
188 132
193 189
123 42
191 24
167 114
37 153
190 184
70 126
41 118
113 194
167 52
89 127
147 52
186 181
123 90
29 79
81 74
180 155
162 105
180 154
13 23
28 169
105 123
38 108
77 134
190 180
67 42
153 128
50 9
144 143
124 180
186 180
40 42
63 22
184 34
192 86
37 125
46 82
36 160
61 160
177 180
97 105
63 168
59 107
39 38
119 18
28 174
156 18
190 167
5 192
61 158
100 8
116 20
57 154
9 86
190 50
100 125
18 172
158 48
76 12
107 57
147 37
176 127
191 19
194 49
138 171
76 189
91 3
11 171
105 157
167 189
170 127
30 172
148 12
27 167
174 160
74 18
60 192
37 142
130 147
154 164
144 177
74 160
147 22
99 78
190 72
28 76
121 93
162 83
29 81
139 13
58 6
39 180
97 95
35 86
171 136
58 148
156 65
102 145
2 158
149 34
175 16
144 177
97 87
121 162
68 128
52 145
45 25
167 185
172 98
164 84
11 63
57 142
28 126
63 38
121 108
185 73
116 28
167 136
95 148
121 42
173 52
61 173
94 147
131 67
176 123
104 65
126 52
23 91
98 74
24 114
120 55
33 51
170 30
136 83
116 31
148 29
176 3
127 51
36 147
20 70
186 19
134 45
171 6
23 134
19 19
13 100
94 163
161 133
194 2
17 36
73 84
91 152
43 4
178 151
81 177
66 75
91 114
114 28
130 124
99 105
89 91
49 154
145 63
173 127
133 92
72 178
51 16
49 64
189 192
53 179
71 141
71 83
32 112
54 145
110 35
110 132
170 52
139 68
191 73
150 9
129 122
85 166
119 144
188 73
22 93
41 141
11 157
192 162
193 120
16 97
130 159
142 86
16 140
164 4
123 104
18 55
68 118
49 105
155 34
45 126
95 4
131 126
35 87
58 125
21 84
154 35
46 24
99 111
12 114
12 8
137 22
105 146
181 181
17 99
138 177
158 88
5 164
72 171
83 41
192 105
73 64
182 197
2 47
41 39
90 182
165 185
3 87
21 160
58 110
106 148
156 43
32 23
144 104
7 56
91 71
54 80
51 171
62 45
135 72
119 15
16 79
37 147
40 55
139 6
194 141
28 177
175 115
165 148
137 92
181 33
84 124
84 10
154 187
152 4
93 194
121 25
188 55
183 93
32 145
27 80
73 18
138 110
3 89
95 152
67 55
27 53
181 153
141 186
111 98
62 158
144 169
76 174
113 44
159 129
163 53
185 36
139 54
145 169
180 41
75 44
15 162
113 195
130 193
170 191
100 189
164 141
152 121
119 78
40 146
175 61
134 100
133 124
95 41
74 28
80 97
149 78
29 88
51 26
190 4
82 42
104 36
91 175
192 169
148 144
65 169
5 21
158 166
92 100
63 96
136 53
164 104
180 53
137 37
133 67
46 167
105 156
43 92
187 33
105 179
176 124
156 188
128 132
98 124
59 142
140 121
150 136
153 132
40 131
50 128
36 79
124 106
55 48
70 40
52 174
154 162
90 165
190 90
77 180
46 169
118 53
71 136
143 192
191 162
26 171
52 194
101 9
102 168
27 183
112 39
102 52
166 148
91 141
106 183
5 182
143 120
171 159
111 108
141 26
103 29
105 154
80 14
170 175
59 176
121 65
57 197
175 104
39 1
194 41
162 129
12 155
156 96
74 123
51 52
5 180
7 41
172 177
3 47
165 100
70 139
162 85
1 87
121 79
101 139
27 50
12 162
85 107
120 160
83 57
181 26
143 183
29 142
25 13
183 167
77 17
188 34
120 89
95 44
88 167
105 186
135 160
52 7
191 49
146 141
72 137
171 127
176 188
44 49
13 161
39 104
12 116
169 38
160 29
45 130
41 151
91 38
194 87
159 67
195 193
191 23
31 106
70 102
102 70
15 66
137 84
154 6
30 7
186 77
6 69
33 161
5 17
6 21
45 141
6 45
59 5
130 135
61 106
116 44
87 37
80 16
118 181
133 178
135 56
180 77
33 96
60 167
114 50
188 168
95 181
45 63
179 126
95 137
74 168
83 180
31 112
26 6
117 4
56 166
52 51
21 57
171 28
154 90
123 26
2 12
27 184
99 88
52 153
100 132
171 151
166 55
53 160
18 23
194 32
153 20
23 53
5 30
152 32
186 6
126 78
88 33
121 25
178 110
5 193
50 127
117 146
75 111
116 161
15 8
169 65
107 12
187 56
110 99
67 127
54 159
26 173
172 63
26 174
106 78
3 55
177 65
124 162
125 28
48 119
87 10
21 161
119 68
48 14
72 13
14 64
67 25
31 142
91 92
14 110
30 180
182 67
108 175
154 122
58 197
78 178
171 108
34 21
39 107
5 41
129 191
106 29
37 128
73 79
33 98
123 8
110 160
42 134
76 52
56 78
91 125
151 184
179 165
79 56
100 111
1 75
22 151
179 129
183 142
85 59
102 179
169 165
192 41
72 14
8 70
119 137
163 44
180 64
29 84
85 94
125 34
171 51
183 194
142 183
148 136
106 16
118 111
65 72
103 32
91 127
31 126
86 44
157 87
161 103
91 102
124 121
4 59
91 32
9 45
94 139
103 36
124 107
134 104
5 178
185 6
145 137
197 86
150 143
89 94
86 107
168 49
180 105
18 100
60 6
137 154
48 193
158 56
106 31
123 127
114 88
197 92
192 57
137 75
10 140
138 51
76 165
56 89
12 25
56 72
125 108
63 33
58 133
152 31
180 156
48 42
165 56
169 56
137 29
67 95
179 195
139 11
109 125
157 188
22 138
32 192
114 27
88 187
7 53
149 28
48 180
190 111
123 136
4 81
182 23
58 143
130 3
65 143
192 94
36 158
11 66
59 56
51 63
135 35
141 14
132 135
170 176
160 141
75 65
42 90
60 68
163 109
131 100
135 157
82 93
170 26
124 182
167 97
21 187
24 1
25 117
46 124
75 69
36 39
126 132
50 10
114 148
2 87
15 100
45 138
65 145
131 120
28 49
126 121
188 128
91 73
31 194
72 179
68 88
98 109
107 78
62 130
93 3
187 107
157 109
98 110
181 140
75 70
89 57
120 87
180 63
12 173
54 142
63 23
194 34
49 152
152 163
195 119
49 35
147 61
33 104
178 183
32 108
54 95
183 38
36 53
118 146
113 112
106 69
22 152
28 29
79 95
128 40
161 141
80 26
71 6
181 165
182 65
181 168
146 30
158 176
161 147
108 93
125 27
56 132
40 46
155 186
33 74
15 160
157 52
56 124
137 160
104 132
22 91
88 147
121 107
133 100
5 29
77 150
164 114
192 132
189 74
172 27
63 75
109 163
74 64
98 112
56 88
75 147
135 22
188 13
191 13
104 142
72 135
194 90
163 29
145 146
122 171
31 128
120 156
21 171
74 44
150 72
147 51
21 3
67 52
39 170
134 175
93 149
84 87
115 189
49 36
9 171
112 92
157 187
85 57
105 134
179 17
53 143
113 111
115 65
90 53
35 179
163 49
70 117
27 181
151 24
62 168
127 52
64 95
146 173
142 105
138 176
14 6
176 116
46 173
145 36
121 169
161 86
58 5
31 62
46 130
133 161
120 56
166 187
75 55
8 86
121 126
167 108
110 109
60 123
179 113
182 38
89 136
119 17
2 130
32 193
58 119
86 73
21 4
127 161
97 88
18 152
38 180
43 90
144 135
10 47
136 93
34 75
121 69
151 77
15 12
163 48
177 137
7 87
55 51
33 144
190 53
43 17
111 103
175 135
14 52
48 15
101 105
42 25
103 5
192 170
30 145
22 1
109 36
37 178
76 111
28 21
32 55
67 12
180 144
146 122
31 153
171 186
159 192
81 97
152 137
54 97
103 71
86 193
5 59
59 72
95 27
161 130
181 42
86 23
76 146
157 91
6 71
142 187
103 159
63 106
156 61
113 56
31 35
76 150
147 89
101 104
103 166
106 186
37 119
1 64
136 28
89 117
74 8
109 183
132 176
68 124
121 91
190 30
90 129
172 64
29 182
98 128
95 177
151 11
36 44
110 170
130 132
51 190
95 159
58 5
53 25
183 90
31 66
167 17
109 76
40 4
141 189
97 124
186 117
62 93
44 42
61 23
9 148
190 56
8 88
53 88
58 107
30 98
22 189
123 93
51 169
90 12
51 160
149 12
107 93
80 140
105 175
167 109
40 91
47 126
117 161
145 41
149 133
120 181
5 18
41 120
102 142
87 127
121 70
118 164
19 176
172 66
196 145
60 120
107 36
4 87
160 133
81 118
19 97
154 91
155 162
188 61
90 192
36 112
56 36
186 195
193 2
192 73
193 38
44 38
12 188
50 131
172 99
27 41
20 160
155 91
33 55
176 172
89 11
181 130
32 177
42 46
52 141
104 137
109 175
155 60
139 184
60 178
86 164
5 22
74 165
166 74
105 90
2 79
88 98
53 172
72 180
4 64
130 61
67 16
140 187
177 182
172 5
186 3
119 171
137 3
94 180
62 97
73 188
154 121
50 193
133 15
76 66
9 138
49 41
197 175
49 160
119 4
82 74
110 56
191 94
92 103
178 13
127 43
5 101
32 96
142 39
138 186
70 179
190 156
34 74
144 52
102 71
75 30
123 144
178 167
176 151
70 134
109 177
58 60
75 7
45 129
71 85
178 165
41 170
77 138
84 85
93 138
1 83
67 125
188 74
43 118
121 170
17 84
89 92
124 161
57 191
117 163
67 93
75 137
90 194
171 132
170 147
88 73
127 31
160 42
22 193
79 93
162 1
192 129
43 155
119 42
187 54
85 128
95 1
62 21
188 147
138 135
163 115
115 18
130 99
73 69
32 29
91 139
178 170
147 31
195 141
73 4
132 122
27 38
4 49
149 99
88 49
20 176
104 12
134 24
60 194
104 49
108 163
55 47
43 44
20 24
117 65
109 178
135 71
53 152
77 185
57 134
147 112
74 124
83 178
56 13
26 28
82 152
51 91
151 188
123 178
60 160
180 11
72 141
31 123
139 113
133 175
32 53
106 103
31 161
89 149
71 125
31 159
190 112
8 71
14 80
22 137
137 16
190 173
3 81
118 162
108 29
191 16
103 136
192 118
188 16
163 109
40 52
49 126
43 51
101 155
9 47
167 56
31 63
73 27
61 156
103 175
80 118
102 137
180 76
119 5
128 13
77 80
141 24
87 57
47 53
108 97
68 130
104 123
189 71
150 135
132 120
131 148
78 26
74 169
77 42
45 124
35 182
68 87
119 107
188 77
151 12
60 73
63 159
134 74
102 143
55 50
16 65
51 38
115 31
9 20
27 105
16 80
67 75
30 194
144 64
105 118
171 32
15 77
144 64
6 29
31 172
42 133
145 89
21 53
152 34
113 92
90 94
183 42
169 175
118 182
186 33
6 151
50 65
109 89
105 142
55 52
88 127
23 127
181 105
112 43
181 183
119 143
100 95
6 150
135 51
81 141
17 32
86 154
53 148
24 118
151 19
38 14
186 29
38 155
10 90
98 111
11 175
36 159
102 154
181 38
116 42
191 145
196 92
68 38
51 64
127 106
6 175
45 127
104 189
118 176
56 73
186 191
177 64
195 56
113 124
4 126
58 178
148 134
139 58
13 8
101 113
189 101
187 106
191 64
163 85
103 84
109 86
153 33
83 74
148 36
101 178
132 133
41 143
76 55
183 128
129 124
193 30
155 56
121 135
144 155
55 31
103 29
197 91
136 34
57 155
37 152
49 78
179 172
138 111
43 25
98 102
54 77
15 24
126 135
27 84
15 110
71 102
88 13
113 42
30 192
132 109
104 119
96 27
27 28
80 122
119 127
115 51
183 144
77 13
18 36
160 174
135 170
102 144
91 185
193 13
39 125
21 151
59 62
23 125
108 101
158 90
60 19
148 120
177 75
8 127
151 25
171 166
80 77
153 6
186 5
181 41
5 31
166 146
165 75
119 135
51 35
82 87
154 88
29 167
66 96
132 67
59 141
108 48
59 104
21 162
91 136
50 103
152 119
158 43
119 14
67 42
184 179
139 159
116 145
87 7
83 143
7 55
102 177
105 138
195 120
65 173
168 176
163 103
3 70
130 195
142 121
34 108
160 148
192 173
122 179
108 99
83 77
156 17
176 68
81 94
90 152
53 169
69 181
149 11
48 65
71 65
85 93
189 167
120 127
120 162
53 171
47 27
115 68
60 81
121 137
91 16
28 28
147 73
23 55
37 71
14 96
32 74
108 120
180 151
142 40
49 44
41 90
8 157
163 172
146 39
130 177
111 104
54 81
19 162
176 110
30 38
176 125
197 87
62 42
138 95
106 159
63 42
47 54
130 110
115 163
67 118
47 24
1 61
94 159
29 53
161 4
172 186
118 110
179 183
69 11
191 144
62 39
125 122
52 128
44 28
9 21
50 51
162 123
14 189
132 132
174 123
95 61
29 149
86 82
63 128
77 37
52 130
169 28
74 12
30 174
59 108
182 62
195 99
120 68
194 173
144 117
54 131
26 172
141 23
77 66
119 188
138 69
108 124
50 191
121 158
68 54
14 95
79 94
180 90
60 71
172 101
149 88
137 17
168 178
51 6
7 117
10 159
14 78
166 11
141 53
190 86
163 54
130 2
147 113
74 159
38 11
121 122
83 46
40 141
187 112
154 33
137 45
180 62
35 65
134 102
113 193
118 112
119 194
62 60
98 134
57 87
101 110
169 178
136 42
110 32
186 192
162 72
107 98
92 149
189 161
195 34
27 49
89 12
16 178
37 67
120 91
58 80
102 75
123 7
174 92
146 34
137 79
39 80
171 65
86 114
67 129
98 139
70 155
84 25
190 155
192 2
59 164
135 169
15 64
158 180
180 66
44 81
89 125
138 157
112 103
68 84
90 16
38 78
69 102
173 51
109 54
145 177
13 123
26 105
6 10
26 167
139 92
60 5
94 61
80 114
91 168
91 74
119 20
182 103
118 163
121 17
105 31
101 86
51 179
182 138
18 70
121 29
55 106
159 130
23 1
176 63
110 48
187 51
187 119
186 117
20 158
31 179
168 187
11 135
21 152
72 64
84 155
61 179
104 148
50 42
149 31
177 61
70 118
150 77
15 157
2 179
171 7
172 40
169 132
136 27
75 106
110 158
87 124
168 7
191 53
138 83
28 24
47 124
174 17
142 195
18 110
150 103
115 191
74 139
191 52
60 22
16 28
154 174
47 194
4 79
192 34
158 79
95 178
12 113
26 168
109 76
126 122
55 141
72 137
126 74
163 60
94 31
6 49
90 148
21 85
13 159
18 53
71 127
127 79
140 93
16 23
95 141
120 8
63 72
74 27
91 154
19 32
26 170
6 114
168 161
23 93
59 191
147 39
59 68
157 180
98 78
36 42
8 113
131 112
110 104
17 20
49 80
123 120
176 61
77 83
90 123
159 62
101 85
26 99
137 43
138 134
86 40
118 145
102 88
109 138
170 40
55 17
155 31
62 57
126 192
142 80
62 44
128 81
75 138
135 56
10 141
160 150
179 13
127 70
131 9
13 192
48 6
98 133
69 15
89 56
34 111
149 36
88 8
32 179
102 139
42 162
155 87
47 115
153 52
30 10
189 77
45 13
81 179
42 55
104 22
160 31
19 173
130 133
168 132
58 61
75 140
162 41
181 169
182 63
108 54
87 27
71 126
100 124
170 124
107 16
138 29
12 155
70 52
35 67
159 187
194 40
93 196
47 26
171 152
113 134
79 191
6 172
60 105
17 23
168 8
86 46
109 132
74 160
54 90
6 173
141 137
146 120
10 88
157 97
25 183
5 19
86 109
27 10
30 96
163 3
2 180
39 178
21 189
190 162
152 100
32 104
13 77
143 143
147 104
77 15
127 38
118 144
65 45
55 16
197 167
155 63
13 160
183 3
193 191
119 79
121 126
195 100
127 72
49 153
191 26
152 138
184 121
91 1
46 194
29 144
118 54
129 126
89 93
174 192
74 29
20 66
4 74
146 71
121 75
184 152
152 12
172 163
196 86
125 81
120 188
184 23
3 79
122 135
30 169
77 52
165 40
27 182
17 22
76 170
55 143
29 172
170 192
32 77
53 143
85 27
15 25
75 69
93 84
140 84
79 11
27 178
127 136
52 131
172 126
190 31
147 141
191 184
1 130
169 150
46 171
171 111
163 83
123 103
120 47
32 178
16 39
98 77
146 136
46 41
140 27
79 52
59 169
161 105
174 104
82 74
163 1
68 21
159 133
18 24
175 65
67 46
17 110
50 119
182 152
118 188
168 148
190 92
174 51
23 128
168 111
168 26
14 66
105 144
163 118
15 109
95 118
47 55
151 187
158 86
81 27
155 41
50 6
4 178
111 133
179 130
44 138
192 180
120 144
8 126
181 167
113 137
126 72
154 180
56 133
50 31
19 34
37 162
136 74
106 176
161 73
174 190
187 105
160 41
69 97
147 90
193 49
188 110
109 31
5 61
145 78
7 69
1 62
66 33
102 147
102 6
104 29
13 11
22 145
94 44
113 51
137 24
69 92
82 85
73 71
153 19
60 193
36 56
155 42
94 64
20 193
1 60
69 14
176 170
171 54
193 57
101 55
166 42
39 121
60 7
168 148
121 178
48 194
194 162
49 129
129 24
75 125
120 51
58 62
62 94
134 68
182 3
3 59
176 101
59 121
67 73
140 81
6 165
140 135
138 53
140 24
38 184
26 34
129 132
176 116
149 124
134 154
158 87
77 4
71 5
165 133
89 140
182 130
171 54
141 84
190 180
119 5
93 63
28 184
67 145
29 158
16 150
41 190
42 138
130 5
91 76
38 12
41 4
9 147
77 191
52 192
158 122
101 110
12 101
128 39
119 44
139 71
15 142
143 157
70 181
165 48
58 133
89 138
77 179
76 4
75 50
49 156
106 70
41 53
143 185
73 106
163 55
5 64
159 98
33 97
5 64
133 157
120 135
176 52
118 91
135 18
7 49
96 41
122 109
113 125
182 68
121 121
83 87
2 155
181 66
86 69
146 176
153 105
44 49
162 107
98 32
44 39
36 125
112 41
77 137
180 61
193 90
173 90
69 120
123 47
40 147
191 68
27 101
40 1
112 10
162 147
118 182
180 128
145 120
31 81
176 89
77 35
104 157
178 3
21 57
186 20
154 16
195 189
10 120
139 4
138 182
70 120
145 143
76 134
9 22
65 73
73 136
30 151
103 30
23 95
146 157
168 48
35 51
175 12
79 176
67 72
160 63
133 109
11 160
53 157
127 61
28 114
64 46
155 44
137 53
33 170
24 51
167 117
48 81
108 119
4 191
21 191
29 74
84 51
55 105
142 10
60 70
18 106
103 19
65 168
39 152
53 157
6 31
190 34
4 11
184 4
132 15
19 101
98 7
189 173
177 151
102 175
166 49
123 178
169 56
91 33
146 121
112 38
135 58
134 56
174 77
145 119
44 68
32 75
51 15
170 125
171 67
150 144
195 53
18 34
29 88
105 183
11 11
46 10
10 41
164 54
182 106
39 131
89 188
195 32
164 100
106 34
4 167
173 141
186 194
176 154
92 114
57 131
191 120
40 117
58 58
33 171
191 71
157 77
3 56
107 97
67 96
165 191
135 44
157 45
141 113
195 31
162 63
78 57
125 79
95 85
41 28
106 188
90 149
160 67
68 190
77 34
189 72
103 35
37 78
79 189
48 126
54 160
24 52
144 146
146 87
67 188
100 139
147 10
139 3
193 14
152 162
154 159
136 81
181 183
10 124
162 73
146 154
10 157
31 79
117 147
78 159
57 156
9 139
38 132
184 3
118 31
60 56
55 148
156 131
11 136
172 123
71 126
29 169
105 34
172 190
98 27
20 54
54 37
32 195
8 31
14 98
154 10
62 91
14 190
104 120
106 54
119 46
136 71
74 185
59 77
27 174
30 79
58 89
138 174
144 37
183 170
72 181
176 139
140 51
65 131
141 29
46 172
7 66
196 38
188 129
52 95
112 7
19 145
32 87
76 106
143 141
181 107
1 79
100 186
148 125
30 6
32 195
22 134
36 78
48 76
60 179
154 85
10 13
31 98
101 169
167 118
32 67
124 40
8 174
20 36
82 165
19 85
38 171
177 62
76 171
120 146
147 71
137 6
101 90
17 145
135 167
94 29
114 145
118 192
9 88
70 13
176 103
134 157
133 44
159 109
128 9
167 90
147 21
4 182
112 104
105 67
163 32
93 92
38 192
160 59
87 27
191 118
101 5
31 40
61 19
53 174
14 100
45 77
154 188
181 35
69 130
114 25
158 74
150 8
184 144
31 160
179 16
88 7
91 72
189 97
65 42
96 159
33 30
182 5
76 44
127 60
49 172
106 172
31 130
52 13
71 83
120 92
55 36
8 149
140 117
21 150
191 169
139 74
74 136
169 166
184 120
164 50
62 106
34 81
47 48
84 125
24 99
185 183
65 74
179 44
104 16
53 31
79 28
180 103
129 121
16 151
76 37
88 71
104 53
154 51
83 85
138 22
162 70
133 170
41 121
147 8
122 156
89 139
10 127
100 54
158 66
21 20
125 86
2 126
91 138
115 54
149 120
153 56
139 26
14 12
92 16
75 121
104 134
29 41
89 129
178 166
109 182
186 119
184 38
158 120
86 73
146 76
13 155
27 113
60 122
5 181
189 76
24 136
167 162
93 193
99 126
99 134
91 182
156 91
110 54
115 40
162 118
84 11
58 169
68 188
99 104
163 74
149 5
60 170
138 71
45 64
150 21
121 67
145 173
135 75
48 70
85 60
163 110
148 143
5 42
132 112
167 188
8 69
133 14
39 79
130 112
155 164
183 129
66 38
118 92
121 66
123 25
150 112
43 151
164 99
20 187
190 181
149 146
107 34
98 138
4 127
93 86
158 63
147 75
111 100
102 166
30 52
171 56
161 40
59 72
127 132
18 54
114 131
52 172
11 113
112 91
117 5
7 100
176 151
78 53
158 104
13 158
74 14
166 151
175 111
147 100
179 55
158 90
155 33
27 127
141 176
84 9
118 14
80 12
102 181
5 49
163 116
18 19
8 156
147 4
62 169
94 161
37 151
30 183
143 187
29 179
35 190
182 55
60 23
156 138
165 152
192 173
36 105
137 184
170 161
172 67
196 39
168 68
131 4
110 55
40 159
115 192
38 169
148 4
28 10
91 128
170 111
90 193
125 72
87 167
141 187
104 154
106 169
192 13
73 80
90 154
37 120
61 104
185 35
136 157
6 9
125 19
127 105
177 192
77 40
83 181
161 168
100 134
27 78
53 98
79 97
154 86
123 27
56 168
191 160
145 141
166 190
139 157
152 33
78 148
189 94
48 47
28 22
107 102
91 188
47 116
64 145
87 166
72 68
146 170
128 135
170 27
65 46
196 165
77 125
5 33
86 52
133 104
2 45
190 20
181 197
141 173
178 79
163 51
74 13
91 30
95 154
197 88
111 101
175 18
174 141
45 81
132 124
53 27
77 65
153 129
134 176
44 50
170 108
7 151
78 27
117 26
88 56
63 91
159 129
54 31
68 25
35 89
46 67
156 186
98 28
53 38
143 176
126 120
179 3
43 4
42 158
76 8
50 97
2 193
95 138
119 169
85 164
171 150
53 168
118 147
93 1
52 98
155 52
163 133
8 155
31 104
49 25
183 179
18 151
144 120
12 66
46 44
172 166
61 101
78 191
184 5
131 2
151 78
27 167
55 13
27 15
179 128
108 32
38 131
156 180
117 193
195 55
88 108
3 65
143 80
191 169
62 6
86 81
18 177
84 154
78 160
151 5
44 16
70 46
67 117
190 97
76 79
39 168
186 193
150 145
28 172
158 54
163 67
154 53
187 53
116 190
70 70
33 167
75 30
104 183
44 82
20 138
73 8
149 137
111 131
147 51
149 113
124 157
118 195
40 133
130 9
4 91
78 122
38 117
166 100
148 34
130 14
49 34
33 168
33 95
182 144
53 31
108 91
131 104
36 70
143 173
46 77
171 63
162 175
69 178
74 170
111 127
5 12
25 95
10 122
155 64
97 195
174 7
169 159
172 191
94 29
115 53
103 52
16 26
51 116
18 188
162 75
62 92
50 82
168 159
123 46
46 168
49 66
168 88
47 50
85 53
68 149
15 122
28 84
23 130
102 14
149 71
37 118
139 5
194 51
124 127
95 41
145 88
185 150
173 98
56 68
47 119
164 98
91 117
14 122
192 133
163 114
27 81
112 138
98 5
122 79
102 69
19 171
134 170
191 5
39 106
128 133
157 110
53 17
169 149
155 61
39 134
103 34
156 97
27 84
60 157
20 178
59 88
147 12
183 166
47 41
41 51
194 30
152 35
190 29
123 19
192 171
16 136
184 119
17 106
162 117
157 74
90 82
84 21
6 41
182 44
169 90
108 137
183 152
89 59
108 35
30 130
62 41
124 159
51 115
46 81
83 26
54 79
8 117
78 24
111 86
116 14
187 191
89 194
74 57
133 2
1 64
108 136
30 5
24 91
136 186
178 114
43 3
18 169
182 92
170 188
57 74
69 124
142 172
119 112
177 139
47 78
42 155
161 120
156 45
171 134
107 31
120 42
99 113
127 160
155 183
24 103
118 150
139 95
141 85
62 95
100 9
164 150
139 29
62 179
145 76
156 130
192 101
117 68
183 43
195 101
17 24
142 11
68 83
136 45
72 17
122 88
183 6
119 75
68 22
12 172
121 124
101 159
194 184
191 25
189 110
190 15
177 13
184 6
97 193
171 123
165 23
14 139
124 28
31 41
163 73
121 20
13 13
132 69
4 76
56 70
180 68
138 187
8 19
78 11
52 55
153 123
44 45
169 36
8 159
75 185
109 176
23 123
96 42
54 153
142 12
115 145
181 55
9 17
163 129
98 44
168 164
57 152
25 24
78 163
53 14
123 32
174 75
173 135
81 96
169 187
87 60
92 138
109 57
8 188
157 41
125 50
100 99
86 84
16 100
88 194
26 23
109 104
146 78
158 89
73 12
126 103
133 6
109 77
84 41
96 137
15 156
145 34
177 156
184 141
162 76
37 104
147 62
163 62
158 167
184 118
173 138
113 132
145 122
162 139
188 112
30 51
49 106
29 5
35 188
153 158
167 48
39 179
77 135
107 169
77 57
139 160
119 57
70 107
98 97
127 195
25 119
41 162
179 75
197 94
40 54
74 141
133 125
108 181
49 26
17 49
156 41
122 127
179 110
178 194
102 65
179 14
60 69
123 107
128 14
29 161
86 167
8 90
135 37
91 41
7 75
27 21
153 159
59 193
191 57
137 16
170 86
164 56
153 21
72 83
93 153
194 121
85 161
73 7
39 39
115 165
172 188
97 127
56 194
99 139
167 186
180 78
78 121
40 121
29 78
36 180
96 33
179 125
8 191
155 185
10 156
69 38
154 9
106 162
42 94
86 70
77 7
36 23
155 156
155 132
138 112
148 28
16 179
170 88
148 71
163 33
165 132
75 171
19 150
59 197
179 53
54 152
176 13
56 74
148 25
165 151
54 143
92 152
71 71
105 136
10 158
129 195
71 84
44 143
178 193
7 33
104 86
193 90
145 195
20 52
178 190
115 193
70 157
136 25
72 87
182 53
191 100
9 135
2 182
58 78
65 34
196 156
54 144
50 169
9 127
29 143
166 73
175 53
81 28
195 180
112 122
26 32
94 177
113 99
87 43
148 98
120 171
144 37
162 61
124 17
77 121
85 110
180 194
131 112
188 62
179 57
4 155
3 126
8 116
9 157
96 76
51 31
52 168
110 133
100 53
163 51
102 53
46 6
194 97
135 52
49 65
144 121
177 91
2 69
142 177
119 87
87 42
160 103
108 121
97 104
68 86
127 103
66 30
50 28
31 109
59 145
129 158
133 4
154 176
87 24
125 25
164 133
41 46
142 84
77 109
165 25
58 85
42 161
191 157
58 179
103 186
92 182
190 183
8 158
4 91
86 153
77 189
87 40
171 175
161 77
52 125
5 54
124 53
6 44
174 5
156 16
91 115
112 89
197 141
19 106
194 156
12 13
107 183
49 194
74 40
139 51
37 38
138 137
195 161
90 83
189 91
174 159
129 80
149 125
11 7
194 57
95 151
45 29
177 141
153 131
131 178
96 41
144 35
146 6
144 192
12 192
79 179
119 146
74 4
50 44
89 16
161 75
40 92
130 160
16 141
150 28
5 55
8 151
192 184
106 163
106 161
49 83
67 38
83 60
103 144
160 74
34 67
75 149
147 102
48 179
171 137
68 85
40 142
174 139
17 66
86 41
33 112
173 104
139 12
102 52
183 193
10 188
67 128
75 42
191 119
88 11
178 16
169 151
170 177
179 42
48 183
10 125
116 24
163 4
54 89
154 138
132 110
132 126
134 166
35 126
3 167
153 157
180 124
10 158
47 118
120 112
54 49
175 38
103 132
124 20
109 87
77 41
75 36
99 85
146 90
18 50
138 161
129 79
174 137
24 117
104 159
171 109
105 29
136 67
134 28
166 17
129 160
141 6
50 158
166 147
6 62
162 67
158 187
150 53
13 6
132 15
106 144
27 85
72 16
16 22
176 137
45 26
49 190
156 174
57 157
11 122
29 130
119 69
37 126
25 105
110 88
141 184
81 139
55 77
39 77
95 196
91 39
47 106
122 20
46 43
162 104
36 40
122 112
192 189
188 72
4 53
175 66
38 147
8 71
126 54
175 193
5 157
1 89
48 43
197 93
185 76
183 182
104 6
62 59
145 90
39 189
133 152
77 11
133 45
68 104
2 191
189 18
143 106
86 42
177 116
72 140
30 81
74 162
27 30
29 51
48 41
60 62
19 100
44 13
151 4
58 59
192 4
129 78
24 102
150 74
35 62
64 91
127 50
32 167
118 108
63 20
192 15
16 70
193 41
43 1
169 88
9 192
37 76
85 164
184 142
179 56
118 18
40 94
120 29
139 135
180 65
8 21
44 143
56 33
16 68
78 25
9 121
21 2
124 156
195 118
53 13
115 44
7 29
81 87
72 138
42 16
179 111
134 100
144 137
20 54
126 38
38 112
34 77
46 167
174 190
194 70
30 84
164 174
45 128
152 56
22 191
10 117
58 131
174 4
176 53
40 13
27 34
113 108
104 90
33 29
162 149
150 146
86 152
119 77
105 84
52 92
90 153
3 195
74 17
1 91
189 61
134 71
188 134
122 146
106 56
69 157
61 171
72 67
21 158
77 110
191 134
189 87
105 158
122 120
1 59
181 93
147 63
60 168
11 171
170 159
22 135
54 47
179 107
182 91
138 79
174 18
138 37
150 147
21 134
14 157
50 36
38 14
118 161
88 165
92 187
140 133
75 35
106 157
14 7
129 28
43 154
16 78
164 86
147 36
173 140
77 64
106 179
120 107
12 171
158 60
30 33
189 92
122 17
60 196
90 51
180 142
38 172
153 35
113 86
28 30
47 52
74 51
10 89
106 123
48 103
134 147
181 44
161 74
180 107
50 160
63 132
167 19
103 9
108 138
122 110
145 192
161 1
175 112
135 158
39 108
192 33
168 175
64 103
159 131
32 94
61 167
100 77
190 107
152 188
37 66
192 155
1 65
50 190
154 11
84 86
109 34
74 50
40 25
123 158
93 163
178 189
31 168
52 6
97 31
177 66
114 26
179 115
145 64
174 40
43 94
122 182
160 110
168 166
3 66
87 170
27 6
122 138
104 190
89 84
28 152
18 136
77 140
35 57
66 43
76 180
181 37
78 55
175 127
155 35
16 152
92 180
15 120
4 12
46 78
10 155
96 74
186 183
36 145
13 120
22 187
49 31
21 84
130 191
44 52
142 154
180 165
118 194
75 168
29 160
152 71
75 163
15 39
128 11
115 29
32 52
34 23
170 48
39 3
175 68
40 27
169 63
120 121
24 135
121 30
160 188
190 182
41 142
100 135
106 142
178 5
188 61
36 20
117 188
74 134
2 10
180 18
193 121
104 121
3 157
154 186
138 75
113 123
98 135
188 17
48 10
76 159
133 13
91 166
132 134
3 74
106 171
148 90
27 52
28 171
123 41
53 90
22 188
153 10
63 156
1 63
83 75
192 172
121 168
110 7
102 84
167 159
167 7
28 173
37 68
8 86
58 57
142 13
150 76
137 157
105 88
90 37
93 71
24 14
34 112
150 141
63 32
41 92
19 147
121 86
177 180
73 82
128 61
85 95
96 177
36 142
55 54
51 13
127 25
93 141
83 177
150 78
31 33
77 136
52 142
131 69
93 74
197 174
3 62
26 119
150 52
139 110
188 191
118 109
140 58
55 14
196 155
38 182
9 155
16 66
39 46
194 86
157 99
13 61
65 23
102 20
160 105
95 150
166 52
41 139
127 33
89 165
67 116
124 20
68 96
43 152
154 99
110 122
39 192
152 18
155 137
170 89
10 172
140 14
28 79
168 65
45 139
157 189
67 14
46 79
69 46
31 94
18 149
49 67
64 72
21 24
160 164
130 146
115 195
91 124
155 174
178 180
153 33
185 121
128 38
57 164
71 179
81 143
191 128
145 55
67 98
12 97
56 85
74 82
93 72
170 151
42 28
138 172
181 68
165 18
12 80
33 171
121 19
95 64
146 143
23 124
193 98
104 9
11 127
94 182
141 83
4 64
187 121
90 151
96 84
128 71
161 167
130 101
27 13
110 31
71 128
142 183
132 2
50 70
95 84
47 104
70 42
67 23
34 22
150 30
3 83
97 104
150 71
24 15
57 70
100 167
41 144
82 176
197 173
164 41
79 96
154 119
105 87
144 136
66 143
195 50
191 180
109 124
19 108
74 106
19 99
151 122
196 40
6 23
52 191
165 70
49 79
57 110
25 103
18 161
166 9
57 147
132 6
146 4
188 29
60 107
57 85
184 91
139 67
69 93
95 159
183 194
8 171
49 104
67 149
97 128
15 140
86 162
99 102
191 18
195 23
42 4
45 142
3 193
49 76
165 7
25 1
123 141
93 64
113 88
47 169
130 59
179 191
68 116
83 140
88 52
86 74
70 135
111 112
77 80
165 44
59 143
35 66
121 160
49 169
184 35
169 37
36 69
49 103
64 92
175 92
27 87
82 45
37 42
37 178
167 166
186 182
114 146
72 156
105 16
51 183
60 103
123 135
19 106
108 12
19 65
102 67
28 130
62 58
118 29
143 189
108 56
184 117
53 88
193 157
176 66
195 94
142 40
191 155
154 12
164 40
63 73
24 130
188 18
106 102
27 117
190 184
30 85
46 9
71 181
25 122
141 28
186 18
143 145
76 70
32 161
120 24
137 152
53 55
70 16
112 93
171 135
49 183
120 127
93 162
103 135
96 138
51 103
150 75
155 55
125 54
170 28
111 99
49 77
110 172
26 177
187 50
89 10
46 7
64 144
152 105
78 193
122 77
19 160
108 122
83 58
8 49
143 85
66 72
2 194
165 131
150 51
39 191
183 41
79 121
58 176
146 169
96 162
166 20
141 25
87 76
171 48
67 190
197 177
136 154
157 85
91 98
175 141
6 11
72 107
109 78
24 115
68 186
162 121
29 174
36 55
101 181
72 4
50 96
52 143
70 41
72 108
80 121
27 103
32 22
147 110
18 179
88 72
130 126
21 146
164 149
53 173
71 124
70 39
176 92
184 183
40 172
122 91
167 97
17 55
45 27
153 4
100 74
76 84
99 109
101 157
88 188
76 121
3 53
73 37
32 20
50 158
179 18
90 150
148 73
87 31
52 90
95 114
190 134
103 33
76 27
48 83
59 85
80 117
173 100
32 81
7 90
60 74
173 159
30 167
165 187
54 98
85 155
54 81
135 44
11 10
191 2
143 83
27 17
29 130
10 7
33 142
63 21
140 169
143 188
75 161
187 51
112 8
98 132
100 126
93 175
77 161
128 42
88 84
164 87
5 66
140 95
101 182
74 84
98 113
125 18
155 85
195 86
146 29
162 173
62 131
134 99
139 173
162 138
36 21
134 111
36 57
41 192
85 49
57 14
100 169
96 140
28 84
71 154
59 8
59 193
159 147
154 21
173 91
106 15
18 138
109 121
91 70
56 71
4 164
69 107
80 143
105 45
127 108
36 11
95 117
85 124
182 167
172 65
58 7
66 34
2 166
7 17
194 167
175 100
71 16
12 6
149 113
107 34
139 187
46 191
18 51
156 138
58 81
163 132
162 103
172 102
50 179
7 31
161 166
164 96
92 179
149 8
152 104
127 53
101 182
19 98
50 33
41 152
31 107
93 182
89 37
139 25
147 111
180 141
70 43
147 6
61 168
28 116
159 95
53 47
101 88
71 8
133 160
194 23
40 162
155 66
6 44
95 161
50 129
165 4
25 2
139 28
103 52
133 121
192 39
36 142
109 92
47 105
180 75
26 31
8 161
171 37
1 126
142 112
141 169
60 124
75 4
88 151
190 73
121 28
176 193
172 36
64 75
8 65
92 176
78 54
89 57
161 150
124 38
107 104
64 149
66 42
42 26
170 164
102 186
85 127
101 52
161 33
78 124
17 39
119 180
123 4
135 45
153 103
75 56
161 33
77 148
56 134
36 71
73 190
5 45
134 22
156 132
126 195
179 41
31 192
86 127
121 181
142 189
73 189
34 85
75 5
136 187
49 69
6 149
54 32
123 45
54 53
154 7
126 191
139 177
146 148
174 53
183 127
157 54
75 27
58 57
89 147
123 108
114 8
183 125
177 67
150 49
182 57
168 63
48 182
109 88
80 176
149 148
103 183
64 147
3 63
54 35
83 176
156 187
116 18
84 107
44 54
5 98
69 16
147 25
41 23
40 145
93 151
100 102
27 40
40 70
83 78
117 176
197 144
24 119
9 11
64 105
140 112
48 83
180 143
32 57
118 8
58 87
96 143
47 128
54 147
28 119
194 38
92 102
151 8
106 189
38 158
53 116
68 107
83 22
122 93
51 32
189 98
84 97
83 59
67 94
99 95
84 7
107 92
87 39
35 55
159 79
136 79
15 55
108 45
76 168
86 125
184 93
175 127
194 159
77 55
91 129
148 133
65 186
51 152
173 166
169 40
192 191
159 63
71 134
87 22
31 152
102 76
180 180
151 52
29 75
166 70
152 22
17 101
55 108
65 187
19 70
188 193
43 121
51 77
3 180
46 41
2 89
175 123
23 126
113 109
124 183
37 184
185 3
36 46
133 154
92 147
191 14
123 28
181 36
101 19
19 169
176 112
188 167
178 66
173 53
48 171
65 169
188 77
84 108
146 61
169 110
174 193
176 165
120 77
88 41
108 179
20 56
173 3
129 63
70 154
67 45
124 34
11 188
189 171
72 103
9 120
18 102
168 55
41 94
126 70
137 51
169 109
12 99
109 29
118 190
188 131
143 86
65 39
138 27
121 123
195 41
67 17
33 23
101 89
75 64
30 74
78 188
139 158
188 105
194 158
145 39
151 100
155 43
33 85
9 147
174 163
126 133
143 41
181 171
144 40
84 118
54 36
143 34
84 52
162 40
42 143
53 117
122 125
139 67
78 177
28 31
30 97
80 28
180 197
115 162
56 152
167 161
171 55
42 142
125 52
36 45
129 93
146 51
12 96
120 88
92 141
108 15
82 162
97 194
68 103
190 128
162 172
133 112
101 112
168 134
194 191
36 143
195 155
173 55
163 30
153 119
94 4
60 106
123 171
10 48
190 64
73 110
110 112
181 144
187 193
43 28
82 193
124 178
134 25
49 6
102 21
152 17
180 193
137 188
57 159
145 125
44 51
12 28
160 76
39 14
105 89
105 30
156 98
166 43
35 20
185 23
40 168
74 34
26 122
30 41
97 97
179 124
3 128
39 172
41 131
93 2
2 91
94 149
20 150
51 125
152 139
88 186
39 158
121 64
54 179
92 178
179 66
74 107
110 45
74 163
29 40
153 166
105 75
91 94
172 189
81 178
39 142
121 120
96 193
52 147
18 145
134 112
7 117
180 44
52 33
16 77
27 169
111 10
104 186
30 94
141 177
120 70
187 109
155 89
181 57
11 117
196 177
163 119
1 157
133 12
49 82
154 5
143 170
56 165
93 159
124 43
53 26
77 165
56 158
157 67
16 8
33 142
156 156
128 74
143 64
106 71
167 115
96 44
196 181
132 168
189 107
41 55
178 168
111 110
3 91
152 103
138 84
131 14
7 88
41 45
110 124
90 81
171 50
74 71
140 53
169 160
177 136
36 104
39 4
25 91
47 47
154 52
2 48
59 106
152 140
147 78
93 154
6 33
134 23
191 143
18 176
2 181
53 146
73 34
143 154
110 30
41 25
60 159
168 56
24 128
4 128
151 185
161 164
37 154
195 119
47 129
147 87
35 23
190 109
154 179
142 106
19 134
9 19
170 134
69 94
15 23
152 166
30 161
121 47
51 47
44 44
6 63
7 59
71 7
29 80
78 192
77 50
119 142
104 9
185 25
121 146
39 42
165 129
167 96
56 80
161 59
189 147
79 15
176 98
114 9
11 65
96 64
184 143
139 171
47 10
139 72
124 44
70 138
123 33
106 160
115 190
119 75
94 175
133 168
3 130
192 50
140 22
76 28
91 170
51 33
131 109
68 157
49 116
29 145
30 178
95 143
123 106
98 105
105 76
35 125
25 6
102 67
74 84
122 86
148 146
179 114
86 53
184 33
114 193
73 16
9 23
194 160
32 158
68 11
47 13
140 116
51 10
130 63
84 84
192 131
97 175
14 10
29 39
47 63
78 50
27 119
57 105
31 149
84 110
132 94
139 22
39 117
58 164
189 128
161 29
78 52
119 29
180 91
84 128
93 148
173 7
72 86
179 105
8 17
169 67
4 166
110 8
179 15
83 93
155 166
180 192
26 129
17 41
64 148
107 77
80 13
165 96
86 161
86 155
6 53
11 139
171 187
155 61
16 176
119 179
183 192
20 173
40 14
113 126
123 24
141 81
157 74
149 4
25 182
142 41
153 140
49 25
30 8
118 20
129 91
60 78
195 143
155 165
194 69
78 146
147 143
2 66
143 61
172 68
38 161
44 41
99 9
88 150
63 160
16 49
60 80
164 48
116 41
69 118
11 192
189 105
20 34
143 170
194 165
159 147
14 61
175 39
158 42
99 124
145 121
133 91
28 168
154 130
146 174
105 12
110 47
188 172
35 192
130 122
39 105
97 103
193 91
50 106
79 50
53 33
119 16
164 147
106 170
15 13
179 181
108 55
91 139
76 136
119 27
159 97
86 115
117 24
195 51
172 165
34 51
74 108
114 63
181 148
127 78
10 49
56 32
36 128
145 154
110 29
124 103
105 69
3 182
127 80
10 121
4 66
106 104
169 26
180 67
18 193
14 49
93 177
51 37
158 192
68 155
90 98
77 79
72 8
62 19
10 160
141 52
39 151
73 105
160 105
11 6
98 8
146 137
112 40
129 27
123 45
119 52
4 158
33 161
158 67
110 123
137 43
169 48
194 73
92 91
47 76
161 83
109 122
28 149
28 102
172 176
36 41
170 187
9 151
52 54
88 37
128 63
2 179
86 45
162 141
116 31
26 10
31 167
57 143
98 137
119 125
57 17
58 177
192 128
90 142
141 22
102 148
12 157
48 63
111 7
103 138
81 176
123 88
140 27
99 137
109 181
73 83
36 65
136 151
194 38
18 146
139 75
5 69
128 61
192 38
46 193
3 64
66 190
54 51
125 74
194 166
68 24
9 117
143 103
157 56
84 27
182 107
131 74
178 63
121 77
66 149
196 173
160 108
123 146
174 162
172 104
120 24
73 56
165 26
158 148
56 141
182 124
39 112
81 180
151 119
177 92
73 85
73 186
151 123
175 113
77 174
85 122
22 188
42 49
19 39
161 123
35 68
39 76
28 122
12 137
68 143
193 94
31 76
83 97
109 99
177 79
117 14
164 151
8 60
142 81
32 79
149 98
42 27
177 11
97 29
113 97
189 169
17 176
185 32
188 49
176 141
64 143
60 158
76 177
170 56
83 24
48 7
146 55
59 125
130 176
144 61
20 145
164 139
86 165
39 183
71 130
33 53
3 54
100 78
26 29
106 46
192 56
109 49
33 173
51 126
151 50
25 7
40 69
15 97
89 13
78 17
136 68
84 83
195 24
116 40
4 61
104 187
125 87
154 137
180 79
24 53
18 160
43 119
139 35
191 105
124 31
123 156
88 82
194 142
182 104
146 41
49 37
150 113
13 124
167 151
82 194
31 105
169 25
166 48
173 123
38 106
68 83
10 11
73 36
93 16
31 110
70 130
127 70
145 87
116 165
64 94
52 28
147 103
141 133
112 9
154 183
189 64
38 162
122 75
186 180
93 70
55 55
35 127
32 76
154 128
95 115
88 103
124 181
159 103
106 66
131 75
18 173
32 80
101 84
12 100
165 24
124 108
170 31
89 32
89 154
168 151
141 136
69 88
50 182
98 9
117 165
43 155
102 86
46 68
116 64
76 188
91 140
14 142
74 125
24 54
164 129
33 87
47 125
190 62
108 46
45 68
36 51
20 147
130 162
93 11
155 32
134 58
155 163
115 52
183 183
75 141
10 44
88 152
152 72
9 17
86 25
62 5
14 77
10 42
129 120
27 181
80 78
189 112
105 180
158 91
107 54
66 25
86 192
88 76
78 194
97 125
176 15
57 145
56 154
148 20
68 189
125 81
76 175
17 86
74 69
36 68
144 55
58 105
56 148
63 19
65 25
84 153
59 86
181 147
130 120
18 187
93 147
148 30
82 155
73 57
27 14
142 103
7 171
185 74
93 73
166 72
175 102
10 135
121 156
113 10
76 122
134 98
71 69
161 172
72 69
114 147
155 49
159 168
46 70
16 65
88 10
188 53
26 170
106 75
14 141
143 84
63 34
137 4
143 184
173 135
19 191
47 51
106 182
65 149
133 42
27 115
54 32
155 32
47 68
114 188
160 32
7 23
158 150
161 67
144 38
180 139
103 90
182 151
104 84
2 181
116 29
80 75
187 57
179 112
171 69
24 95
36 108
86 126
25 91
32 21
102 190
149 124
101 154
144 141
143 144
144 194
142 173
52 159
18 87
120 26
77 108
140 111
172 175
42 15
69 40
98 43
106 65
173 27
88 109
8 32
81 85
43 143
185 179
32 29
197 169
140 106
31 32
102 9
7 175
99 132
120 161
161 84
80 11
86 118
98 33
21 159
50 172
127 159
72 71
104 7
108 86
194 94
186 30
36 146
195 167
93 13
2 9
26 7
106 57
188 130
23 129
122 111
179 182
139 27
44 46
116 27
122 178
76 15
31 64
157 178
75 66
19 138
143 62
164 70
104 55
53 16
127 27
110 138
130 192
73 108
17 152
131 93
140 3
140 137
172 27
195 173
130 111
102 12
156 190
91 4
54 13
25 93
65 129
44 14
175 114
110 34
87 107
149 103
167 98
84 50
193 23
24 51
37 158
186 112
173 40
27 86
90 170
156 140
108 31
29 30
53 115
188 57
120 158
68 103
164 103
110 36
166 191
6 19
145 142
124 126
130 175
188 63
137 187
95 33
93 14
130 109
120 141
60 21
20 134
168 23
143 148
71 157
74 30
83 166
48 16
100 5
72 102
114 64
20 135
175 62
9 150
63 97
46 28
93 160
112 88
30 158
131 91
5 41
40 23
57 77
190 160
89 69
10 174
18 148
73 109
16 139
1 76
136 55
189 130
74 42
152 20
4 71
110 137
126 134
146 8
142 14
141 82
176 156
62 106
164 152
1 81
106 48
155 176
74 66
110 159
45 143
72 139
50 43
5 23
79 190
31 128
156 59
82 46
58 56
39 128
83 179
132 12
192 90
46 80
140 6
32 194
176 169
3 49
62 43
158 103
191 15
80 179
95 147
87 191
3 43
138 137
102 148
70 177
122 78
117 52
181 182
130 189
88 102
174 76
167 20
26 5
1 90
81 76
132 147
32 54
15 28
56 123
112 112
195 49
47 44
135 166
108 172
190 88
41 42
33 89
92 175
65 38
84 49
122 162
19 84
40 43
41 168
6 148
20 171
174 6
155 130
95 62
57 125
100 128
135 43
158 121
33 67
17 34
98 6
15 121
75 135
177 138
144 118
59 81
194 169
129 136
181 53
104 21
3 69
84 93
78 164
35 109
139 36
39 143
89 188
177 18
127 62
173 89
86 122
197 145
61 58
173 37
72 82
107 123
154 4
91 147
162 119
108 30
50 130
44 43
173 102
86 83
52 31
46 76
195 52
129 59
13 137
162 44
107 93
169 152
44 53
147 98
104 122
90 118
88 60
59 144
139 55
56 31
38 168
137 158
147 88
187 111
11 138
39 120
119 168
138 113
136 54
9 137
162 174
143 142
24 100
165 146
100 138
91 152
3 12
76 29
89 58
158 95
163 64
156 129
118 194
182 56
177 183
74 41
151 24
128 70
111 97
7 102
102 143
79 194
8 99
157 75
40 1
89 74
32 51
20 51
133 159
4 10
183 138
149 100
15 63
132 4
153 12
74 44
79 57
182 126
93 87
6 56
123 34
111 122
81 24
159 105
86 191
151 21
196 184
5 32
144 105
86 124
191 171
135 70
118 56
179 167
14 23
188 19
72 134
75 8
115 69
197 165
90 180
33 143
40 41
173 39
81 84
95 87
59 144
189 110
83 25
6 113
26 21
189 143
133 94
72 157
74 43
180 124
76 178
4 195
136 183
171 53
72 66
83 96
21 193
19 70
107 160
64 130
135 154
84 8
40 151
2 83
67 74
162 33
89 49
62 39
169 163
97 196
59 179
41 29
60 195
2 46
139 14
123 177
181 13
89 14
15 40
31 150
67 11
29 122
34 89
183 195
65 190
191 146
87 21
2 49
166 187
119 51
178 194
109 179
162 74
78 189
14 140
164 147
93 69
115 14
50 38
133 43
52 97
147 54
30 87
74 164
26 113
118 8
114 38
123 142
158 51
168 27
29 33
127 24
11 140
155 21
39 110
173 5
124 42
46 25
197 143
144 154
45 83
41 117
10 6
86 56
4 82
28 103
39 2
180 138
36 162
192 93
22 147
14 51
187 55
49 38
178 11
78 160
89 114
168 52
79 191
149 25
62 38
27 76
192 160
80 194
104 71
24 13
24 23
178 68
92 71
40 38
168 69
17 102
85 46
4 69
4 129
181 12
108 177
177 167
89 15
30 179
2 165
37 191
98 30
7 64
139 56
101 74
119 138
87 39
174 31
124 158
27 125
183 140
15 158
83 161
123 122
174 36
36 188
152 102
161 44
160 103
71 105
147 34
63 130
6 115
9 140
174 126
92 181
153 8
67 124
6 102
68 23
72 15
8 102
85 56
4 165
16 8
9 141
78 162
62 173
162 140
4 158
146 28
133 2
43 46
20 67
113 93
113 127
50 41
104 139
26 22
28 81
98 139
115 19
51 25
192 68
76 14
132 146
10 192
125 32
143 177
80 52
108 78
128 73
10 113
185 26
30 49
44 70
36 13
54 78
170 132
42 14
188 173
87 194
143 81
33 172
104 16
192 49
26 17
6 75
69 52
92 76
114 67
45 28
74 122
32 174
84 46
187 29
6 70
184 26
167 87
131 132
168 177
76 125
147 41
129 61
24 130
144 34
155 159
33 34
49 47
76 185
93 4
84 53
12 27
173 54
60 165
36 22
155 184
124 86
70 118
132 9
106 36
192 61
142 169
86 194
52 180
42 23
106 49
67 39
6 166
134 104
28 170
45 130
24 6
47 29
177 181
15 137
135 152
157 108
152 73
156 21
183 171
82 154
181 142
144 116
162 59
96 161
110 134
60 102
90 71
8 189
128 43
110 91
143 119
82 179
100 96
147 55
147 146
134 67
62 46
160 123
190 13
129 125
181 24
156 137
119 55
31 183
82 163
137 151
68 105
158 179
171 148
134 168
150 112
23 122
123 44
31 151
138 83
138 185
92 118
122 141
5 156
173 137
132 136
141 103
86 76
104 8
90 191
139 57
145 173
109 127
132 169
171 39
108 104
179 12
110 161
73 66
187 49
1 66
32 169
74 79
33 160
124 24
62 8
92 94
179 156
193 100
3 49
82 155
106 146
52 9
80 124
69 12
100 113
138 169
40 188
154 140
16 137
27 77
113 54
171 147
49 68
56 17
144 122
150 141
23 55
120 157
177 16
53 155
91 93
195 157
35 188
77 107
10 116
19 24
110 111
144 36
93 117
165 129
98 84
117 177
123 89
91 118
47 28
160 189
38 125
30 182
54 148
176 100
137 95
163 56
149 101
160 191
118 4
149 121
88 50
145 124
14 160
24 104
61 176
135 67
137 161
44 17
82 43
15 106
168 9
35 88
35 107
130 62
72 70
143 39
24 126
160 30
72 104
49 27
156 139
56 146
47 173
48 78
49 32
160 140
75 52
18 135
103 139
94 154
162 148
134 168
165 98
177 191
60 101
94 27
176 1
148 100
98 75
68 145
169 19
59 74
137 85
195 184
30 50
188 20
193 89
90 13
118 57
121 5
134 148
154 139
125 87
45 76
120 168
118 149
184 90
96 139
104 120
14 126
88 100
176 152
114 86
195 54
126 108
97 62
97 27
189 171
95 63
65 130
175 36
30 9
155 180
176 102
97 126
114 68
12 189
107 91
128 10
30 181
95 176
94 32
177 68
119 26
82 97
84 87
193 86
42 117
179 63
8 88
57 156
137 27
167 51
109 75
24 113
17 21
70 54
91 104
154 175
8 98
123 162
125 80
11 125
135 13
4 130
170 153
32 56
76 64
140 10
164 85
108 75
66 188
33 159
38 133
115 15
131 6
146 36
47 17
128 195
192 32
174 78
176 76
31 65
160 173
151 73
18 49
74 30
78 56
32 74
194 175
20 84
31 38
194 157
47 81
167 99
150 100
106 145
19 102
164 43
140 119
46 69
184 140
27 79
40 192
70 69
167 23
67 21
35 183
22 57
77 43
177 170
103 12
12 140
188 131
193 101
33 158
7 86
146 193
154 105
103 137
140 113
40 49
86 123
178 116
104 20
2 195
124 125
41 158
158 99
127 193
42 159
171 190
184 92
118 193
55 33
94 30
4 41
166 23
176 103
44 25
119 195
119 86
31 170
131 102
147 38
195 33
2 81
163 75
74 83
79 125
84 126
70 83
74 185
2 192
60 191
188 145
89 116
120 120
92 98
35 53
189 15
168 28
38 104
192 31
187 195
134 75
33 81
49 33
41 191
104 158
13 156
11 13
83 114
43 91
105 36
175 75
87 168
110 131
171 164
106 143
121 141
176 135
74 190
104 48
144 193
90 127
35 112
190 105
43 13
38 71
153 6
174 135
184 147
129 193
148 109
27 16
77 8
4 41
59 109
192 167
75 121
192 64
141 86
48 168
171 153
62 160
55 14
140 177
192 5
161 79
170 69
161 164
64 32
148 147
192 63
193 68
197 90
10 123
80 116
194 189
144 133
76 40
134 18
48 191
125 41
168 17
123 6
104 88
103 148
49 155
119 126
52 115
192 39
101 158
67 56
127 32
135 168
27 172
62 176
14 120
70 44
115 194
8 64
30 95
155 140
191 132
171 52
116 150
57 160
99 87
73 134
12 79
43 49
171 27
183 124
175 64
64 93
128 189
100 55
151 120
41 172
116 193
63 30
61 60
25 130
170 178
26 15
125 126
102 19
55 81
143 146
107 29
32 98
59 148
19 158
108 98
60 72
181 43
56 81
194 3
114 55
41 3
165 19
67 54
12 26
154 31
176 2
40 66
109 181
36 66
28 101
29 192
59 58
150 25
29 38
125 33
117 7
13 109
10 86
84 109
77 36
155 16
24 135
33 76
180 55
156 159
9 113
51 170
102 13
116 195
107 175
170 148
135 169
85 96
83 76
20 68
174 166
117 55
124 52
69 95
89 141
22 192
167 88
18 171
81 83
141 110
5 48
104 46
160 75
144 51
194 26
108 14
187 20
12 77
75 71
150 137
75 147
195 190
140 92
46 126
190 147
68 102
155 59
104 182
195 30
189 90
89 71
186 121
49 159
192 189
46 8
193 5
50 48
30 153
14 188
39 127
6 59
52 17
158 165
195 162
173 139
87 165
88 99
12 125
181 151
194 193
5 56
100 98
87 53
2 41
125 17
16 69
133 3
102 183
79 24
82 143
174 55
34 105
15 61
13 127
172 161
55 131
136 29
113 55
116 67
185 75
150 22
49 158
98 41
34 76
95 153
146 133
99 84
102 54
183 130
172 178
49 157
160 41
157 79
49 115
91 167
14 192
197 142
180 150
108 16
71 4
178 191
161 138
149 89
161 110
61 105
50 180
132 104
125 88
113 50
103 31
165 10
138 24
21 51
12 122
162 138
102 168
113 135
65 42
107 159
104 175
68 187
17 70
195 162
90 181
35 180
66 186
21 23
97 41
18 52
89 137
148 137
97 74
91 180
178 75
183 126
170 138
152 183
168 190
88 147
56 120
194 53
164 138
88 107
119 93
186 72
39 189
154 156
119 7
137 44
142 192
70 141
65 93
182 61
123 109
180 153
153 31
87 49
150 29
78 190
82 141
114 133
84 56
41 138
193 15
65 172
177 110
172 164
176 18
127 108
58 8
32 35
102 68
107 158
161 76
163 87
6 72
176 99
146 173
183 23
64 34
145 145
187 32
181 192
165 189
28 38
90 188
38 46
154 89
96 196
14 54
122 168
144 106
16 7
85 114
160 172
9 121
83 83
164 140
40 67
182 33
63 40
189 29
71 129
163 59
82 83
120 86
75 148
77 109
75 54
157 76
196 90
83 139
39 155
134 27
150 55
138 67
180 17
56 87
11 120
164 84
130 5
192 118
159 164
142 156
19 42
70 136
133 123
109 126
47 78
183 195
146 194
45 70
9 175
153 156
105 159
103 69
123 5
151 21
179 194
131 136
163 70
124 120
10 155
194 181
6 71
170 27
156 63
128 70
83 142
188 143
116 39
98 9
55 110
160 175
51 27
189 193
80 124
133 5
30 149
75 79
120 31
57 141
64 106
31 129
99 128
35 178
18 39
112 90
195 25
21 148
83 24
19 109
50 63
109 57
31 173
171 192
152 21
57 72
30 196
24 57
195 26
164 83
112 110
117 195
51 90
167 110
123 125
8 63
7 98
60 69
91 100
153 162
29 77
173 36
17 33
53 183
51 34
121 24
193 32
186 179
24 134
98 99
89 128
144 148
92 178
146 172
73 111
185 34
182 105
20 137
154 178
25 5
38 134
57 15
1 74
141 51
4 126
88 53
39 118
193 193
132 71
144 157
17 67
138 34
114 66
192 121
31 153
62 40
114 24
146 171
191 147
13 140
72 177
28 167
121 29
111 138
40 71
21 173
88 81
89 191
70 124
55 38
18 190
177 63
128 28
4 88
166 40
43 120
192 130
169 18
32 85
82 192
147 35
145 171
71 64
88 193
76 139
160 168
87 59
71 139
100 21
22 94
124 51
194 118
153 49
126 43
145 148
15 107
126 81
68 46
2 64
159 132
5 158
175 37
36 80
6 164
191 101
111 91
74 37
31 124
41 188
169 138
118 191
87 191
107 163
126 189
120 189
161 108
121 88
105 133
80 51
178 18
78 161
51 51
103 142
147 74
179 104
105 86
133 18
136 56
131 71
42 24
119 170
60 177
143 116
63 101
68 126
14 53
163 175
60 169
93 114
150 78
197 168
77 6
38 159
83 21
167 56
46 13
137 67
70 137
18 159
14 137
190 5
24 16
28 151
112 97
142 110
33 145
3 60
117 178
110 10
38 38
164 52
3 158
178 172
14 28
184 139
182 170
45 140
147 125
94 43
159 96
80 93
51 129
101 190
14 65
10 114
69 96
179 1
72 103
115 38
121 4
72 28
180 183
162 87
93 87
93 85
52 127
93 61
107 158
101 87
76 57
194 144
101 137
13 11
187 77
105 148
172 3
185 33
177 135
120 68
136 52
61 62
57 119
154 132
26 8
114 63
26 30
101 134
172 187
31 144
167 187
75 190
103 16
170 126
11 162
52 182
181 34
48 106
162 71
133 126
98 88
162 122
87 32
170 136
182 192
17 146
137 75
57 148
101 22
145 62
136 184
134 145
62 101
82 153
187 111
31 74
118 65
62 62
11 155
51 98
80 74
94 84
176 165
123 31
40 50
57 123
52 146
107 121
81 78
193 118
80 77
100 188
107 45
154 166
117 180
170 123
54 55
139 74
82 44
193 155
42 131
163 52
166 44
190 110
60 125
55 152
169 164
182 147
110 108
66 31
4 89
76 17
120 190
112 131
157 159
187 56
59 164
82 139
14 106
129 123
182 66
51 118
146 146
62 177
32 110
46 190
115 132
119 47
180 140
189 34
56 195
54 34
94 147
97 62
192 106
149 87
46 192
162 43
123 168
132 10
157 50
138 6
50 152
56 164
196 169
147 28
40 51
53 95
123 183
152 12
113 98
192 183
187 108
192 134
39 71
150 50
19 193
83 118
27 5
161 78
77 44
63 74
75 150
166 96
139 137
187 120
119 19
60 79
16 138
26 9
105 35
179 79
114 29
150 73
18 22
154 100
70 55
87 56
191 156
117 150
96 181
72 168
96 163
140 110
50 98
177 165
15 49
91 165
97 102
129 25
139 24
132 13
62 7
9 141
59 60
112 133
194 177
13 121
146 12
179 182
39 45
105 180
38 142
76 141
183 24
183 169
174 161
105 85
67 130
132 177
129 81
120 125
125 73
167 87
84 127
5 53
176 11
2 164
31 39
41 2
131 145
76 169
124 122
146 134
56 105
171 5
102 187
13 110
120 52
121 18
22 51
92 11
109 172
39 188
80 125
192 107
163 141
27 126
129 94
59 70
118 165
118 93
75 136
89 102
180 172
72 65
103 169
136 51
119 31
19 152
11 137
150 12
158 174
106 190
52 25
119 141
31 174
23 51
121 68
178 171
98 29
151 103
60 56
90 114
56 77
27 88
196 183
156 19
142 193
146 10
87 74
50 183
2 128
104 166
53 171
2 11
176 168
35 85
176 12
156 48
67 186
104 154
194 68
154 177
50 69
158 178
191 130
188 14
123 18
181 150
139 169
51 95
139 73
90 53
95 194
147 133
153 140
108 123
43 53
89 104
180 167
52 148
13 122
125 103
15 161
175 102
72 84
188 171
6 66
77 81
53 92
48 115
35 128
129 14
154 101
190 57
109 131
85 7
194 176
188 15
109 90
8 23
194 93
73 30
18 191
76 34
88 149
100 109
130 4
102 169
1 129
136 84
29 86
171 138
95 181
52 10
188 144
24 55
86 21
157 91
155 158
158 49
120 178
87 40
3 155
180 183
179 153
15 53
127 158
40 143
173 164
114 86
33 20
104 47
174 98
35 64
139 53
85 165
8 160
178 169
168 86
125 70
13 66
153 99
13 80
76 13
68 52
101 169
161 175
31 122
65 75
94 27
26 123
59 195
109 136
89 76
18 178
57 68
76 11
174 28
187 72
157 174
13 106
80 189
17 42
170 32
141 12
74 121
83 56
21 86
110 169
60 8
168 67
34 87
163 130
91 31
4 193
6 167
47 190
66 46
56 122
38 128
115 50
123 181
147 120
31 158
147 109
93 161
90 187
180 130
144 39
155 67
155 178
40 26
62 178
95 3
59 89
181 61
91 126
16 67
136 13
1 155
48 169
16 55
55 160
6 73
114 56
67 143
169 161
7 147
51 78
50 119
161 3
150 133
80 50
20 169
30 142
121 138
77 190
52 8
4 9
127 162
190 70
192 193
97 96
137 56
117 181
185 72
181 25
7 45
193 26
78 25
65 170
15 42
37 11
89 81
187 34
86 49
27 74
160 187
104 179
112 136
3 75
77 106
5 100
101 111
113 53
35 189
95 31
157 176
145 157
27 51
56 34
19 189
28 99
144 36
174 189
26 13
26 4
32 88
73 185
103 154
186 32
50 126
54 96
35 104
80 17
186 34
68 148
28 74
189 98
83 78
195 145
104 34
57 89
50 54
25 99
133 122
92 154
39 162
95 163
12 24
70 56
13 126
11 61
190 3
33 31
147 72
57 195
94 142
14 155
166 149
103 133
185 24
172 100
31 152
37 44
108 102
87 71
20 152
51 105
147 99
23 6
75 134
25 122
190 143
132 148
141 3
72 68
116 68
37 46
91 123
78 175
174 165
115 24
188 169
174 191
138 93
84 114
190 101
28 153
106 55
102 8
169 86
73 13
12 115
5 76
164 148
49 81
190 86
105 77
84 60
142 155
113 7
187 52
170 54
12 160
138 173
116 66
123 170
192 53
50 194
28 150
130 91
141 5
133 17
116 16
78 149
130 6
32 196
179 170
39 126
21 170
95 175
7 89
166 56
50 47
89 185
46 129
24 21
163 63
120 168
77 146
179 106
191 86
152 18
100 127
194 55
19 107
119 24
62 156
135 42
101 137
143 121
19 179
36 52
91 176
25 15
107 76
59 87
151 54
138 82
43 38
36 38
151 23
41 140
51 92
82 164
164 175
125 31
145 77
176 4
90 141
46 83
17 35
92 188
120 57
133 120
88 166
112 97
35 63
176 51
119 43
179 54
105 139
43 42
86 60
182 90
54 92
7 48
42 121
110 97
65 24
30 128
48 70
85 118
92 101
142 184
175 188
24 93
92 1
20 87
143 63
88 148
121 112
6 65
57 13
123 17
68 98
70 119
148 40
64 96
196 141
10 171
58 191
52 160
127 28
29 153
153 183
54 33
192 157
24 56
51 17
168 175
79 26
172 192
154 123
68 16
18 170
176 126
92 104
23 146
140 57
118 26
166 114
90 52
5 155
105 78
60 166
72 136
69 179
134 151
115 192
88 9
29 151
193 73
10 126
56 37
156 192
15 62
76 176
140 120
133 148
9 160
154 8
91 11
20 35
99 99
165 188
148 20
33 57
8 175
41 45
72 155
10 191
158 175
124 42
139 5
146 72
94 138
121 125
136 24
159 166
63 158
189 73
100 97
158 59
11 9
50 36
75 84
32 172
68 56
20 177
52 48
138 170
38 121
181 138
32 106
177 90
54 134
47 103
30 79
158 110
28 100
31 111
143 147
67 120
18 192
59 110
37 40
85 12
40 28
102 66
136 161
186 72
114 52
131 175
192 23
105 33
193 119
106 45
139 175
174 16
163 120
138 73
87 26
72 170
3 71
153 130
72 154
159 132
5 99
184 181
134 161
116 163
156 45
51 172
78 51
101 166
99 74
13 28
149 111
21 55
84 161
120 53
125 42
115 164
17 150
126 193
40 29
65 189
121 109
102 78
81 86
47 30
161 132
22 6
132 111
150 142
56 191
115 150
197 176
56 86
31 108
48 170
76 179
12 117
87 38
136 185
116 63
138 92
167 100
164 105
140 118
67 147
94 28
70 88
56 38
183 138
151 56
82 175
115 131
89 126
19 87
13 107
21 152
38 13
175 55
17 179
120 159
6 117
135 154
161 85
88 191
8 62
46 65
185 38
194 155
169 162
5 195
57 158
139 52
30 53
94 88
145 125
179 68
56 81
89 124
28 86
114 137
68 156
130 145
103 65
142 104
196 41
19 41
155 186
56 160
49 28
123 143
90 76
166 41
183 196
56 69
57 144
28 51
70 53
29 193
119 136
122 108
27 130
47 49
162 4
104 45
144 156
42 38
146 7
159 64
160 33
4 83
36 54
40 11
87 30
9 188
89 152
73 107
104 15
25 184
63 44
94 152
71 13
116 65
125 20
72 30
80 76
51 106
125 38
65 30
13 162
96 175
133 145
87 25
65 32
43 153
121 26
25 4
24 4
50 95
16 27
65 132
39 147
101 176
67 119
124 50
24 101
14 79
29 196
95 180
50 7
65 22
125 43
67 15
121 7
10 161
27 99
119 147
85 152
75 51
33 79
20 162
10 46
19 86
125 24
31 169
12 98
88 30
74 161
75 53
65 21
2 59
6 171
105 135
18 134
34 66
3 191
89 98
68 120
67 13
9 90
37 127
119 8
56 131
38 188
76 190
45 17
41 154
88 192
60 197
40 158
121 31
80 15
130 161
52 38
50 76
123 86
3 76
123 105
27 75
8 125
102 5
102 22
12 11
82 118
10 45
63 31
124 41
108 170
2 70
28 32
6 17
86 71
51 174
74 111
16 64
133 93
69 44
28 129
51 55
61 172
119 177
89 31
32 62
2 43
25 21
74 171
1 128
34 80
84 122
130 100
39 144
134 14
84 166
95 149
82 190
32 89
121 136
130 194
135 27
105 132
93 118
100 133
43 138
100 137
19 36
89 42
76 42
17 100
117 8
16 142
93 115
110 110
42 1
104 176
40 68
29 184
108 33
87 69
59 168
108 36
64 146
133 158
43 117
54 133
33 169
52 36
103 67
28 182
30 88
110 162
53 36
64 132
2 74
7 61
26 184
6 98
82 191
78 150
127 63
100 20
90 33
10 162
119 30
109 102
9 41
104 19
92 185
78 176
82 78
129 92
26 24
73 5
31 34
119 91
75 165
94 140
56 192
66 23
19 187
6 46
36 76
90 138
104 169
1 88
73 81
69 154
53 170
44 69
115 188
68 93
73 168
62 128
103 134
53 141
131 98
72 29
50 83
86 116
38 151
12 95
31 127
54 182
35 184
56 167
30 184
42 92
75 40
134 177
100 22
102 146
51 14
119 25
55 49
39 154
18 42
42 17
11 8
78 179
83 27
90 69
116 55
31 196
41 1
110 136
16 24
15 67
133 153
72 18
37 112
65 147
110 135
134 178
113 38
39 184
93 152
86 110
86 7
100 168
69 177
127 107
46 14
40 134
122 106
53 118
60 20
119 176
17 25
8 114
114 189
26 178
40 53
58 146
67 53
25 92
33 33
93 150
9 149
94 114
118 178
116 38
16 177
51 194
3 41
99 5
134 57
70 128
91 2
93 62
104 31
70 45
17 53
105 160
8 147
116 30
117 190
119 76
74 16
47 117
106 12
93 195
10 189
22 95
3 61
24 137
107 118
82 181
130 60
107 75
82 41
94 118
106 187
48 172
93 75
88 170
113 110
87 110
123 91
66 21
71 106
118 55
127 81
128 162
20 32
20 19
34 65
134 146
46 30
88 154
70 116
25 113
7 76
37 188
58 132
59 119
117 145
123 160
28 104
48 13
14 97
25 101
106 158
47 167
76 30
119 178
109 45
132 178
34 104
5 74
134 103
21 6
72 105
96 77
13 157
132 75
124 179
8 41
52 169
110 127
99 97
2 61
46 63
91 69
41 189
17 65
60 176
88 101
60 164
8 162
50 25
120 54
107 122
73 35
78 147
52 126
112 127
28 23
86 43
57 193
98 95
91 149
90 84
127 189
31 171
24 122
1 156
118 24
108 13
39 109
124 177
104 13
68 144
134 13
87 169
123 145
31 177
89 115
111 93
9 125
131 73
94 196
91 91
16 42
36 192
48 17
77 187
95 182
56 119
32 142
68 147
101 103
21 1
78 28
50 55
106 175
99 86
119 65
82 115
97 61
76 71
85 21
52 119
92 99
29 177
100 190
36 144
96 88
52 156
74 15
115 20
33 174
48 44
48 55
39 181
14 9
3 178
32 33
47 6
77 163
130 178
100 187
12 174
73 139
131 72
16 106
64 128
125 71
94 141
48 9
58 134
84 115
14 191
108 103
101 183
7 113
42 151
8 100
42 141
88 104
122 47
103 55
134 109
88 12
97 98
59 147
98 126
77 82
108 100
17 51
56 121
27 180
94 193
17 19
85 41
2 44
28 123
117 6
91 75
124 160
12 191
103 22
33 62
22 92
44 83
131 70
118 148
8 172
75 57
101 156
119 45
1 82
55 146
22 190
120 138
50 78
82 117
33 94
120 93
82 76
8 101
36 14
38 80
17 85
126 136
41 155
73 141
132 167
7 54
89 60
90 136
66 93
110 49
76 124
23 145
97 85
90 30
112 42
129 162
6 74
2 178
103 146
6 76
112 108
23 138
51 104
128 24
3 156
52 190
118 189
49 55
79 13
64 168
10 87
14 127
28 115
56 110
18 189
28 41
93 15
36 178
71 177
7 149
31 30
58 68
51 173
39 111
86 27
21 22
102 134
29 49
34 62
121 8
81 114
130 136
54 17
36 67
100 52
113 136
24 124
100 75
48 49
114 195
37 80
77 111
101 177
38 76
18 96
112 99
50 154
55 109
13 108
126 50
77 141
83 152
24 105
10 175
106 67
5 179
40 90
121 127
85 97
18 162
128 136
105 190
113 138
111 88
110 86
3 45
120 64
133 151
127 54
102 132
8 29
20 55
97 99
95 2
26 33
48 167
113 131
126 24
12 78
44 55
17 40
24 22
77 5
101 109
29 10
25 17
51 28
35 108
78 125
112 44
102 15
36 43
119 28
51 119
82 161
87 164
3 164
110 46
4 56
127 59
132 14
86 12
43 55
111 136
36 182
93 180
87 23
77 188
117 31
109 158
46 64
122 122
102 77
101 179
13 101
18 32
79 17
75 159
127 104
134 29
88 70
31 125
35 181
104 54
114 7
43 40
8 33
120 75
107 49
41 169
31 31
27 122
115 55
119 67
125 78
49 70
101 180
60 104
20 179
9 136
31 67
46 170
5 167
71 88
18 84
129 189
128 41
92 69
47 25
94 42
59 167
108 57
4 90
97 63
6 147
24 24
118 52
123 138
68 106
95 195
127 34
15 159
15 136
18 97
130 102
122 8
128 160
105 49
88 124
105 178
32 78
80 123
75 146
101 175
119 70
28 113
75 34
40 161
73 171
2 167
110 102
106 68
69 116
51 76
27 39
9 162
41 134
92 4
104 5
11 62
30 122
55 53
36 184
58 74
82 189
81 26
91 137
49 63
54 38
48 190
64 104
94 41
100 105
84 152
70 156
62 170
110 33
38 66
53 119
114 150
21 149
106 13
104 167
101 186
94 1
34 20
15 80
47 70
87 33
8 59
53 156
72 88
117 179
128 72
24 5
21 19
62 61
83 141
125 120
14 13
96 182
122 183
28 105
133 16
62 129
64 102
32 86
96 78
4 80
6 116
115 17
10 137
88 40
15 6
86 163
81 194
13 125
46 66
69 83
93 88
114 69
45 30
90 147
14 11
90 104
21 145
16 25
60 119
105 32
21 21
108 158
37 189
118 16
42 132
109 97
28 33
90 50
52 47
30 124
108 171
28 117
55 134
97 78
115 16
34 79
102 74
9 13
9 18
37 121
75 139
123 43
86 117
91 42
68 92
18 137
23 57
21 87
10 43
106 118
75 37
24 138
15 65
21 5
77 186
130 148
134 101
120 90
39 66
78 174
61 169
88 75
102 167
61 5
25 94
114 44
52 193
134 42
17 87
89 100
67 126
41 49
51 89
127 74
109 180
101 102
57 146
116 52
96 142
105 71
93 76
135 24
43 93
101 132
133 166
69 54
98 31
67 97
21 147
97 64
29 76
28 53
4 180
89 53
119 66
122 44
69 56
130 104
65 188
65 96
35 191
105 65
102 16
14 99
6 100
93 91
64 101
31 184
95 116
97 84
59 105
76 50
92 186
18 147
98 42
42 160
96 43
116 26
73 187
126 190
59 123
108 169
94 143
104 118
6 12
72 85
116 43
2 76
120 145
21 169
63 157
42 13
57 81
130 103
90 42
93 12
97 177
8 30
69 42
132 145
102 159
52 183
90 49
9 43
68 17
110 163
44 40
90 11
109 169
55 107
123 87
82 166
39 11
117 182
88 74
110 57
6 61
80 141
26 126
104 52
82 114
39 78
89 33
57 121
57 16
126 28
92 177
21 172
123 20
8 192
97 44
23 147
72 169
18 150
64 30
52 152
122 42
51 88
15 155
84 123
62 23
134 26
77 176
47 65
112 86
80 24
64 173
105 137
36 161
8 190
24 116
16 6
14 8
48 181
131 94
3 72
81 25
56 125
124 39
104 168
62 96
124 123
56 196
123 92
30 177
77 139
20 33
109 123
110 9
110 171
28 5
114 65
81 93
91 169
72 27
13 97
78 165
50 115
19 40
54 141
37 192
80 115
131 68
122 107
61 56
29 194
88 110
96 75
61 21
5 71
132 175
126 34
66 41
61 170
11 64
115 42
126 31
47 127
12 61
134 110
63 93
40 144
89 142
54 156
87 12
51 65
122 43
61 8
41 38
97 33
115 161
54 183
96 160
132 91
132 98
33 35
101 78
113 40
27 33
88 153
62 132
52 88
95 29
40 170
81 189
17 97
54 146
49 119
113 133
121 27
43 2
14 138
38 170
52 129
106 147
76 16
94 33
66 32
12 120
86 108
95 179
60 121
38 110
51 131
56 197
40 93
128 158
37 155
80 139
31 145
72 106
52 179
70 71
93 93
52 144
90 124
108 87
25 115
124 92
117 29
5 194
37 117
56 193
31 96
30 76
124 93
16 110
130 98
5 9
119 145
92 74
63 46
6 60
65 128
87 84
26 182
12 175
56 156
40 155
47 83
96 61
102 55
114 87
65 171
132 11
8 61
133 102
117 20
114 30
51 36
69 98
122 76
34 57
1 80
45 125
132 73
54 91
87 81
100 6
48 68
17 98
1 158
49 179
108 49
129 26
63 173
123 169
26 169
46 17
19 110
20 53
115 26
114 149
88 69
14 50
118 68
1 127
77 84
95 193
30 30
37 14
87 41
12 127
5 102
98 136
36 77
69 13
84 117
113 122
122 4
18 65
102 189
130 190
29 195
103 190
57 153
114 31
108 183
120 79
6 174
118 107
121 171
20 69
52 96
83 94
90 74
58 77
96 141
3 73
15 41
68 154
68 13
128 12
3 9
111 102
7 71
89 30
28 88
76 148
86 166
83 155
14 55
49 10
109 91
90 91
132 166
8 66
133 98
131 92
9 49
116 188
89 118
15 51
75 68
116 25
88 185
60 156
58 141
124 54
56 143
90 185
112 87
5 191
40 12
58 106
81 181
119 181
86 50
105 155
129 9
33 32
64 38
17 109
6 64
131 12
128 78
60 77
48 51
21 138
53 28
91 40
123 137
100 19
30 86
132 170
49 118
28 118
20 57
24 17
85 42
114 138
57 169
108 118
127 191
68 146
87 11
70 38
34 78
14 162
125 127
77 159
130 94
40 132
20 65
100 136
86 72
56 169
102 90
108 34
26 130
95 88
124 88
122 181
36 111
75 67
126 194
84 12
9 12
48 53
113 52
134 15
69 180
46 42
29 159
59 146
83 175
2 42
88 42
54 132
54 181
50 156
30 126
80 142
110 93
38 178
100 166